jd mag magerr filt field flux fluxerr adjflux
2458329 22.315 2.533 zg 404 4.305526324594957 10.044703430174868 -1.471385453604256
2458345 21.653 0.356 zg 404 7.921843326086533 2.597478293279406 2.14493154788732
2458345 21.53 0.363 zg 404 8.87209633683181 2.9662554828291805 3.095184558632597
2458346 22.567 1.089 zg 404 3.413707048925764 3.423968879354368 -2.363204729273449
2458347 21.687 0.279 zg 404 7.677613561360536 1.9729048126351993 1.900701783161323
2458348 22.344 0.502 zg 404 4.192048020541699 1.9382314940678742 -1.584863757657514
2458348 21.398 0.223 zg 404 10.019043193473365 2.0578171956992866 4.2421314152741525
2458349 22.043 0.51 zg 404 5.531287710296088 2.5981971678649436 -0.2456240679031252
2458351 21.803 0.285 zg 404 6.899637102357908 1.8111181754412067 1.1227253241586954
2458351 22.357 0.461 zg 404 4.142154071920219 1.7587449131629627 -1.634757706278994
2458352 22.987 0.827 zg 404 2.318602228321272 1.7660680692220738 -3.458309549877941
2458360 23.154 3.983 zg 404 1.988045175567983 7.293101123077372 -3.78886660263123
2458361 21.142 0.518 zg 404 12.683124304932674 6.051063196717014 6.906212526733461
2458364 21.956 0.685 zg 404 5.992751218903412 3.780876576611278 0.21583944070419925
2458364 21.805 0.683 zg 404 6.886939199917679 4.332340998605311 1.110027421718466
2458365 21.711 0.365 zg 404 7.509763303588238 2.524612879074376 1.7328515253890249
2458366 22.464 0.646 zg 404 3.7534120930849726 2.2332351095108285 -2.02349968511424
2458367 21.632 0.251 zg 404 8.07655674849942 1.8671347008502492 2.299644970300208
2458367 21.86 0.313 zg 404 6.546757417061098 1.8873231477038308 0.7698456388618853
2458368 22.264 0.367 zg 404 4.512593867978965 1.525344685284043 -1.2643179102202478
2458369 21.485 0.235 zg 404 9.247540647136297 2.0015654286495397 3.4706288689370846
2458370 22.783 0.81 zg 404 2.79786173650249 2.0873099714602183 -2.979050041696723
2458370 22.367 0.528 zg 404 4.104178575126195 1.9958865497622207 -1.672733203073018
2458371 22.887 0.832 zg 404 2.5422967888832724 1.948162840182792 -3.2346149893159404
2458372 21.959 0.313 zg 404 5.976215490829291 1.7228452366532931 0.19930371263007807
2458373 22.412 0.536 zg 404 3.9375515168302444 1.9438677680377947 -1.8393602613689684
2458373 22.109 0.417 zg 404 5.205066098243814 1.9991159486582633 -0.5718456799553984
2458374 22.868 0.786 zg 404 2.5871776386754832 1.8729426310803918 -3.1897341395237295
2458375 22.187 0.393 zg 404 4.844246664621171 1.7534544126399736 -0.9326651135780422
2458376 22.653 0.541 zg 404 3.153742632116413 1.571445031028569 -2.6231691460828
2458376 22.755 0.573 zg 404 2.870954098267363 1.515153212260864 -2.90595767993185
2458377 21.509 0.213 zg 404 9.045368179223383 1.7745225900464332 3.26845640102417
2458378 22.761 0.746 zg 404 2.855132376901516 1.9617368784741018 -2.9217794012976968
2458379 22.043 0.369 zg 404 5.531287710296088 1.8798720685140475 -0.2456240679031252
2458379 21.368 0.195 zg 404 10.29973969452374 1.8498501124216944 4.522827916324528
2458382 21.56 0.208 zg 404 8.630307080734916 1.65335176714749 2.853395302535703
2458382 22.169 0.432 zg 404 4.92522696952354 1.9596823256972984 -0.8516848086756728
2458383 22.507 0.717 zg 404 3.607665380630827 2.3824351316428136 -2.1692463975683856
2458384 21.686 1.022 zg 1449 7.684688162249006 7.2335722686599295 0.39998670435874306
2458385 21.217 0.603 zg 404 11.836580305121235 6.573841687058897 6.059668526922022
2458387 21.698 1.222 zg 404 7.600221489817688 8.554076597847445 1.8233097116184753
2458388 20.993 0.51 zg 1449 14.548769018356095 6.833954847268394 7.264067560465833
2458388 22.156 1.259 zg 404 4.98455335311525 5.779997612744351 -0.7923584250839628
2458422 22.051 0.758 zg 404 5.490681458962915 3.83328521942496 -0.2862303192362976
2458425 21.639 0.247 zg 404 8.024652761294895 1.8255716474715802 2.2477409830956825
2458428 21.692 0.242 zg 404 7.642338131309847 1.7034025573357259 1.8654263531106343
2458430 21.896 0.311 zg 1449 6.333244416498633 1.8141045724544604 -0.9514570413916301
2458434 22.435 0.783 zg 404 3.8550165681885673 2.7801209535644777 -1.9218952100106454
2458437 21.671 0.37 zg 404 7.7915928235401495 2.6552392119521144 2.0146810453409367
2458441 20.957 0.419 zg 404 15.039252429908434 5.803846957038163 9.26234065170922
2458443 21.718 1.175 zg 1449 7.46150181412478 8.074949138819322 0.1768003562345175
2458450 21.716 1.053 zg 404 7.47525907541942 7.249871351734264 1.6983472972202076
2458462 20.828 0.29 zg 404 16.93660071014921 4.523763861257105 11.159688931949997
2458487 21.552 0.297 zg 404 8.694132385666915 2.378254779777104 2.9172206074677023
2458493 21.656 0.302 zg 404 7.899984676811564 2.197398743766289 2.1230728986123513
2458494 22.923 1.003 zg 404 2.459383465365252 2.271971409768794 -3.3175283128339608
2458494 21.873 0.363 zg 1449 6.4688376087469655 2.162761121609882 -0.8158638491432972
2458495 21.336 0.342 zg 1449 10.607822617548601 3.3413966664304127 3.3231211596583385
2458539 22.371 0.686 zg 404 4.089086041022466 2.5836045734205855 -1.6878257371767464
2458694 23.033 1.467 zg 404 2.2224205741586376 3.0028389658582126 -3.554491204040575
2458698 22.436 0.959 zg 404 3.85146760132582 3.401892111071564 -1.925444176873393
2458701 22.832 7.327 zg 404 2.6743992938484 18.04796002947373 -3.1025124843508127
2458705 22.72 0.838 zg 404 2.9650105904030544 2.288473815157775 -2.8119011877961584
2458715 21.586 0.751 zg 404 8.426093014065696 5.828299568377231 2.6491812358664832
2458720 22.796 2.017 zg 404 2.764561457248289 5.1357967385015 -3.0123503209509237
2458722 21.516 0.264 zg 404 8.987238125927853 2.1852737845962382 3.21032634772864
2458725 21.631 0.27 zg 404 8.083998958906607 2.010322313412236 2.307087180707394
2458730 22.392 0.698 zg 404 4.01075606506272 2.578441909872047 -1.7661557131364924
2458732 21.486 0.292 zg 404 9.239027268597429 2.484761906812751 3.462115490398216
2458734 21.777 0.384 zg 1449 7.066856114640652 2.4993849667438677 -0.21784534324961058
2458734 21.812 0.386 zg 1449 6.842680289190962 2.4327038004743624 -0.4420211686993003
2458735 21.856 0.396 zg 404 6.570921046438073 2.3966086080450326 0.7940092682388604
2458738 21.7 0.586 zg 404 7.586234251131023 4.094487456235389 1.80932247293181
2458743 22.746 3.959 zg 1449 2.894851224725877 10.555709525448552 -4.389850233164386
2458743 20.63 0.585 zg 1449 20.32479851028742 10.951101267887525 13.040097052397156
2458744 21.785 1.409 zg 404 7.014976959088445 9.103594862213804 1.2380651808892322
2458749 21.677 0.429 zg 1449 7.748653644984636 3.0616759385295973 0.4639521870943737
2458749 21.601 0.395 zg 1449 8.310482683793445 3.0234237798394945 1.0257812259031827
2458750 21.97 0.622 zg 404 5.915973894514829 3.3891618850528813 0.13906211631561582
2458752 21.75 0.331 zg 1449 7.244797465651983 2.20866537435308 -0.039903992238279784
2458752 21.592 0.315 zg 1449 8.37965712853492 2.4311540721592904 1.0949556706446568
2458756 21.567 0.292 zg 404 8.57484441734521 2.306135283038284 2.797932639145997
2458758 21.89 0.378 zg 1449 6.368340102187432 2.2171431219456395 -0.916361355702831
2458758 21.63 0.303 zg 1449 8.091448027000487 2.2581072100541375 0.8067465691102242
2458760 21.798 0.358 zg 1449 6.931484380219466 2.285519629209904 -0.3532170776707968
2458760 22.823 0.938 zg 1449 2.6966603457280613 2.32972557533569 -4.588041112162202
2458763 21.623 0.301 zg 404 8.143784050421361 2.257711392909573 2.3668722722221487
2458766 23.167 2.083 zg 404 1.9643833703212437 3.7686967998738585 -3.812528407877969
2458766 21.722 0.672 zg 1449 7.434063200396486 4.601200962787581 0.14936174250622347
2458766 21.661 0.641 zg 1449 7.86368754429227 4.642586011041467 0.5789860864020069
2458768 21.255 0.673 zg 1449 11.42947412850186 7.084627052844127 4.144772670611598
2458768 20.598 0.366 zg 1449 20.932748178983413 7.056397124764449 13.64804672109315
2458770 22.106 1.868 zg 404 5.2194681153297875 8.980050952255068 -0.5574436628694253
2458775 21.113 0.445 zg 404 13.026455161155598 5.339024821416538 7.249543382956385
2458781 23.14 1.574 zg 404 2.013845963750173 2.91948774762366 -3.76306581444904
2458790 21.474 0.273 zg 404 9.341707156404139 2.3489002600465554 3.564795378204926
2458793 21.674 0.387 zg 404 7.770093572947514 2.76957349267041 1.9931817947483008
2458796 22.203 1.728 zg 404 4.773382635512608 7.59706193642432 -1.003529142686605
2458801 21.049 1.572 zg 404 13.817397414848331 20.005733106210982 8.04048563664912
2458811 21.549 0.369 zg 404 8.718188380500205 2.962977100981203 2.9412766023009924
2458814 21.451 0.436 zg 404 9.541710789784549 3.8316728189724802 3.7647990115853363
2458820 20.065 0.529 zg 404 34.20001124974424 16.663169075351075 28.42309947154503
2458846 21.876 0.36 zg 404 6.450988221087315 2.1389687010656395 0.6740764428881025
2458850 21.975 0.631 zg 404 5.888792463510262 3.422404105334918 0.111880685311049
2458853 24.023 11.537 zg 404 0.8929481645385638 9.48844012858205 -4.883963613660649
2458862 21.715 0.267 zg 404 7.482147215083372 1.8399803724628465 1.7052354368841591
2458867 22.666 0.831 zg 1449 3.1162066420511305 2.385080011328691 -4.168494815839132
2458867 21.45 0.277 zg 1449 9.550503078572131 2.436585738939984 2.2658016206818683
2458871 22.386 0.789 zg 404 4.032981677241399 2.9307510695494643 -1.7439301009578134
2458872 21.736 0.305 zg 404 7.3388202208345 2.061587480960129 1.5619084426352874
2458873 22.332 0.566 zg 404 4.238637234743149 2.2096239071249038 -1.5382745434560636
2458875 22.071 0.399 zg 404 5.390465228114798 1.9809559786181574 -0.38644655008441475
2458876 22.485 0.624 zg 1449 3.681512241609885 2.1158580037186216 -3.6031892162803776
2458876 21.881 0.34 zg 1449 6.4213486225412195 2.010855419664652 -0.8633528353490432
2458876 21.634 0.299 zg 404 8.061692875497956 2.220102967194381 2.284781097298743
2458876 21.877 0.368 zg 404 6.445049376720878 2.1844884238355546 0.6681375985216649
2458877 23.299 1.684 zg 404 1.7395072730411654 2.6980128644175516 -4.037404505158047
2458877 21.794 0.389 zg 404 6.957068010240556 2.492593913810272 1.1801562320413437
2458879 21.29 0.382 zg 1449 11.066906707339205 3.8937251458289115 3.7822052494489427
2458879 21.59 0.503 zg 1449 8.395107253127565 3.88928630160571 1.1104057952373019
2458879 20.658 0.216 zg 404 19.8073442164662 3.9405394533286278 14.030432438266985
2458880 22.766 1.312 zg 404 2.842014235223518 3.4342805004314165 -2.934897542975695
2458887 23.24 4.96 zg 404 1.8366493477333097 8.390418155749547 -3.940262430465903
2458891 23.659 2.503 zg 404 1.248608390213962 2.878477098773515 -4.52830338798525
2458892 22.061 0.575 zg 404 5.440342588770867 2.88117590150742 -0.3365691894283458
2458893 22.126 0.512 zg 404 5.124202085883425 2.4164170417037663 -0.6527096923157876
2458895 21.703 0.405 zg 404 7.565301644036008 2.8219996279088275 1.7883898658367956
2458896 23.022 1.425 zg 404 2.2450511951614707 2.9465702065427433 -3.531860583037742
2458898 21.308 0.259 zg 404 10.884945249515606 2.5965799125696267 5.108033471316394
2458898 21.537 0.307 zg 404 8.815079814929689 2.4925294849003254 3.038168036730476
2458899 23.028 1.28 zg 404 2.2326788014393477 2.6321576579266845 -3.544232976759865
2458900 21.154 0.266 zg 404 12.54371704683031 3.0731486339263845 6.766805268631097
2458904 22.534 0.938 zg 404 3.5190565748126112 3.0402182894044403 -2.2578552033866015
2458914 19.674 1.073 zg 404 49.02597607149588 48.4508779334976 43.24906429329667
2458915 21.768 1.661 zg 404 7.125678913074666 10.901131069175026 1.3487671348754535
2459084 22.006 0.399 zg 1449 5.723032983923687 2.103172161505148 -1.5616684739665754
2459084 21.29 0.214 zg 1449 11.066906707339205 2.1813015214853064 3.7822052494489427
2459084 21.728 0.308 zg 404 7.393094354310178 2.0972617944842327 1.6161825761109654
2459088 21.423 0.295 zg 404 9.790981927026147 2.6602591456514535 4.014070148826934
2459091 22.609 1.004 zg 1449 3.2841746831917895 3.0369360139916326 -4.000526774698473
2459091 21.815 0.473 zg 1449 6.823799361812654 2.972782047787026 -0.4609020960776089
2459091 23.202 1.88 zg 404 1.902068918689904 3.2935160045930534 -3.8748428595093087
2459092 22.354 1.481 zg 1449 4.153615093277229 5.665744520800938 -3.131086364613034
2459092 20.914 0.398 zg 404 15.646825851544309 5.735681154983616 9.869914073345097
2459107 21.863 1.0 zg 1449 6.5286930261892655 6.013148495535036 -0.7560084317009972
2459107 21.637 0.907 zg 1449 8.039448341003379 6.715977245056926 0.7547468831131159
2459111 23.015 1.081 zg 404 2.2595723354492114 2.2497156159260046 -3.5173394427500013
2459114 22.113 0.514 zg 404 5.185925206549651 2.455076605610966 -0.5909865716495615
2459120 21.717 0.345 zg 404 7.468377277045862 2.3731272378034145 1.6914654988466493
2459120 21.802 0.788 zg 1449 6.905994830366012 5.012197163988578 -0.37870662752425055
2459120 21.846 0.844 zg 404 6.631721030299674 5.155186430224838 0.8548092521004609
2459121 20.961 0.407 zg 1449 14.983947713985835 5.616895423461352 7.699246256095572
2459121 21.546 0.667 zg 404 8.742310936418804 5.3706612794498705 2.965399158219591
2459122 20.923 0.481 zg 1449 15.517660603653573 6.874593218543477 8.23295914576331
2459122 21.471 0.861 zg 1449 9.367554940762592 7.42856761030028 2.082853482872329
2459122 21.931 1.172 zg 404 6.1323403267858065 6.619566365656972 0.3554285485865938
2459128 19.296 0.27 zg 404 69.4426441353632 17.268940498051194 63.66573235716398
2459129 25.293 18.971 zg 1449 0.2772210785919821 4.843866363598035 -7.007480379298281
2459129 21.832 0.813 zg 1449 6.717787298656605 5.030283645210576 -0.566914159233658
2459130 21.115 0.304 zg 1449 13.002481631196721 3.6406213577121735 5.717780173306458
2459130 21.382 0.41 zg 1449 10.167782530483587 3.839598255293472 2.883081072593324
2459130 23.559 2.886 zg 404 1.3690718753910485 3.6391357450024113 -4.407839902808164
2459134 22.513 0.793 zg 404 3.5877836707602304 2.620445406945485 -2.1891281074389823
2459135 21.91 0.347 zg 1449 6.2521047957741755 1.9981652583989646 -1.0325966621160871
2459135 21.727 0.322 zg 1449 7.39990678260828 2.1946122580767016 0.11520532471801737
2459136 21.641 0.254 zg 404 8.00988441096455 1.873853548835305 2.232972632765338
2459136 21.786 0.288 zg 1449 7.008518901041124 1.8590643239620959 -0.2761825568491387
2459136 21.579 0.221 zg 1449 8.48059354349616 1.72621228333283 1.195892085605898
2459139 21.97 0.489 zg 404 5.915973894514829 2.664469713490127 0.13906211631561582
2459141 22.401 0.455 zg 404 3.9776470941897415 1.6669145045775737 -1.7992646840094713
2459144 22.101 0.374 zg 404 5.243560085514928 1.8062319957539386 -0.5333516926842847
2459145 21.565 0.205 zg 404 8.590654421570763 1.6220184504341226 2.8137426433715502
2459145 22.073 0.292 zg 404 5.38054476410216 1.4470541409898274 -0.396367014097053
2459149 22.846 1.878 zg 404 2.6401356952727246 4.5666477860768335 -3.136776082926488
2459150 22.975 2.376 zg 404 2.3443705056248274 5.130366194802792 -3.4325412725743853
2459151 21.693 1.105 zg 404 7.635302518284019 7.7707727215225 1.8583907400848059
2459151 22.176 1.724 zg 404 4.893575001294252 7.770325116965869 -0.8833367769049607
2459152 22.639 2.526 zg 404 3.1946718054734164 7.4325061145248945 -2.5822399727257963
2459155 21.758 1.332 zg 404 7.191612008276373 8.822794296666292 1.4147002300771598
2459155 21.9 1.264 zg 404 6.309954809188985 7.34596750468651 0.5330430309897727
2459156 21.918 1.312 zg 404 6.206206887005847 7.499559653687329 0.4292951088066346
2459157 21.767 0.898 zg 404 7.132244929189765 5.898998226589675 1.3553331509905524
2459158 22.643 2.041 zg 404 3.1829238534065656 5.9833572430699205 -2.593987924792647
2459165 22.182 0.435 zg 404 4.866606691281885 1.9498050276210697 -0.9103050869173277
2459165 23.003 0.952 zg 404 2.2846845715266766 2.003267186413782 -3.492227206672536
2459166 21.828 0.3 zg 404 6.742582187511876 1.8630443079902437 0.9656704093126631
2459167 21.674 0.319 zg 404 7.770093572947514 2.282930088273542 1.9931817947483008
2459168 22.164 0.436 zg 404 4.947960784288364 1.9869567695131924 -0.8289509939108486
2459169 21.684 0.331 zg 404 7.698856926882386 2.3470909707443735 1.9219451486831733
2459169 22.359 0.621 zg 404 4.134530965441199 2.3647951668987206 -1.642380812758014
2459171 22.176 0.398 zg 404 4.893575001294252 1.7938453576290116 -0.8833367769049607
2459171 21.993 0.355 zg 404 5.791969268934122 1.893783297877281 0.015057490734909251
2459174 23.154 2.392 zg 404 1.988045175567983 4.379888999849629 -3.78886660263123
2459176 22.724 0.757 zg 404 2.9541071848531884 2.059670782952326 -2.8228045933460244
2459184 21.97 1.671 zg 404 5.915973894514829 9.104967057754607 0.13906211631561582
2459193 22.068 0.37 zg 404 5.405380230316759 1.8420594951632294 -0.3715315478824541
2459198 21.422 0.308 zg 404 9.800003908776858 2.780050246713183 4.023092130577646
2459200 21.768 0.317 zg 404 7.125678913074666 2.080468723015342 1.3487671348754535
2459202 22.417 0.764 zg 404 3.919460110953541 2.758006513594696 -1.8574516672456718
2459204 21.52 0.28 zg 404 8.954188833497874 2.309191553520986 3.177277055298661
2459218 23.021 1.025 zg 404 2.2471199162624926 2.121415776755978 -3.52979186193672
2459220 22.185 0.543 zg 404 4.853178320580126 2.4271787350612217 -0.923733457619087
2459228 22.088 0.732 zg 404 5.306720922354378 3.5777748758306935 -0.47019085584483467
2459230 21.536 0.343 zg 404 8.823202543560393 2.7873791618797497 3.0462907653611806
2459232 21.786 0.353 zg 404 7.008518901041124 2.278644813745208 1.2316071228419112
2459248 22.244 0.579 zg 404 4.5964892517091815 2.45120984736112 -1.1804225264900312
2459249 21.021 0.491 zg 404 14.178368150935388 6.4118509925347045 8.401456372736174
2459251 23.178 1.097 zg 404 1.9445819441204515 1.9647556960443737 -3.8323298340787613
2459251 21.53 0.273 zg 404 8.87209633683181 2.230820239152524 3.095184558632597
2459253 22.476 0.784 zg 404 3.712156257705236 2.6805134555582426 -2.0647555204939767
2459255 21.976 0.419 zg 404 5.883371182188941 2.2704709620384507 0.10645940398972797
2459255 21.388 0.222 zg 404 10.111748258739944 2.067544679455859 4.334836480540731
2459257 22.346 0.856 zg 404 4.18433309061134 3.2989496987081 -1.5925786875878725
2459262 23.646 3.308 zg 404 1.2636483915726764 3.8500593984094227 -4.513263386626536
2459264 22.428 1.222 zg 404 3.8799510714724468 4.366898873373716 -1.896960706726766
2459268 22.407 1.575 zg 404 3.955726428842315 5.738289925419378 -1.821185349356898
2459276 22.216 0.99 zg 404 4.716569615528109 4.3006799431663385 -1.0603421626711036
2459280 24.556 5.889 zg 404 0.546545406920324 2.964445587471959 -5.230366371278889
2459434 23.263 1.644 zg 404 1.7981513728014171 2.7227247686228506 -3.9787604053977956
2459436 22.155 0.598 zg 404 4.989146411270442 2.7479138494827695 -0.7877653669287712
2459440 21.85 0.51 zg 404 6.607333817612846 3.1036454639856395 0.8304220394136337
2459453 20.983 0.441 zg 404 14.683387120638924 5.964039599880794 8.906475342439713
2459456 21.232 0.399 zg 404 11.674176334967482 4.290173190540047 5.8972645567682695
2459460 22.065 0.432 zg 404 5.420336501181328 2.156679825401946 -0.3565752770178845
2459463 22.397 0.623 zg 404 3.9923283148389186 2.2908147754902646 -1.7845834633602942
2459465 21.185 0.198 zg 404 12.19063277316168 2.223141568373623 6.413720994962467
2459468 22.093 0.375 zg 404 5.282338754484232 1.824455170833019 -0.494573023714981
2459471 21.682 0.378 zg 404 7.713051815398351 2.685305669501988 1.936140037199138
2459474 22.295 0.403 zg 404 4.385572035272708 1.6278222301784842 -1.3913397429265046
2459477 20.615 0.442 zg 404 20.607544622384324 8.38927050896584 14.83063284418511
2459484 22.1 1.001 zg 404 5.248391807578443 4.8387814428242075 -0.5285199706207697
2459484 21.777 0.786 zg 404 7.066856114640652 5.115928603803854 1.2899443364414394
2459487 22.99 1.282 zg 404 2.312204536416644 2.730171659281166 -3.464707241782569
2459489 21.876 0.358 zg 404 6.450988221087315 2.127085541615275 0.6740764428881025
2459503 22.199 0.52 zg 404 4.791000861075454 2.2945909299526677 -0.9859109171237588
2459509 21.944 1.298 zg 404 6.05935292976774 7.24396963863854 0.282441151568527
2459517 22.732 0.832 zg 404 2.9324205134855084 2.2471147747748303 -2.8444912647137044
2459523 21.932 0.314 zg 404 6.126694832862292 1.7718688656489285 0.3497830546630789
2459527 23.563 2.856 zg 404 1.3640373079150994 3.5880635962336456 -4.412874470284113
2459530 22.613 1.062 zg 404 3.272097596997471 3.2005634819789734 -2.5048141812017417
2459532 21.588 0.57 zg 404 8.4105858641304 4.415468436573228 2.6336740859311876
2459537 21.74 0.503 zg 404 7.3118327512503365 3.3874267596135272 1.5349209730511237
2459540 22.264 1.78 zg 404 4.512593867978965 7.3981295362550314 -1.2643179102202478
2459636 22.145 0.785 zg 404 5.035310414633821 3.640588439590721 -0.7416013635653922
2459640 21.788 0.544 zg 404 6.9956206155319185 3.505103355835081 1.2187088373327057
2459806 23.819 6.738 zg 404 1.0775222553164994 6.687024826569146 -4.699389522882713
2459816 23.779 2.101 zg 404 1.1179599585671798 2.163355944709329 -4.658951819632033
2459818 21.822 0.349 zg 404 6.779946219218492 2.1793518721560683 1.0030344410192793
2459821 22.03 0.513 zg 404 5.597914344659835 2.6449611298079847 -0.17899743353937758
2459824 21.945 0.435 zg 404 6.053774628772903 2.4254436316811008 0.2768628505736901
2459827 22.179 0.564 zg 404 4.880072217251345 2.53501791546401 -0.8968395609478677
2459839 21.786 0.773 zg 404 7.008518901041124 4.989780286189931 1.2316071228419112
2459839 22.281 0.767 zg 404 4.442487852141666 3.138320494112772 -1.3344239260575463
2459841 21.845 0.43 zg 404 6.637831884814306 2.6288777126171268 0.8609201066150929
2459841 22.622 0.669 zg 404 3.2450862848470674 1.999530562809514 -2.5318254933521454
2459843 21.514 0.242 zg 404 9.003808487538059 2.0068610077063895 3.2268967093388463
2459846 22.242 0.532 zg 404 4.604964101042335 2.2563868562348217 -1.1719476771568775
2459850 21.886 0.336 zg 404 6.391845205580286 1.9780679502655185 0.6149334273810734
2459852 21.586 0.264 zg 404 8.426093014065696 2.0488296751685606 2.6491812358664832
2459864 22.257 1.857 zg 1449 4.541781624926222 7.768082560502682 -2.7429198329640405
2459864 21.856 1.322 zg 404 6.570921046438073 8.000799444029125 0.7940092682388604
2459864 20.908 0.608 zg 1449 15.733532766041813 8.81060047535621 8.44883130815155
2459878 21.092 0.221 zg 1449 13.280861538173212 2.703299739912541 5.99616008028295
2459878 21.621 0.362 zg 1449 8.158799280317398 2.7202605260205437 0.8740978224271352
2459880 21.625 0.337 zg 404 8.128796454141634 2.5230846986962097 2.3518846759424212
2459881 21.714 0.274 zg 1449 7.489041701880922 1.88995947387837 0.20434024399065898
2459881 21.722 0.304 zg 1449 7.434063200396486 2.0814956736420007 0.14936174250622347
2459882 22.023 0.654 zg 404 5.634122026557159 3.393748674144315 -0.14278975164205399
2459889 20.355 0.4 zg 404 26.18341256913101 9.646325674463043 20.406500790931798
2459897 21.9 0.739 zg 404 6.309954809188985 4.294833849654534 0.5330430309897727
2459901 21.894 0.419 zg 404 6.3449214354756505 2.4485893256700777 0.5680096572764377
2459903 22.66 1.126 zg 404 3.133475106941869 3.249677918958727 -2.643436671257344
2459904 22.884 1.137 zg 1449 2.549331128332577 2.6696995828373082 -4.735370329557686
2459904 21.707 0.384 zg 1449 7.537481321168058 2.665834310990229 0.25277986327779534
2459905 21.611 0.399 zg 404 8.2342917205807 3.026041115800877 2.457379942381487
2459906 21.396 0.259 zg 1449 10.037515961901024 2.3944275071047363 2.752814504010761
2459906 21.686 0.322 zg 1449 7.684688162249006 2.2790707147832654 0.39998670435874306
2459908 22.866 1.207 zg 404 2.591947788127639 2.881437467554097 -3.184963990071574
2459923 24.722 13.758 zg 1449 0.46905767756200817 5.94370483328933 -6.815643780328254
2459923 21.782 0.879 zg 1449 7.0343868601570865 5.694961651808897 -0.2503145977331762
2459934 23.449 1.61 zg 404 1.5150474992826377 2.2466106068448144 -4.261864278916575
2459936 21.819 0.39 zg 404 6.798705808328056 2.442117388761682 1.0217940301288433
2459953 21.296 0.365 zg 404 11.005917395663685 3.6999409541769417 5.229005617464472
2458336 19.933 0.117 zr 404 38.62124315602545 4.161863102153446 -4.3787713929709255
2458342 19.816 0.083 zr 404 43.01562613938371 3.2883650318764195 0.01561159038733706
2458345 19.898 0.072 zr 404 39.88652937406962 2.6450532849024526 -3.1134851749267582
2458345 19.754 0.066 zr 404 45.54348384949705 2.768508520664489 2.543469300500675
2458346 19.767 0.075 zr 404 45.00142320703887 3.10858818720132 2.001408658042493
2458347 19.89 0.067 zr 404 40.18150959622903 2.4795720462753477 -2.8185049527673485
2458348 19.75 0.061 zr 404 45.71158170224617 2.568217281156423 2.7115671532497956
2458348 19.828 0.066 zr 404 42.54281751971936 2.5861032762806135 -0.4571970292770189
2458350 19.862 0.065 zr 404 41.231226026940746 2.468398566803049 -1.7687885220556296
2458350 19.734 0.08 zr 404 46.39020043107946 3.418156287155505 3.390185882083081
2458352 19.908 0.068 zr 404 39.52084747473186 2.4752031078124044 -3.4791670742645167
2458353 19.583 0.111 zr 404 53.31215633197946 5.450356474175051 10.312141782983083
2458354 19.87 0.122 zr 404 40.92853963373274 4.598982527646071 -2.071474915263636
2458354 19.904 0.13 zr 404 39.666716192664765 4.749471448449283 -3.3332983563316105
2458354 19.849 0.058 zr 404 41.727873094449635 2.229101902351348 -1.272141454546741
2458355 19.801 0.058 zr 404 43.614033107313496 2.3298605214953736 0.6140185583171203
2458356 19.851 0.175 zr 404 41.651078263977794 6.713360634243451 -1.3489362850185813
2458356 19.962 0.168 zr 404 37.603325056503465 5.818502304526086 -5.396689492492911
2458356 20.065 0.222 zr 1449 34.20001124974424 6.992861124249411 -3.7445731373136724
2458357 19.675 0.138 zr 404 48.980842266902826 6.225597159982687 5.98082771790645
2458357 19.734 0.126 zr 404 46.39020043107946 5.38359615226992 3.390185882083081
2458358 19.686 0.133 zr 404 48.487104360110074 5.939550372948318 5.487089811113698
2458358 19.885 0.149 zr 404 40.366979017594524 5.539724886452948 -2.633035531401852
2458358 19.834 0.163 zr 404 42.30836563303775 6.351693503415446 -0.6916489159586234
2458359 19.735 0.115 zr 404 46.347493147939886 4.909076153724143 3.3474785989435105
2458359 20.177 0.244 zr 404 30.847945782038742 6.93252996246379 -12.152068766957633
2458361 19.688 0.106 zr 404 48.397870026239936 4.725065075935538 5.39785547724356
2458361 20.057 0.163 zr 404 34.452936913486454 5.172369395335155 -8.547077635509922
2458362 19.925 0.136 zr 404 38.90686597317743 4.873498506509588 -4.093148575818944
2458365 19.824 0.102 zr 404 42.69984012033091 4.011456625639564 -0.3001744286654642
2458365 20.035 0.121 zr 404 35.15816896084586 3.918206306116547 -7.8418455881505125
2458366 19.793 0.073 zr 404 43.936580026715994 2.9540972548343603 0.9365654777196184
2458367 19.819 0.068 zr 404 42.89693362724743 2.686648445422935 -0.10308092174894767
2458368 19.826 0.065 zr 404 42.6212565084657 2.551615816907783 -0.37875804053067696
2458368 19.876 0.056 zr 404 40.702983972502565 2.0993746846343035 -2.2970305764938104
2458368 19.665 0.053 zr 404 49.434056420338685 2.4131137736736075 6.434041871342309
2458369 19.773 0.066 zr 404 44.75342203576343 2.7204820484165313 1.7534074867670526
2458370 19.876 0.061 zr 404 40.702983972502565 2.2868188529052236 -2.2970305764938104
2458370 19.865 0.067 zr 404 41.1174571890831 2.5373286988088166 -1.882557359913278
2458371 19.715 0.057 zr 404 47.20915737838876 2.4784307263361627 4.209142829392384
2458374 19.886 0.068 zr 404 40.32981677241399 2.5258691093708947 -2.670197776582384
2458375 19.849 0.065 zr 404 41.727873094449635 2.4981314422903034 -1.272141454546741
2458376 19.848 0.065 zr 404 41.76632359025911 2.5004333662905016 -1.233690958737263
2458376 19.775 0.061 zr 404 44.67105906819756 2.509757518647992 1.6710445192011818
2458376 19.833 0.071 zr 404 42.347351028526205 2.7692379694524023 -0.6526635204701705
2458378 19.794 0.065 zr 404 43.896131571094905 2.627939033088419 0.8961170220985295
2458379 19.801 0.064 zr 404 43.614033107313496 2.5708805754431707 0.6140185583171203
2458379 19.779 0.06 zr 404 44.506787589728454 2.459535975387867 1.506773040732078
2458383 19.878 0.075 zr 404 40.628075319794874 2.8064880176519695 -2.3719392292015016
2458383 19.702 0.062 zr 404 47.77781108653273 2.7283093944766508 4.777796537536354
2458383 19.701 0.079 zr 404 47.82183634803616 3.4795975808290085 4.821821799039782
2458385 19.817 0.083 zr 404 42.97602552313516 3.2853377300933286 -0.023989025861219204
2458386 20.03 0.203 zr 1449 35.32045169534157 6.603861658782595 -2.6241326917163477
2458386 19.605 0.13 zr 404 52.242776376469685 6.255258781256191 9.24276182747331
2458423 19.909 0.08 zr 1449 39.484464186724146 2.9093228365186654 1.539879799666231
2458424 19.837 0.168 zr 1449 42.19162465651229 6.528466962076768 4.247040269454374
2458425 19.848 0.095 zr 404 41.76632359025911 3.654479535347656 -1.233690958737263
2458428 19.738 0.074 zr 404 46.21960705428817 3.150167514934493 3.219592505291793
2458429 19.948 0.069 zr 1449 38.091339834362664 2.4207560151837564 0.14675544730474854
2458432 19.949 0.103 zr 1449 38.05627256540581 3.6102656032456943 0.11168817834789735
2458437 19.914 0.093 zr 404 39.303049552687426 3.3665485155431467 -3.6969649963089495
2458439 20.026 0.159 zr 1449 35.45081704261568 5.191574053691599 -2.493767344442233
2458441 19.863 0.125 zr 1449 41.19326814730743 4.742550258384828 3.248683760249513
2458441 20.002 0.213 zr 404 36.243176074224515 7.110195340248019 -6.756838474771861
2458443 19.937 0.333 zr 1449 38.47921901677518 11.801743256264196 0.5346346297172673
2458447 19.804 0.198 zr 1449 43.49368941785682 7.931715334715305 5.549105030798906
2458447 19.921 0.226 zr 404 39.05046852780197 8.128499214272116 -3.949546021194408
2458449 20.278 0.267 zr 1449 28.10776079506136 6.9121505752433015 -9.836823591996556
2458456 20.009 0.087 zr 404 36.01025932445257 2.8855006837736346 -6.989755224543806
2458462 19.848 0.21 zr 404 41.76632359025911 8.078323183400082 -1.233690958737263
2458465 19.931 0.1 zr 404 38.69245168037579 3.563706498025029 -4.307562868620586
2458468 19.603 0.073 zr 404 52.33909981688056 3.519044745757036 9.339085267884187
2458481 19.693 0.099 zr 404 48.17550201239415 4.39275643413724 5.175487463397772
2458482 20.0 0.112 zr 1449 36.31 3.745587539752299 -1.634584387057913
2458487 19.807 0.072 zr 404 43.37367779132945 2.8763016166264928 0.37366324233307324
2458490 19.742 0.076 zr 404 46.04964101042336 3.2234097946211744 3.049626461426982
2458493 19.78 0.076 zr 404 44.46581419531383 3.112544155784769 1.465799646317457
2458503 20.715 0.425 zr 404 18.79430406812513 7.356832344678587 -24.205710480871247
2458514 19.92 0.068 zr 404 39.08645190689923 2.4479967767688526 -3.9135626420971477
2458523 19.654 0.1 zr 404 49.937437017372915 4.599407922341277 6.937422468376539
2458523 19.727 0.112 zr 404 46.690255329554994 4.8163712087643775 3.690240780558618
2458539 19.891 0.123 zr 404 40.14451809605538 4.547859511523616 -2.855496452940997
2458542 19.774 0.08 zr 404 44.71222158720761 3.2945182368432264 1.7122070382112327
2458542 19.813 0.084 zr 404 43.134647064561356 3.3371921628332575 0.1346325155649808
2458557 19.992 0.242 zr 404 36.57853005349649 8.15299723280216 -6.421484495499882
2458694 19.819 0.071 zr 404 42.89693362724743 2.80517705330924 -0.10308092174894767
2458698 19.77 0.101 zr 404 44.87725130837014 4.174681071038906 1.8772367593737656
2458705 19.813 0.074 zr 404 43.134647064561356 2.9399073815435837 0.1346325155649808
2458711 19.776 0.152 zr 404 44.629934443814676 6.248064682499055 1.6299198948183005
2458714 19.883 0.137 zr 404 40.44140626988971 5.102963901078668 -2.5586082791066644
2458719 19.554 0.103 zr 404 54.75531086082297 5.194445017075902 11.755296311826598
2458722 19.825 0.068 zr 404 42.660530219854344 2.6718424256620743 -0.3394843291420315
2458725 19.789 0.058 zr 404 44.09874690845981 2.355753920226374 1.0987323594634333
2458730 19.924 0.09 zr 404 38.942717028506216 3.2280811095788566 -4.05729752049016
2458732 19.902 0.066 zr 404 39.73985232436546 2.4157159371805332 -3.2601622246309176
2458735 19.81 0.068 zr 404 43.25399731147403 2.7090114562730863 0.25398276247765494
2458739 19.862 0.147 zr 1449 41.231226026940746 5.58237829723151 3.2866416398828306
2458739 19.891 0.148 zr 1449 40.14451809605538 5.4722212008576845 2.199933708997463
2458740 19.828 0.167 zr 1449 42.54281751971936 6.543624956649431 4.598233132661441
2458740 19.974 0.172 zr 1449 37.190006041754124 5.891560962182987 -0.7545783453037913
2458744 19.7 0.208 zr 404 47.865902176983155 9.169914026243998 4.86588762798678
2458748 19.943 0.117 zr 1449 38.26716147046115 4.123706911884142 0.32257708340323177
2458748 19.981 0.126 zr 1449 36.9510044897515 4.288174738306596 -0.993579897306418
2458750 20.005 0.119 zr 404 36.14317070403389 3.9614017612484234 -6.856843844962484
2458759 19.794 0.069 zr 404 43.896131571094905 2.789658358201553 0.8961170220985295
2458761 19.996 0.11 zr 1449 36.44401770170871 3.692279883105687 -1.500566685349206
2458761 19.896 0.1 zr 1449 39.96007078977979 3.680458532621351 2.0154864027218764
2458763 19.812 0.087 zr 404 43.17439384394879 3.4595625051117374 0.17437929495241633
2458766 19.816 0.077 zr 404 43.01562613938371 3.050651897041979 0.01561159038733706
2458769 19.82 0.191 zr 404 42.85744228051422 7.539374149728911 -0.1425722684821551
2458770 19.854 0.228 zr 1449 41.53615093277221 8.722415602583466 3.5915665457142936
2458770 19.472 0.165 zr 1449 59.05086298799675 8.973996031743281 21.106278600938836
2458775 19.907 0.126 zr 404 39.55726428842307 4.590631940335494 -3.4427502605733054
2458776 19.917 0.117 zr 1449 39.194601109535405 4.223648718463081 1.2500167224774899
2458776 20.02 0.128 zr 1449 35.647267811055556 4.2025404143463945 -2.297316576002359
2458777 20.17 0.151 zr 1449 31.04747234484275 4.317962598581341 -6.897112042215166
2458777 19.925 0.124 zr 1449 38.90686597317743 4.4434839324058 0.9622815861195164
2458783 20.251 0.124 zr 1449 28.81550591518836 3.290967656622766 -9.129078471869555
2458790 19.737 0.084 zr 404 46.262196495722925 3.579160839079157 3.2621819467265496
2458793 19.939 0.104 zr 404 38.40840291995688 3.6790464259827904 -4.591611629039498
2458796 19.894 0.166 zr 404 40.03374779863179 6.120825763614767 -2.966266750364589
2458801 19.517 0.211 zr 404 56.653435242245074 11.00992560046083 13.653420693248698
2458805 19.922 0.107 zr 404 39.014518275363734 3.844905822583202 -3.9854962736326414
2458805 20.228 0.144 zr 1449 29.432438750294573 3.903592015692783 -8.512145636763343
2458805 19.919 0.115 zr 1449 39.122468443180594 4.143809381366291 1.1778840561226787
2458812 19.868 0.079 zr 404 41.00400227224393 2.983520458571147 -1.9960122767524453
2458812 20.024 0.091 zr 1449 35.51618004396756 2.9767565729476964 -2.4284043430903566
2458833 19.652 0.097 zr 404 50.02950995209114 4.469651508428714 7.029495403094764
2458833 20.008 0.134 zr 1449 36.04344127748716 4.4484296553961045 -1.9011431095707536
2458833 19.737 0.105 zr 1449 46.262196495722925 4.473951048848946 8.31761210866501
2458837 19.883 0.095 zr 404 40.44140626988971 3.538551610237032 -2.5586082791066644
2458846 19.846 0.082 zr 404 41.843330906113316 3.160208823528781 -1.1566836428830598
2458850 20.619 0.567 zr 404 20.531763302367512 10.722226763208813 -22.468251246628864
2458853 20.13 0.243 zr 404 32.21263479709839 7.2095507374543955 -10.787379751897987
2458856 19.691 0.135 zr 404 48.26432635174243 6.001166792569779 5.264311802746057
2458859 19.97 0.175 zr 1449 37.32727178497229 6.016445370195011 -0.6173126020856259
2458859 20.212 0.218 zr 1449 29.869382811895758 5.997336576285448 -8.075201575162158
2458859 20.224 0.254 zr 404 29.54107184853188 6.910916497620751 -13.458942700464494
2458860 19.758 0.144 zr 1449 45.37600415273937 6.018169578723855 7.431419765681454
2458860 20.447 0.249 zr 1449 24.056156968622734 5.516978303695285 -13.888427418435182
2458860 19.726 0.137 zr 404 46.733278453758544 5.896882797227161 3.7332639047621683
2458861 20.18 0.175 zr 1449 30.76282740744499 4.958381946471206 -7.181756979612924
2458861 20.239 0.17 zr 1449 29.135753147764643 4.561953459241411 -8.808831239293273
2458861 19.765 0.112 zr 404 45.08439528868038 4.650717412022817 2.0843807396840077
2458862 19.924 0.095 zr 404 38.942717028506216 3.4074189489999047 -4.05729752049016
2458872 19.857 0.072 zr 404 41.42154071920219 2.7468467190397683 -1.5784738297941843
2458873 19.996 0.083 zr 1449 36.44401770170871 2.7859930027070186 -1.500566685349206
2458873 19.861 0.071 zr 404 41.26921888317795 2.6987352248775553 -1.7307956658184267
2458873 19.816 0.075 zr 1449 43.01562613938371 2.971414185430499 5.071041752325797
2458874 19.86 0.14 zr 404 41.30724674824878 5.3263532333280885 -1.6927678007475961
2458874 19.916 0.136 zr 404 39.23071730079935 4.9140643275290605 -3.7692972481970273
2458875 20.014 0.098 zr 404 35.844807211793515 3.235400174887152 -7.15520733720286
2458876 19.724 0.103 zr 404 46.81944367074284 4.4415970260113085 3.8194291217464666
2458877 19.895 0.086 zr 404 39.99689232944876 3.1681109327093555 -3.0031222195476133
2458877 19.895 0.093 zr 404 39.99689232944876 3.42598042723221 -3.0031222195476133
2458881 19.827 0.118 zr 404 42.58201895284909 4.627899681723835 -0.41799559614728565
2458886 19.605 0.125 zr 404 52.242776376469685 6.01467190505403 9.24276182747331
2458887 19.99 0.135 zr 404 36.64597229344445 4.556545354142534 -6.354042255551924
2458891 19.717 0.072 zr 404 47.122274943010716 3.1248877775542074 4.12226039401434
2458891 19.871 0.086 zr 404 40.89086041022467 3.23892118533776 -2.109154138771707
2458892 19.714 0.064 zr 404 47.25265864920202 2.785363645695712 4.252644100205643
2458894 19.891 0.076 zr 404 40.14451809605538 2.8100595355755678 -2.855496452940997
2458894 19.803 0.069 zr 404 43.533767039807685 2.7666296035655336 0.5337524908113096
2458895 19.908 0.084 zr 404 39.52084747473186 3.0576038390623816 -3.4791670742645167
2458896 19.816 0.086 zr 404 43.01562613938371 3.407221599293639 0.01561159038733706
2458898 19.849 0.085 zr 404 41.727873094449635 3.26678727068732 -1.272141454546741
2458898 20.009 0.087 zr 404 36.01025932445257 2.8855006837736346 -6.989755224543806
2458903 19.648 0.102 zr 404 50.214165417290694 4.71739346087722 7.214150868294318
2458904 19.81 0.105 zr 404 43.25399731147403 4.183032395715794 0.25398276247765494
2458913 19.747 0.172 zr 404 45.83806212886847 7.261567452217122 2.8380475798720965
2458913 20.002 0.241 zr 404 36.243176074224515 8.044868906102218 -6.756838474771861
2458915 19.792 0.126 zr 404 43.97706575390292 5.103551176343214 0.9770512049065445
2459091 19.761 0.102 zr 1449 45.25079867726533 4.251107630798111 7.306214290207414
2459094 19.552 0.158 zr 404 54.85626682619654 7.9828692462824105 11.856252277200163
2459096 19.722 0.174 zr 404 46.905767756200916 7.517114704116482 3.9057532072045404
2459096 19.724 0.19 zr 1449 46.81944367074284 8.193237232448045 8.874859283684927
2459096 20.085 0.261 zr 1449 33.5757906956968 8.071280420762124 -4.3687936913611125
2459108 19.879 0.096 zr 404 40.590672706743355 3.5889975509432657 -2.4093418422530206
2459111 19.844 0.072 zr 404 41.92048020541708 2.7799336169897857 -1.0795343435792972
2459114 19.79 0.059 zr 404 44.05814916038328 2.3941642445659177 1.0581346113869046
2459115 19.762 0.064 zr 404 45.20914033879184 2.664906050846154 2.209125789795465
2459115 19.979 0.077 zr 1449 37.01913348529809 2.6253829114991665 -0.9254509017598238
2459115 20.066 0.085 zr 1449 34.168526376856285 2.674981942487387 -3.7760580102016306
2459116 19.908 0.069 zr 404 39.52084747473186 2.511603153515528 -3.4791670742645167
2459117 19.858 0.057 zr 404 41.383407633956985 2.1725850393475947 -1.616606915039391
2459120 19.75 0.07 zr 404 45.71158170224617 2.9471345849336004 2.7115671532497956
2459123 19.924 0.242 zr 404 38.942717028506216 8.679951427978704 -4.05729752049016
2459124 20.381 0.353 zr 404 25.563849312574803 8.311446894551333 -17.436165236421573
2459125 19.709 0.145 zr 404 47.4707670116233 6.339717867489525 4.470752462626926
2459128 19.787 0.292 zr 404 44.18005466648229 11.881869561019846 1.180040117485916
2459130 19.869 0.088 zr 404 40.96625357707487 3.3203556250440083 -2.0337609719215024
2459134 19.979 0.09 zr 404 37.01913348529809 3.0686293770769475 -5.980881063698284
2459136 19.792 0.058 zr 404 43.97706575390292 2.3492537160944953 0.9770512049065445
2459139 19.914 0.082 zr 404 39.303049552687426 2.9683546051025593 -3.6969649963089495
2459143 19.951 0.064 zr 404 37.98623484760907 2.2391433753363352 -5.013779701387307
2459143 19.85 0.06 zr 404 41.68945799655169 2.303844588428672 -1.3105565524446874
2459144 19.866 0.047 zr 404 41.07960404618129 1.7782785373732966 -1.9204105028150877
2459145 19.808 0.051 zr 404 43.333747549143936 2.0355046790566127 0.3337330001475607
2459145 19.795 0.051 zr 404 43.85572035272708 2.060023169704781 0.8557058037307073
2459149 19.794 0.124 zr 404 43.896131571094905 5.0132990785071385 0.8961170220985295
2459149 20.013 0.151 zr 404 35.8778367076023 4.989751027096697 -7.122177841394077
2459150 19.798 0.115 zr 404 43.73470977849202 4.632332975989327 0.7346952294956424
2459150 19.691 0.107 zr 404 48.26432635174243 4.756480346703454 5.264311802746057
2459151 19.932 0.161 zr 404 38.65683102183319 5.732285399750131 -4.343183527163184
2459151 19.74 0.153 zr 404 46.13454576012216 6.5011975011657075 3.1345312111257826
2459152 19.993 0.224 zr 404 36.54485549237565 7.539628497619972 -6.455159056620722
2459153 20.034 0.223 zr 404 35.19056574812611 7.227811071825055 -7.809448800870264
2459155 19.948 0.211 zr 404 38.091339834362664 7.402601727590906 -4.908674714633712
2459155 19.774 0.187 zr 404 44.71222158720761 7.700936378621042 1.7122070382112327
2459157 19.627 0.135 zr 404 51.194846941215296 6.365546535867526 8.19483239221892
2459164 20.0 0.108 zr 404 36.31 3.6118165561897166 -6.690014548996373
2459165 19.927 0.059 zr 404 38.83526284665724 2.1103473365919556 -4.164751702339139
2459165 19.819 0.062 zr 404 42.89693362724743 2.4495912296503226 -0.10308092174894767
2459166 19.801 0.064 zr 404 43.614033107313496 2.5708805754431707 0.6140185583171203
2459167 19.791 0.07 zr 404 44.017588787000165 2.837918825573677 1.0175742380037889
2459167 19.914 0.09 zr 404 39.303049552687426 3.257950176332077 -3.6969649963089495
2459168 19.88 0.078 zr 404 40.55330452691218 2.9133759556298577 -2.446710022084197
2459169 19.769 0.066 zr 404 44.91860382493546 2.730523159726606 1.918589275939084
2459169 19.858 0.082 zr 404 41.383407633956985 3.1254732145000483 -1.616606915039391
2459176 19.722 0.069 zr 404 46.905767756200916 2.9809247964599845 3.9057532072045404
2459178 20.028 0.113 zr 404 35.38557433353454 3.682818977727807 -7.614440215461833
2459182 19.642 0.226 zr 404 50.49242730815034 10.510185182766456 7.492412759153964
2459184 19.755 0.171 zr 404 45.5015560621228 7.166350401252696 2.5015415131264263
2459190 19.842 0.063 zr 404 41.99777174995461 2.436926767894381 -1.0022427990417668
2459193 19.837 0.067 zr 404 42.19162465651229 2.6036148003520445 -0.8083898924840867
2459195 19.801 0.067 zr 404 43.614033107313496 2.6913906024170693 0.6140185583171203
2459200 19.889 0.086 zr 404 40.218535182528335 3.185667025323113 -2.781479366468041
2459202 19.959 0.109 zr 404 37.70737056135042 3.7855451196847656 -5.292643987645953
2459204 19.715 0.069 zr 404 47.20915737838876 3.0002056160911446 4.209142829392384
2459210 20.26 0.26 zr 404 28.577632623828965 6.843452810759646 -14.42238192516741
2459216 19.936 0.12 zr 404 38.514676013258274 4.256799304781945 -4.4853385357381015
2459218 19.87 0.087 zr 404 40.92853963373274 3.279602294304985 -2.071474915263636
2459220 19.7 0.067 zr 404 47.865902176983155 2.9537703834535955 4.86588762798678
2459222 19.788 0.066 zr 404 44.13938206566922 2.683155635381197 1.1393675166728414
2459224 19.863 0.107 zr 404 41.19326814730743 4.059623021177413 -1.8067464016889474
2459226 19.856 0.1 zr 404 41.459708942495865 3.818580310834517 -1.5403056065005103
2459230 19.854 0.077 zr 404 41.53615093277221 2.9457280763110822 -1.4638636162241667
2459248 19.903 0.093 zr 404 39.703267418299724 3.400829643259833 -3.2967471306966516
2459251 19.945 0.085 zr 404 38.19673563852117 2.9903419587979707 -4.803278910475207
2459251 19.835 0.089 zr 404 42.269416127894836 3.4649098177772384 -0.7305984211015399
2459252 19.827 0.07 zr 404 42.58201895284909 2.7453642179717668 -0.41799559614728565
2459253 19.957 0.077 zr 404 37.7768941187345 2.6791230083283053 -5.223120430261872
2459255 19.919 0.177 zr 404 39.122468443180594 6.3778631347985515 -3.8775461058157816
2459257 19.974 0.076 zr 404 37.190006041754124 2.603247867011087 -5.810008507242252
2459264 19.65 0.092 zr 404 50.12175264773081 4.247073297715513 7.121738098734433
2459270 19.732 0.122 zr 404 46.475733092565065 5.222299313999628 3.4757185435686893
2459272 20.124 0.363 zr 404 32.39114117261453 10.829503699085372 -10.608873376381844
2459276 19.727 0.084 zr 404 46.690255329554994 3.6122784065732834 3.690240780558618
2459280 19.879 0.082 zr 404 40.590672706743355 3.0656020747640396 -2.4093418422530206
2459436 19.851 0.063 zr 404 41.651078263977794 2.4168098283276427 -1.3489362850185813
2459449 21.498 2.055 zr 404 9.137475992422738 17.29472875836522 -33.86253855657364
2459451 19.931 0.134 zr 404 38.69245168037579 4.775366707353538 -4.307562868620586
2459453 19.789 0.113 zr 404 44.09874690845981 4.589658499751384 1.0987323594634333
2459460 19.929 0.069 zr 404 38.76379149656267 2.463491225162442 -4.236223052433708
2459463 19.909 0.073 zr 404 39.484464186724146 2.654757088323282 -3.5155503622722293
2459465 19.75 0.057 zr 404 45.71158170224617 2.399809590588789 2.7115671532497956
2459468 19.903 0.065 zr 404 39.703267418299724 2.376923944213862 -3.2967471306966516
2459474 19.774 0.048 zr 404 44.71222158720761 1.9767109421059357 1.7122070382112327
2459477 19.848 0.14 zr 404 41.76632359025911 5.385548788933388 -1.233690958737263
2459479 20.025 0.196 zr 404 35.4834834929055 6.4055732268399375 -7.5165310560908765
2459484 20.028 0.137 zr 404 35.38557433353454 4.465010619015129 -7.614440215461833
2459487 19.872 0.103 zr 404 40.85321587458695 3.875601841996095 -2.1467986744094247
2459489 19.881 0.074 zr 404 40.515970748601454 2.7614275201078105 -2.4840438003949217
2459498 19.92 0.069 zr 404 39.08645190689923 2.483996729368395 -3.9135626420971477
2459509 20.001 0.243 zr 404 36.27657265033574 8.119105833811037 -6.723441898660639
2459517 19.762 0.056 zr 404 45.20914033879184 2.3317927944903847 2.209125789795465
2459521 19.95 0.067 zr 404 38.02123757972812 2.346263214469556 -4.978776969268253
2459523 19.857 0.064 zr 404 41.42154071920219 2.44164152803535 -1.5784738297941843
2459525 19.803 0.061 zr 404 43.533767039807685 2.445860953876776 0.5337524908113096
2459527 19.836 0.069 zr 404 42.230502480056636 2.6838053832542514 -0.7695120689397399
2459530 20.029 0.087 zr 404 35.352998019397596 2.83283436087753 -7.64701652959878
2459532 19.789 0.103 zr 404 44.09874690845981 4.183494030746837 1.0987323594634333
2459806 19.93 0.208 zr 404 38.72810516187062 7.4193398344523365 -4.271909387125753
2459808 19.985 0.166 zr 404 36.815122416098845 5.628724817584794 -6.184892132897531
2459810 19.598 0.106 zr 404 52.58068612499535 5.133431771754478 9.580671575998977
2459816 19.802 0.066 zr 404 43.57388159161689 2.648779853194061 0.5738670426205132
2459818 19.785 0.066 zr 404 44.26151233696184 2.6905797204121544 1.2614977879654674
2459821 19.899 0.074 zr 404 39.84980943564271 2.7160242840888658 -3.150205113353664
2459824 19.881 0.063 zr 404 40.515970748601454 2.3509450509025958 -2.4840438003949217
2459843 19.868 0.067 zr 404 41.00400227224393 2.530327477522365 -1.9960122767524453
2459846 19.838 0.067 zr 404 42.15278262428159 2.601217886490232 -0.8472319247147837
2459848 19.834 0.069 zr 404 42.30836563303775 2.6887536916298513 -0.6916489159586234
2459850 19.967 0.074 zr 404 37.430553471673974 2.5511362196132334 -5.569461077322401
2459852 19.748 0.056 zr 404 45.79586314977978 2.3620547285323132 2.795848600783401
2459864 20.101 0.273 zr 404 33.084627471788394 8.318874566599098 -9.915387077207981
2459874 20.003 0.062 zr 1449 36.2098102433356 2.067728998303902 -1.734774143722312
2459874 19.945 0.057 zr 1449 38.19673563852117 2.005288137076286 0.25215125146325335
2459878 19.879 0.097 zr 404 40.590672706743355 3.6263829420989246 -2.4093418422530206
2459879 19.999 0.071 zr 1449 36.34345815157363 2.376622901081725 -1.601126235484287
2459879 19.972 0.075 zr 1449 37.25857570017015 2.573731229802059 -0.6860086868877673
2459880 19.813 0.091 zr 404 43.134647064561356 3.6152915097360285 0.1346325155649808
2459882 20.112 0.133 zr 1449 32.751126985497656 4.011932060459895 -5.193457401560259
2459882 20.103 0.156 zr 1449 33.02373943294265 4.744894136312515 -4.9208449541152675
2459882 19.941 0.119 zr 404 38.33771715113622 4.201930746153513 -4.662297397860158
2459883 19.998 0.087 zr 1449 36.376947133439295 2.914883363693525 -1.5676372536186207
2459883 19.888 0.074 zr 1449 40.25559488636208 2.7436812077703623 2.3110104993041674
2459887 19.722 0.111 zr 404 46.905767756200916 4.795400759522583 3.9057532072045404
2459889 19.808 0.158 zr 404 43.333747549143936 6.306073319430291 0.3337330001475607
2459897 19.937 0.123 zr 1449 38.47921901677518 4.359202464025513 0.5346346297172673
2459897 19.898 0.125 zr 1449 39.88652937406962 4.592106397400092 1.941944987011702
2459901 19.808 0.072 zr 404 43.333747549143936 2.873653664550512 0.3337330001475607
2459903 19.856 0.088 zr 404 41.459708942495865 3.360350673534375 -1.5403056065005103
2459908 19.792 0.099 zr 404 43.97706575390292 4.009933067126811 0.9770512049065445
2459910 19.747 0.078 zr 404 45.83806212886847 3.2930364027496255 2.8380475798720965
2459913 19.914 0.1 zr 1449 39.303049552687426 3.619944640368975 1.3584651656295108
2459913 19.972 0.096 zr 1449 37.25857570017015 3.294375974146636 -0.6860086868877673
2459922 19.901 0.164 zr 404 39.776470941897415 6.008219313202683 -3.2235436070989607
2459928 19.851 0.103 zr 404 41.651078263977794 3.95129225901186 -1.3489362850185813
2459932 19.872 0.07 zr 404 40.85321587458695 2.633904164463366 -2.1467986744094247
2459934 19.903 0.078 zr 404 39.703267418299724 2.852308733056634 -3.2967471306966516
2459936 19.725 0.129 zr 404 46.77634122197764 5.557655709730477 3.776326672981263
2459940 19.817 0.101 zr 404 42.97602552313516 3.9978206113183883 -0.023989025861219204
2459957 20.322 0.206 zr 404 26.991452058379533 5.121169488185985 -16.008562490616843
2460013 19.951 0.16 zr 404 37.98623484760907 5.597858438340839 -5.013779701387307
