# Instrumental magnitude: -9.417 mag
# DoPHOT object type: 2
2458217.78735 16.850 0.006     43.067     32.935 0 1
2458217.81144 16.872 0.006    -76.252     32.545 0 1
2458224.77207 16.848 0.008     54.167     40.913 0 1
2458224.78551 16.858 0.007     -1.823     39.767 0 1
2458233.69563 16.844 0.010     73.801     52.396 0 1
2458242.81834 16.855 0.007     16.272     40.087 0 1
2458257.71470 16.862 0.006    -20.435     31.931 0 1
2458274.69928 16.858 0.005     -1.347     27.340 0 1
2458277.73530 16.859 0.006     -5.819     31.001 0 1
2458280.67482 16.851 0.008     37.257     42.565 0 1
2458283.69319 16.858 0.006      2.378     34.413 0 1
2458293.73786 16.844 0.014     76.590     78.995 0 1
2458443.05133 16.853 0.008     24.708     43.997 0 2
2458443.05622 16.856 0.010     10.794     54.257 0 2
2458444.04347 16.855 0.007     14.833     35.103 0 2
2458444.04827 16.867 0.007    -46.581     37.400 0 2
2458444.05309 16.861 0.009    -14.798     48.809 0 2
2458444.05790 16.851 0.014     37.229     75.205 0 2
2458449.01547 16.872 0.012    -75.989     64.996 0 1
2458449.04194 16.858 0.012     -2.162     63.702 0 1
2458450.01614 16.848 0.012     54.020     62.868 0 1
2458474.98067 16.845 0.013     68.785     69.167 0 1
2458476.98701 16.850 0.010     40.798     54.411 0 1
2458488.03097 16.855 0.005     15.456     29.358 0 1
2458503.02684 16.862 0.009    -21.249     45.804 0 1
2458524.97018 16.865 0.007    -36.392     37.461 0 1
2458539.84131 16.848 0.014     54.026     73.354 0 1
2458543.86192 16.859 0.005     -2.739     27.718 0 1
2458559.79745 16.857 0.008      4.642     43.863 0 1
2458567.86440 16.852 0.009     34.416     50.595 0 1
2458580.78272 16.847 0.006     56.902     29.961 0 1
2458583.76119 16.856 0.007     12.300     40.267 0 1
2458586.71593 16.851 0.007     38.925     36.190 0 1
2458589.76025 16.811 0.019    256.745    104.360 0 1
2458596.77839 16.857 0.008      7.838     43.221 0 1
2458600.78034 16.856 0.006     12.089     30.074 0 1
2458607.73681 16.862 0.006    -21.798     34.500 0 1
2458612.69466 16.864 0.005    -32.971     29.221 0 1
2458634.75782 16.863 0.006    -29.220     29.744 0 1
2458637.68750 16.851 0.005     39.448     28.540 0 1
2458640.71551 16.861 0.007    -14.495     35.711 0 1
2458643.74043 16.873 0.008    -80.548     43.838 0 1
2458647.73781 16.828 0.013    166.108     74.145 0 1
2458653.68996 16.849 0.007     47.896     39.405 0 1
2458662.67477 16.862 0.009    -23.449     49.382 0 1
2458669.67366 16.855 0.011     15.417     57.420 0 1
2458676.69255 16.874 0.016    -84.948     83.803 0 1
2458796.03511 16.859 0.014     -4.229     74.225 0 2
2458796.04015 16.880 0.015   -115.492     77.213 0 2
2458798.03206 16.870 0.011    -64.600     61.135 0 2
2458798.03710 16.874 0.010    -85.755     52.831 0 2
2458798.04213 16.853 0.011     25.684     60.213 0 2
2458798.04719 16.859 0.013     -5.320     72.322 0 2
2458800.03476 16.888 0.016   -157.589     85.908 0 2
2458800.03972 16.875 0.016    -92.999     84.239 0 2
2458800.04469 16.853 0.016     26.832     87.275 0 2
2458800.04966 16.853 0.018     24.430     96.965 0 2
2458804.04062 16.872 0.012    -73.447     64.802 0 2
2458804.04540 16.869 0.012    -56.956     61.806 0 2
2458804.05020 16.876 0.012    -94.463     63.782 0 2
2458874.00921 16.848 0.006     56.090     30.935 0 1
2458876.85437 16.861 0.006    -17.954     32.693 0 1
2458887.01208 16.858 0.009     -2.479     46.521 0 1
2458894.96715 16.860 0.007    -10.766     36.262 0 1
2458901.88773 16.859 0.006     -6.782     31.208 0 1
2458908.95805 16.859 0.005     -5.512     24.873 0 1
2458911.95578 16.855 0.008     15.043     43.178 0 1
2458914.88282 16.849 0.008     51.319     42.130 0 1
2458954.76227 16.866 0.006    -43.023     30.555 0 1
2458962.78556 16.858 0.006     -1.305     29.743 0 1
2458965.79409 16.868 0.005    -53.947     28.205 0 1
2458968.70862 16.862 0.006    -20.948     29.679 0 1
2458971.71583 16.854 0.008     23.160     42.314 0 1
2458975.70758 16.853 0.017     28.120     94.611 0 1
2458978.75509 16.857 0.008      3.144     41.606 0 1
2458986.75984 16.847 0.005     56.925     28.871 0 1
2458992.73809 16.859 0.005     -4.022     26.327 0 1
2458995.71505 16.861 0.005    -18.461     29.492 0 1
2458998.72848 16.869 0.006    -56.645     31.299 0 1
2459005.75777 16.864 0.012    -32.886     65.766 0 1
2459011.73856 16.876 0.007    -97.985     38.241 0 1
2459014.72167 16.853 0.006     26.547     31.817 0 1
2459018.72785 16.861 0.006    -16.163     31.580 0 1
2459021.74502 16.841 0.007     91.884     36.487 0 1
2459024.72351 16.852 0.007     33.554     38.692 0 1
2459164.03211 16.880 0.010   -114.877     54.311 0 2
2459164.03678 16.871 0.011    -68.073     56.284 0 2
2459164.04147 16.858 0.011      0.920     60.001 0 2
2459164.04615 16.869 0.013    -58.293     69.873 0 2
2459164.05082 16.868 0.019    -52.122    100.346 0 2
2459166.03453 16.851 0.008     36.410     45.496 0 2
2459166.03920 16.862 0.009    -20.041     48.621 0 2
2459166.04388 16.849 0.009     48.950     50.982 0 2
2459166.04855 16.865 0.011    -35.384     60.233 0 2
2459168.03079 16.845 0.010     70.734     54.925 0 2
2459168.03554 16.872 0.010    -72.422     53.729 0 2
2459168.04978 16.880 0.016   -115.932     82.352 0 2
2459172.04480 16.867 0.008    -48.139     41.605 0 2
2459172.05058 16.850 0.009     45.607     50.274 0 2
2459185.00278 16.870 0.012    -63.407     64.746 0 1
2459186.03559 16.865 0.009    -38.831     48.449 0 1
2459195.01500 16.870 0.007    -62.330     35.372 0 1
2459200.01970 16.864 0.008    -32.709     42.194 0 1
2459202.01401 16.856 0.007      9.385     36.698 0 1
2459205.00555 16.850 0.006     45.680     31.624 0 1
2459217.00470 16.870 0.013    -65.348     70.056 0 1
2459221.94540 16.863 0.010    -24.372     54.653 0 1
2459223.96977 16.836 0.007    120.762     40.746 0 1
2459227.88113 16.864 0.007    -30.684     37.535 0 1
2459231.98466 16.848 0.005     55.047     26.567 0 1
2459251.96709 16.858 0.006     -0.832     31.245 0 1
2459253.99241 16.855 0.005     16.782     27.673 0 1
2459255.92345 16.864 0.005    -32.057     28.761 0 1
2459262.86619 16.852 0.006     29.754     32.884 0 1
2459264.87951 16.858 0.004      2.469     23.968 0 1
2459268.92186 16.858 0.006      1.541     33.694 0 1
2459270.89323 16.855 0.012     18.462     63.999 0 1
2459272.82284 16.897 0.019   -203.973    100.473 0 1
2459276.86167 16.858 0.010     -2.292     54.574 0 1
2459278.90999 16.854 0.009     22.632     47.288 0 3
2459280.79191 16.855 0.005     16.299     27.394 0 1
2459290.84625 16.851 0.006     40.506     30.378 0 1
2459292.86118 16.861 0.005    -18.649     28.737 0 1
2459295.74360 16.847 0.009     59.681     49.169 0 1
2459297.78028 16.872 0.011    -76.349     58.536 0 1
2459303.84222 16.839 0.015    101.468     82.016 0 1
2459304.82491 16.860 0.014     -8.276     75.451 0 3
2459306.77569 16.864 0.005    -30.970     28.760 0 3
2459307.76306 16.867 0.005    -47.074     28.254 0 3
2459307.95938 16.857 0.008      5.555     43.216 0 1
2459308.77998 16.856 0.006     13.439     31.418 0 3
2459309.78170 16.855 0.006     17.602     30.034 0 3
2459309.78263 16.852 0.005     31.216     28.027 0 1
2459310.82137 16.868 0.007    -52.307     39.385 0 3
2459311.81943 16.862 0.005    -19.683     26.385 0 1
2459313.80601 16.871 0.009    -67.358     47.278 0 1
2459317.83786 16.855 0.006     18.768     29.958 0 1
2459321.80442 16.856 0.004     10.512     22.478 0 1
2459323.82194 16.854 0.006     22.519     34.761 0 1
2459334.77479 16.869 0.007    -57.934     36.947 0 1
2459336.81678 16.868 0.006    -51.067     32.978 0 1
2459338.73814 16.855 0.006     18.219     30.046 0 1
2459342.78001 16.856 0.006     10.535     33.141 0 1
2459344.75200 16.860 0.005    -12.442     26.339 0 1
2459346.78380 16.868 0.005    -53.635     28.096 0 1
2459348.69513 16.855 0.005     17.999     27.714 0 1
2459353.69546 16.867 0.006    -46.952     34.363 0 1
2459358.79743 16.877 0.020   -103.426    106.225 0 1
2459361.69248 16.839 0.007    101.260     40.772 0 1
2459366.71134 16.864 0.006    -34.722     30.839 0 1
2459368.71645 16.855 0.005     16.492     27.712 0 1
2459370.77125 16.856 0.006     11.707     33.564 0 1
2459376.75819 16.854 0.007     23.698     39.130 0 1
2459378.75103 16.842 0.007     85.460     40.528 0 1
2459386.69613 16.848 0.014     53.563     75.647 0 1
2459526.04417 16.854 0.014     19.783     75.208 0 1
2459527.03900 16.863 0.011    -27.814     60.425 0 1
2459527.04144 16.851 0.010     39.084     54.345 0 1
2459527.04388 16.843 0.011     82.507     62.355 0 1
2459527.04633 16.876 0.012    -93.568     62.887 0 1
2459527.04878 16.859 0.014     -6.186     74.080 0 1
2459528.04125 16.849 0.009     48.491     50.592 0 1
2459528.04370 16.843 0.011     83.639     57.934 0 1
2459528.04615 16.861 0.011    -17.687     61.542 0 1
2459528.04859 16.861 0.013    -15.289     72.181 0 1
2459529.04396 16.846 0.014     66.336     76.164 0 1
2459529.04635 16.845 0.016     67.714     86.110 0 1
2459529.04875 16.865 0.016    -35.112     86.617 0 1
2459529.05113 16.848 0.022     55.823    122.075 0 1
2459537.03239 16.854 0.013     21.485     72.684 0 1
2459537.03486 16.839 0.012    101.237     67.973 0 1
2459537.03732 16.880 0.011   -114.700     59.062 0 1
2459537.03978 16.855 0.011     18.846     61.731 0 1
2459537.04224 16.845 0.011     67.816     57.407 0 1
2459551.02551 16.864 0.007    -33.192     35.061 0 1
2459600.84107 16.838 0.014    109.560     75.381 0 3
2459636.92301 16.850 0.006     44.228     29.931 0 1
2459639.98556 16.856 0.007     10.873     38.977 0 1
2459641.82186 16.855 0.006     18.603     30.386 0 1
2459671.86102 16.864 0.005    -31.176     26.641 0 1
2459674.82134 16.869 0.006    -57.029     29.614 0 1
2459678.76343 16.870 0.006    -64.739     31.890 0 1
2459687.86432 16.875 0.015    -92.874     78.224 0 1
2459699.76337 16.863 0.005    -27.180     28.367 0 1
2459707.67681 16.855 0.007     15.989     40.168 0 1
2459708.69252 16.869 0.009    -56.776     48.735 0 2
2459709.69675 16.854 0.008     23.440     43.030 0 1
2459709.74053 16.858 0.008     -1.338     41.908 0 1
2459713.75669 16.856 0.018     12.172     99.223 0 1
2459719.69518 16.857 0.006      2.872     32.693 0 1
2459719.71527 16.862 0.005    -18.973     27.947 0 1
2459725.72219 16.858 0.007      0.276     35.042 0 1
2459730.72214 16.857 0.005      6.124     29.375 0 3
2459732.69437 16.854 0.006     22.865     34.152 0 1
2459736.69979 16.853 0.006     26.406     30.713 0 1
2459741.79172 16.868 0.020    -54.952    108.703 0 1
2459743.68886 16.869 0.011    -61.134     57.972 0 1
2459749.68872 16.868 0.007    -54.880     36.374 0 1
2459751.73456 16.853 0.008     26.350     43.681 0 1
2459755.74433 16.854 0.008     23.960     44.487 0 1
2459896.03951 16.868 0.013    -55.971     69.793 0 1
2459896.04186 16.852 0.014     33.181     74.135 0 1
2459896.04421 16.851 0.015     35.450     83.393 0 1
2459896.04657 16.874 0.017    -82.934     89.449 0 1
2459896.04893 16.890 0.017   -170.385     90.610 0 1
2459899.03251 16.855 0.010     15.849     52.206 0 1
2459899.03498 16.866 0.009    -41.950     49.579 0 1
2459899.03745 16.858 0.010     -1.848     52.386 0 1
2459899.03994 16.855 0.009     15.415     50.085 0 1
2459899.04242 16.872 0.009    -75.045     47.878 0 1
2459902.03108 16.866 0.009    -41.737     49.900 0 1
2459902.03355 16.877 0.009   -103.577     48.555 0 1
2459902.03601 16.857 0.009      7.627     48.281 0 1
2459902.03849 16.863 0.009    -29.181     46.959 0 1
2459902.04096 16.851 0.009     35.358     47.788 0 1
2459915.03145 16.864 0.008    -34.477     41.933 0 1
2459923.99928 16.867 0.010    -48.548     54.138 0 1
2459933.04828 16.860 0.007     -9.253     38.676 0 1
2459937.00105 16.866 0.007    -41.103     37.065 0 1
2459951.94154 16.854 0.015     20.184     78.516 0 1
2460020.84255 16.861 0.005    -17.691     28.933 0 1
2460030.84321 16.855 0.006     18.836     32.965 0 1
2460036.92753 16.881 0.011   -122.366     57.393 0 1
2460043.86440 16.859 0.011     -6.094     56.619 0 1
2460045.79209 16.856 0.005      9.477     26.217 0 1
2460050.79743 16.859 0.005     -4.830     27.867 0 1
2460052.79938 16.860 0.006     -9.619     31.631 0 1
2460054.79210 16.856 0.007     13.248     38.047 0 1
2460056.81387 16.864 0.005    -30.157     28.055 0 1
2460058.76035 16.867 0.007    -46.443     36.870 0 1
2460060.80286 16.853 0.008     28.185     43.469 0 1
2460062.70634 16.857 0.007      7.074     35.295 0 1
2460064.80050 16.853 0.008     28.127     45.870 0 1
