# Instrumental magnitude: -8.508 mag
# DoPHOT object type: 2
2458198.86526 17.790 0.015    -53.560     34.596 0 1
2458217.85392 17.790 0.020    -53.108     45.528 0 1
2458218.83201 17.744 0.017     53.038     41.144 0 2
2458219.82163 17.765 0.031      3.761     72.467 0 2
2458224.83023 17.794 0.033    -62.630     74.996 0 1
2458230.75820 17.788 0.018    -48.126     40.443 0 1
2458231.76520 17.775 0.017    -17.554     39.118 0 2
2458233.71353 17.756 0.023     26.831     55.159 0 1
2458243.77934 17.754 0.016     30.376     37.049 0 1
2458246.73709 17.765 0.019      4.776     44.431 0 1
2458256.74651 17.780 0.017    -29.463     40.156 0 1
2458256.78113 17.800 0.017    -76.293     37.902 0 2
2458279.67284 17.785 0.020    -42.682     46.335 0 1
2458283.71366 17.758 0.015     20.061     35.470 0 1
2458286.78176 17.808 0.017    -93.095     37.978 0 1
2458289.71803 17.774 0.024    -16.641     55.287 0 1
2458293.73714 17.759 0.028     19.404     66.754 0 1
2458296.73628 17.818 0.033   -117.188     73.508 0 1
2458305.67997 17.780 0.022    -30.243     51.506 0 1
2458312.69418 17.748 0.022     44.742     51.393 0 1
2458450.03646 17.747 0.027     46.093     64.502 0 1
2458450.04378 17.789 0.030    -49.770     67.675 0 2
2458450.04876 17.752 0.028     35.586     66.109 0 2
2458450.05375 17.707 0.027    144.303     65.531 0 2
2458450.05873 17.801 0.033    -77.047     74.233 0 2
2458451.04495 17.741 0.023     60.941     54.140 0 2
2458451.04973 17.777 0.024    -22.193     56.223 0 2
2458451.05450 17.803 0.027    -82.201     61.825 0 2
2458451.05928 17.788 0.034    -48.994     76.763 0 2
2458475.98930 17.748 0.030     45.394     70.702 0 1
2458477.01020 17.756 0.025     25.363     59.103 0 1
2458488.02895 17.797 0.016    -69.985     37.168 0 1
2458503.04395 17.719 0.025    114.435     60.708 0 1
2458524.96567 17.785 0.016    -40.715     37.089 0 1
2458539.87998 17.775 0.020    -18.353     46.040 0 1
2458543.88047 17.784 0.018    -38.229     41.606 0 1
2458561.86182 17.749 0.032     41.594     76.067 0 1
2458568.81662 17.789 0.025    -51.464     56.900 0 1
2458573.79827 17.792 0.020    -57.147     44.886 0 1
2458584.80051 17.830 0.020   -141.564     43.698 0 1
2458593.82099 17.802 0.038    -80.950     85.844 0 1
2458596.79914 17.779 0.019    -28.239     44.721 0 1
2458606.73664 17.781 0.017    -32.803     38.584 0 1
2458617.75828 17.752 0.024     35.054     57.149 0 1
2458634.75739 17.810 0.017    -98.127     38.763 0 1
2458637.69429 17.782 0.015    -34.262     35.002 0 1
2458640.73677 17.779 0.016    -27.183     37.489 0 1
2458643.73814 17.767 0.019     -0.815     43.816 0 1
2458648.69348 17.772 0.039    -11.940     89.317 0 1
2458651.73466 17.799 0.038    -73.183     85.020 0 1
2458654.67457 17.770 0.022     -5.959     50.791 0 1
2458658.67705 17.784 0.019    -38.845     42.514 0 1
2458667.71584 17.798 0.018    -71.550     40.175 0 1
2458672.69223 17.757 0.023     22.821     54.202 0 1
2458676.69140 17.806 0.032    -88.888     72.932 0 1
2458679.69086 17.733 0.031     80.272     73.979 0 1
2458812.05358 17.744 0.031     55.235     73.496 0 2
2458812.05845 17.838 0.041   -159.688     90.599 0 2
2458854.07969 17.769 0.026     -4.852     59.851 0 1
2458877.04669 17.811 0.017    -99.815     36.983 0 1
2458884.04539 17.763 0.019      8.531     45.051 0 1
2458887.04307 17.782 0.020    -35.797     46.383 0 1
2458895.00552 17.810 0.019    -99.019     42.737 0 1
2458898.98174 17.792 0.014    -58.713     31.794 0 1
2458901.92259 17.765 0.014      4.743     33.681 0 1
2458904.98276 17.782 0.017    -33.893     39.726 0 1
2458908.98262 17.799 0.015    -72.369     34.089 0 1
2458911.96066 17.784 0.019    -38.402     43.749 0 1
2458914.90753 17.751 0.018     36.911     42.591 0 1
2458937.92954 17.854 0.018   -195.479     38.870 0 1
2458941.88133 17.796 0.019    -67.199     44.172 0 1
2458955.78453 17.783 0.018    -37.475     40.901 0 1
2458972.69869 17.784 0.026    -40.166     59.804 0 1
2458976.75850 17.829 0.036   -140.075     79.144 0 1
2458980.75650 17.791 0.013    -54.938     29.609 0 1
2458986.75920 17.771 0.015     -9.106     33.836 0 1
2458992.73658 17.784 0.014    -38.824     32.233 0 1
2458998.72890 17.803 0.018    -83.069     41.291 0 1
2459009.67380 17.747 0.021     46.432     49.268 0 1
2459017.73697 17.790 0.015    -53.945     34.883 0 1
2459020.73782 17.797 0.016    -69.712     35.438 0 1
2459033.67344 17.743 0.028     56.360     65.724 0 1
2459037.68899 17.802 0.022    -81.132     49.730 0 1
2459039.71193 17.773 0.017    -15.035     39.367 0 1
2459174.05357 17.821 0.055   -123.663    122.947 0 2
2459178.04106 17.779 0.022    -27.853     50.542 0 2
2459178.04574 17.748 0.021     45.195     48.854 0 2
2459178.05238 17.758 0.026     21.089     61.029 0 2
2459182.04391 17.744 0.022     55.082     51.701 0 2
2459182.04860 17.783 0.023    -35.935     52.394 0 2
2459182.05328 17.706 0.022    146.623     55.333 0 2
2459182.05797 17.800 0.029    -76.144     65.414 0 2
2459184.04888 17.773 0.043    -13.186    100.350 0 2
2459184.05355 17.810 0.039    -98.629     86.487 0 2
2459184.05823 17.766 0.035      3.123     82.216 0 2
2459184.06290 17.858 0.041   -204.161     87.497 0 2
2459185.04363 17.759 0.033     18.820     77.310 0 1
2459185.04832 17.804 0.032    -84.870     72.435 0 1
2459185.05300 17.734 0.030     78.661     72.624 0 1
2459185.05768 17.743 0.033     56.073     78.290 0 1
2459185.06236 17.744 0.040     53.353     95.364 0 1
2459186.04735 17.758 0.026     21.195     60.633 0 1
2459186.05205 17.753 0.028     32.601     66.900 0 1
2459186.05674 17.733 0.029     81.030     69.269 0 1
2459186.06145 17.763 0.036      9.351     85.315 0 1
2459201.04059 17.728 0.030     91.870     71.360 0 1
2459205.02017 17.801 0.016    -78.663     36.191 0 1
2459217.00690 17.796 0.029    -67.525     66.720 0 1
2459218.99791 17.753 0.021     32.509     50.118 0 1
2459232.00190 17.768 0.014     -1.472     32.799 0 1
2459251.98251 17.748 0.017     45.656     39.231 0 1
2459253.98965 17.742 0.014     59.922     34.073 0 1
2459255.92403 17.779 0.015    -27.243     34.212 0 1
2459262.87807 17.805 0.016    -88.056     35.290 0 1
2459265.01677 17.770 0.015     -6.297     35.842 0 1
2459268.87922 17.771 0.019     -8.952     43.773 0 1
2459270.87965 17.716 0.025    121.555     60.703 0 1
2459278.92703 17.806 0.022    -88.815     49.174 0 1
2459290.86339 17.765 0.015      3.942     34.583 0 1
2459304.82770 17.783 0.037    -37.818     84.753 0 1
2459305.84397 17.658 0.026    267.747     66.433 0 3
2459307.84382 17.785 0.016    -40.681     36.643 0 3
2459307.84713 17.770 0.015     -7.140     34.582 0 1
2459308.78235 17.798 0.015    -71.511     34.978 0 3
2459309.79835 17.761 0.015     14.333     36.045 0 1
2459310.84028 17.769 0.023     -4.084     54.145 0 3
2459311.80290 17.818 0.031   -115.674     68.504 0 1
2459317.82415 17.807 0.014    -90.639     31.872 0 1
2459321.81910 17.775 0.015    -17.428     34.019 0 1
2459323.83775 17.767 0.016     -0.071     37.889 0 1
2459325.78047 17.779 0.021    -27.540     47.719 0 1
2459334.78074 17.798 0.020    -70.203     45.006 0 1
2459338.79799 17.787 0.016    -45.600     37.042 0 1
2459340.78010 17.753 0.014     32.643     33.369 0 1
2459342.77968 17.798 0.016    -71.057     35.477 0 1
2459344.73719 17.752 0.014     34.735     33.857 0 1
2459346.80103 17.805 0.016    -86.357     35.502 0 1
2459354.73917 17.778 0.023    -25.050     53.778 0 1
2459362.74068 17.764 0.018      5.841     42.588 0 1
2459364.79994 17.754 0.017     31.084     39.103 0 1
2459366.71562 17.764 0.015      6.313     34.654 0 1
2459368.73061 17.768 0.014     -1.455     33.444 0 1
2459370.77457 17.782 0.016    -34.621     37.603 0 1
2459376.75689 17.790 0.017    -53.364     39.156 0 1
2459386.69536 17.743 0.037     55.850     87.595 0 1
2459390.79112 17.761 0.037     14.010     87.194 0 1
2459392.69589 17.808 0.017    -94.050     37.298 0 1
2459396.69217 17.781 0.017    -33.264     38.449 0 1
2459399.70993 17.824 0.020   -129.263     44.313 0 1
2459537.04445 17.735 0.035     75.338     83.785 0 1
2459537.04681 17.755 0.036     28.477     85.389 0 1
2459537.04917 17.744 0.033     53.021     77.493 0 1
2459537.05152 17.816 0.041   -112.162     92.124 0 1
2459537.05388 17.806 0.047    -90.196    105.126 0 1
2459538.05065 17.834 0.075   -151.927    165.349 0 1
2459541.05450 17.738 0.033     69.041     78.107 0 1
2459541.05695 17.815 0.039   -109.387     85.916 0 1
2459551.04139 17.765 0.017      5.692     39.154 0 1
2459551.04382 17.773 0.017    -14.443     40.043 0 1
2459551.04626 17.761 0.017     14.065     40.923 0 1
2459551.04869 17.767 0.018      0.959     41.417 0 1
2459551.05113 17.769 0.018     -3.500     41.219 0 1
2459601.00421 17.773 0.026    -14.631     60.178 0 1
2459636.96700 17.759 0.016     19.366     37.359 0 1
2459641.86440 17.773 0.016    -14.852     36.450 0 1
2459670.87676 17.787 0.014    -45.267     32.488 0 3
2459673.81807 17.793 0.017    -59.433     39.225 0 1
2459675.71809 17.809 0.018    -95.567     39.745 0 1
2459677.86687 17.775 0.018    -19.363     42.328 0 1
2459682.80212 17.760 0.023     15.397     53.567 0 1
2459687.87786 17.819 0.039   -118.750     86.030 0 1
2459690.82191 17.795 0.020    -63.877     44.398 0 1
2459696.75898 17.745 0.015     51.761     36.539 0 1
2459699.80694 17.744 0.016     53.976     37.047 0 1
2459702.75812 17.765 0.016      4.563     36.910 0 2
2459709.72677 17.728 0.021     91.387     49.524 0 1
2459709.77769 17.770 0.019     -6.189     45.257 0 1
2459714.71686 17.751 0.039     37.553     92.795 0 1
2459719.71406 17.783 0.015    -36.565     34.219 0 1
2459719.73811 17.776 0.016    -20.122     37.153 0 1
2459724.78013 17.790 0.016    -52.611     35.772 0 1
2459726.84273 17.756 0.016     24.993     38.647 0 1
2459730.71880 17.773 0.017    -14.637     39.175 0 1
2459730.71975 17.771 0.015     -9.390     34.584 0 3
2459732.70995    nan   nan        nan        nan 1 1
2459734.74104    nan   nan        nan        nan 1 1
2459736.69697 17.772 0.015    -12.078     34.911 0 1
2459738.75360 17.802 0.024    -79.582     53.625 0 1
2459742.75631 17.779 0.041    -26.758     95.459 0 1
2459747.69552 17.811 0.015   -100.082     32.673 0 1
2459751.75033 17.757 0.020     23.707     47.535 0 1
2459753.69391 17.796 0.018    -66.427     40.329 0 1
2459756.69028 17.795 0.016    -65.366     36.264 0 1
2459761.69327 17.797 0.016    -68.910     37.217 0 1
2459765.68878 17.773 0.017    -13.963     40.426 0 1
2459902.04316 17.769 0.027     -4.066     63.927 0 1
2459902.04536 17.783 0.030    -36.498     68.626 0 1
2459902.04771 17.778 0.030    -26.031     68.397 0 1
2459902.05007 17.770 0.034     -6.621     78.113 0 1
2459902.05242 17.823 0.037   -128.201     82.524 0 1
2459904.04686 17.812 0.032   -103.257     71.710 0 1
2459904.04932 17.817 0.036   -114.374     80.460 0 1
2459904.05177 17.735 0.037     75.239     89.825 0 1
2459904.05421 17.815 0.053   -110.218    117.584 0 1
2459905.04622 17.825 0.028   -132.190     62.927 0 1
2459905.05112 17.783 0.032    -36.166     74.527 0 1
2459907.05099 17.787 0.031    -45.689     71.327 0 1
2459907.05339 17.773 0.033    -13.128     75.434 0 1
2459907.05817 17.859 0.052   -205.418    111.819 0 1
2459914.04201 17.724 0.020    103.059     47.939 0 1
2459914.04429 17.783 0.023    -36.446     51.999 0 1
2459914.04677 17.781 0.021    -32.733     48.742 0 1
2459914.04923 17.710 0.020    136.731     49.070 0 1
2459914.05168 17.825 0.025   -131.785     55.092 0 1
2459915.04065 17.826 0.025   -134.519     55.222 0 1
2459924.03899 17.770 0.026     -8.074     59.336 0 1
2459937.04215 17.747 0.017     46.752     41.378 0 1
2459972.97988 17.749 0.019     42.216     45.587 0 1
2460021.91848 17.811 0.019   -101.562     42.921 0 1
2460046.82411 17.777 0.016    -24.020     36.988 0 1
2460055.77465 17.742 0.017     59.275     41.292 0 1
2460057.79751 17.777 0.015    -23.632     34.167 0 1
2460059.81866    nan   nan        nan        nan 1 1
2460061.78626    nan   nan        nan        nan 1 1
2460063.76063 17.780 0.018    -29.110     41.756 0 1
