# Instrumental magnitude: -7.652 mag
# DoPHOT object type: 6
2458198.88262 18.490 0.048    149.822     57.775 0 1
2458198.92095 18.567 0.032     60.679     35.702 0 1
2458217.93400 18.664 0.035    -42.148     35.680 0 1
2458217.95619 18.665 0.041    -43.602     41.680 0 1
2458247.78022 18.573 0.034     54.388     37.406 0 1
2458256.76204 18.677 0.040    -55.377     40.017 0 1
2458262.80111 18.544 0.051     87.096     57.654 0 1
2458270.80169 18.678 0.055    -56.795     55.248 0 1
2458273.82104 18.675 0.038    -54.058     38.814 0 1
2458279.75730 18.576 0.032     51.198     35.300 0 1
2458282.71473 18.669 0.033    -47.557     33.844 0 1
2458288.73733 18.614 0.037      9.476     39.546 0 1
2458291.73952 18.640 0.062    -17.658     64.551 0 1
2458295.75683 18.636 0.062    -14.070     64.967 0 1
2458304.67774 18.637 0.041    -15.251     42.701 0 1
2458312.71247 18.670 0.041    -48.545     41.948 0 1
2458336.69403 18.523 0.035    110.540     40.628 0 1
2458468.05009 18.529 0.047    103.765     53.895 0 2
2458468.05489 18.559 0.042     69.348     47.516 0 2
2458468.05970 18.593 0.043     31.924     46.821 0 2
2458469.05231 18.518 0.044    116.810     51.061 0 2
2458469.05716 18.521 0.038    112.948     43.845 0 2
2458469.06199 18.603 0.046     21.301     49.382 0 2
2458469.06682 18.536 0.046     95.809     53.360 0 2
2458472.05362 18.619 0.047      4.663     50.217 0 2
2458472.05858 18.521 0.043    112.773     49.740 0 2
2458472.06353 18.582 0.052     44.469     57.636 0 2
2458472.06849 18.541 0.064     90.525     73.175 0 2
2458473.05490 18.627 0.048     -3.874     50.379 0 2
2458473.05972 18.584 0.049     42.122     53.738 0 2
2458473.06453 18.530 0.056    103.085     65.047 0 2
2458473.06900 18.706 0.086    -84.461     84.588 0 2
2458477.05847 18.566 0.052     62.465     58.463 0 2
2458477.06335 18.595 0.056     29.889     60.619 0 2
2458477.06823 18.513 0.061    122.577     71.298 0 2
2458477.07311 18.562 0.072     66.232     81.078 0 2
2458482.04319 18.656 0.065    -34.308     66.875 0 1
2458483.06303 18.585 0.047     41.503     51.072 0 2
2458483.07370 18.718 0.069    -96.834     67.005 0 2
2458560.90332 18.639 0.045    -16.693     47.211 0 1
2458573.90445 18.567 0.038     60.703     42.712 0 1
2458581.90533 18.589 0.062     37.132     67.488 0 1
2458584.90092 18.592 0.042     33.494     46.236 0 1
2458587.90197 18.677 0.063    -55.755     63.838 0 1
2458591.90364 18.507 0.077    129.610     90.456 0 1
2458597.88435 18.610 0.042     13.732     45.359 0 1
2458602.82347 18.611 0.038     12.447     41.170 0 1
2458606.84177 18.631 0.035     -8.038     37.187 0 1
2458616.80002 18.708 0.046    -86.581     45.092 0 1
2458619.82295 18.497 0.106    142.088    126.033 0 1
2458628.81943 18.613 0.038     10.588     40.110 0 1
2458633.80344 18.650 0.038    -27.737     38.988 0 1
2458636.71587 18.514 0.032    121.942     37.642 0 1
2458639.77923 18.536 0.032     95.613     37.185 0 1
2458642.75783 18.663 0.033    -41.536     33.878 0 1
2458645.77870 18.628 0.056     -5.010     58.566 0 1
2458650.73746 18.452 0.071    196.211     87.975 0 1
2458660.71454 18.571 0.031     56.245     34.576 0 1
2458668.67826 18.614 0.038      9.465     40.764 0 1
2458674.72660 18.611 0.053     12.718     56.483 0 1
2458677.71418 18.623 0.071     -0.434     75.661 0 1
2458690.67133 18.500 0.038    137.871     44.519 0 1
2458716.64292 18.654 0.056    -32.379     58.138 0 1
2458723.63752 18.701 0.075    -80.033     73.824 0 1
2458882.04357 18.553 0.032     76.380     36.238 0 1
2458886.05067 18.652 0.036    -30.487     37.309 0 1
2458895.98942 18.567 0.041     60.855     45.399 0 1
2458900.02227 18.636 0.035    -14.059     36.327 0 1
2458905.00870 18.576 0.034     50.768     37.677 0 1
2458908.98964 18.698 0.042    -76.509     41.678 0 1
2458915.02446 18.701 0.033    -79.394     32.145 0 1
2458966.88104 18.615 0.034      8.515     36.654 0 1
2458973.84083 18.635 0.053    -13.080     55.000 0 1
2458978.79979 18.594 0.064     31.325     69.735 0 1
2458981.79740 18.620 0.038      3.338     40.680 0 1
2458992.75788 18.598 0.031     26.779     33.842 0 1
2458995.75979 18.640 0.031    -17.614     32.632 0 1
2458998.80353 18.633 0.032    -10.758     33.992 0 1
2459005.77286 18.465 0.073    180.278     89.856 0 1
2459012.75793 18.569 0.029     58.521     32.798 0 1
2459019.73709 18.599 0.030     26.097     32.056 0 1
2459022.73592 18.612 0.030     11.190     32.148 0 1
2459028.71596 18.706 0.048    -84.806     46.638 0 1
2459035.81864 18.468 0.085    176.702    103.717 0 1
2459038.69333 18.517 0.032    118.542     37.203 0 1
2459044.71524 18.606 0.034     17.752     36.912 0 1
2459112.61351 18.771 0.091   -146.862     84.356 0 2
2459112.61824 18.601 0.066     23.506     71.643 0 2
2459112.62297 18.604 0.065     20.610     69.654 0 2
2459112.62770 18.583 0.062     43.468     68.696 0 2
2459112.63243 18.718 0.069    -96.226     66.839 0 2
2459205.06615 18.575 0.043     51.544     47.968 0 1
2459205.06856 18.627 0.044     -4.277     46.401 0 1
2459205.07097 18.583 0.052     43.521     56.844 0 1
2459207.06687 18.620 0.080      2.945     85.385 0 1
2459207.06926 18.511 0.077    124.949     90.396 0 1
2459207.07164 18.566 0.094     62.155    105.430 0 1
2459228.99736 18.586 0.038     40.332     41.463 0 1
2459231.99576 18.588 0.034     37.892     37.571 0 1
2459248.94380 18.624 0.058     -1.401     61.732 0 1
2459254.00454 18.588 0.034     37.916     37.442 0 1
2459255.92600 18.568 0.032     59.781     36.048 0 1
2459262.98680 18.609 0.035     14.726     37.211 0 1
2459269.89790 18.644 0.050    -21.625     52.096 0 1
2459271.96198 18.665 0.058    -43.607     59.198 0 1
2459273.96588 18.491 0.082    149.240     98.056 0 1
2459275.92567 18.710 0.081    -88.555     79.414 0 1
2459278.98066 18.568 0.042     59.914     46.841 0 1
2459290.90072 18.597 0.032     28.062     34.598 0 1
2459292.90090 18.612 0.033     11.311     35.789 0 1
2459295.89517 18.593 0.043     31.939     46.393 0 1
2459297.88749 18.485 0.043    156.277     52.317 0 1
2459300.94637 18.676 0.082    -54.977     82.798 0 1
2459302.92409 18.481 0.079    160.985     95.851 0 1
2459305.85937 18.641 0.064    -19.316     66.803 0 1
2459309.88631 18.553 0.032     76.867     36.564 0 1
2459324.77975 18.632 0.045     -9.105     47.461 0 1
2459328.78606 18.575 0.054     51.921     59.467 0 1
2459334.84335 18.695 0.049    -73.704     48.990 0 1
2459336.86296 18.567 0.040     61.415     44.475 0 1
2459341.78588 18.650 0.033    -27.886     33.957 0 1
2459343.83930 18.638 0.033    -15.596     34.474 0 1
2459347.82246 18.626 0.031     -3.336     33.173 0 1
2459353.82270 18.617 0.036      5.843     38.218 0 1
2459356.79761 18.642 0.054    -20.362     56.496 0 1
2459361.87963 18.570 0.079     57.374     88.379 0 1
2459365.86060 18.564 0.044     64.410     48.666 0 1
2459369.82057 18.605 0.030     19.484     32.832 0 1
2459370.77770 18.605 0.031     18.976     33.260 0 3
2459370.77816 18.527 0.030    106.165     34.874 0 3
2459370.77862 18.555 0.031     74.242     35.132 0 3
2459370.77910 18.551 0.029     78.534     33.229 0 3
2459370.77956 18.526 0.028    107.165     32.198 0 3
2459370.78003 18.658 0.033    -36.975     33.672 0 3
2459370.78050 18.559 0.030     70.191     33.703 0 3
2459370.78096 18.594 0.032     30.945     35.052 0 3
2459370.78143 18.639 0.035    -17.094     36.041 0 3
2459370.78191 18.655 0.035    -33.770     35.663 0 3
2459370.78237 18.571 0.032     56.672     35.306 0 3
2459370.78331 18.596 0.032     28.529     35.095 0 3
2459370.78377 18.577 0.031     49.848     34.164 0 3
2459370.78425 18.626 0.033     -2.843     34.486 0 3
2459370.78471 18.619 0.031      4.011     33.459 0 3
2459370.78518 18.709 0.034    -87.890     33.533 0 3
2459370.78565 18.562 0.029     66.803     32.230 0 3
2459370.78612 18.612 0.030     12.148     31.990 0 3
2459370.78658 18.596 0.032     28.500     34.368 0 3
2459370.78705 18.577 0.030     49.321     33.292 0 3
2459370.78752 18.552 0.029     78.187     33.153 0 3
2459370.78798 18.599 0.030     25.848     32.647 0 3
2459370.78845 18.627 0.032     -4.663     33.669 0 3
2459370.78892 18.534 0.028     98.106     32.459 0 3
2459370.78939 18.586 0.030     39.543     33.330 0 3
2459370.78986 18.644 0.031    -22.198     32.234 0 3
2459370.79032 18.626 0.032     -3.272     33.499 0 3
2459370.79080 18.582 0.031     44.448     33.724 0 3
2459370.79126 18.591 0.031     34.348     33.525 0 3
2459370.79173 18.624 0.030     -1.550     32.193 0 3
2459370.79220 18.567 0.029     60.530     32.782 0 3
2459370.79266 18.597 0.030     27.970     33.046 0 3
2459370.79313 18.666 0.032    -44.350     32.948 0 3
2459370.79360 18.568 0.031     59.335     34.164 0 3
2459370.79407 18.565 0.031     63.271     34.919 0 3
2459370.79454 18.555 0.031     73.861     34.610 0 3
2459370.79501 18.602 0.032     22.833     34.570 0 3
2459370.79547 18.566 0.030     62.367     33.615 0 3
2459370.79594 18.603 0.033     21.810     35.283 0 3
2459370.79641 18.593 0.032     31.872     35.075 0 3
2459370.79687 18.522 0.029    111.843     34.033 0 3
2459370.79734 18.580 0.032     46.301     35.758 0 3
2459370.79781 18.583 0.033     42.668     36.017 0 3
2459370.79827 18.509 0.032    126.946     37.310 0 3
2459370.79875 18.554 0.032     75.179     36.121 0 3
2459370.79921 18.517 0.031    117.508     36.208 0 3
2459370.79969 18.626 0.033     -2.668     34.629 0 3
2459370.80015 18.559 0.031     70.180     34.458 0 3
2459370.80061 18.536 0.030     96.037     34.190 0 3
2459370.80109 18.638 0.032    -16.145     33.362 0 3
2459370.80155 18.597 0.033     27.759     35.756 0 3
2459370.80201 18.578 0.032     49.130     35.527 0 3
2459370.80249 18.623 0.034     -0.258     35.687 0 3
2459370.80295 18.583 0.033     43.366     36.474 0 3
2459370.80342 18.677 0.035    -55.921     35.474 0 3
2459370.80389 18.542 0.030     88.600     34.499 0 3
2459370.80436 18.593 0.032     32.376     34.729 0 3
2459370.80482 18.604 0.033     20.045     35.833 0 3
2459370.80529 18.620 0.034      3.016     36.537 0 3
2459370.80576 18.563 0.033     65.315     37.151 0 3
2459370.80622 18.597 0.034     27.797     36.519 0 3
2459370.80670 18.638 0.035    -15.760     36.450 0 3
2459370.80716 18.579 0.034     48.016     37.693 0 3
2459370.80764 18.529 0.032    103.699     37.208 0 3
2459370.80810 18.569 0.031     58.813     34.836 0 3
2459370.80856 18.616 0.035      7.213     37.015 0 3
2459370.80904 18.648 0.034    -25.883     35.468 0 3
2459370.80950 18.563 0.032     65.398     36.167 0 3
2459370.80996 18.649 0.033    -26.871     34.439 0 3
2459370.81044 18.541 0.031     90.644     35.703 0 3
2459370.81090 18.600 0.032     24.621     34.133 0 3
2459370.81136 18.623 0.035     -0.056     36.646 0 3
2459370.81184 18.602 0.034     22.050     36.583 0 3
2459370.81230 18.565 0.032     63.214     36.226 0 3
2459370.81276 18.651 0.035    -29.157     35.733 0 3
2459370.81324 18.672 0.035    -50.731     35.775 0 3
2459370.81370 18.516 0.031    119.347     36.774 0 3
2459370.81418 18.587 0.033     39.291     36.005 0 3
2459370.81464 18.638 0.034    -15.925     35.385 0 3
2459370.81511 18.662 0.035    -40.356     36.063 0 3
2459370.81558 18.655 0.035    -32.996     35.561 0 3
2459370.81604 18.571 0.033     56.195     36.269 0 3
2459370.81651 18.627 0.032     -4.624     34.202 0 3
2459370.81698 18.623 0.034     -0.115     35.853 0 3
2459370.81744 18.645 0.035    -22.858     36.075 0 3
2459370.81791 18.677 0.034    -56.261     34.323 0 3
2459370.81838 18.675 0.034    -53.604     34.342 0 3
2459370.81885 18.571 0.032     56.212     35.838 0 3
2459370.81931 18.633 0.034    -10.414     36.218 0 3
2459370.81979 18.541 0.031     90.109     35.605 0 3
2459370.82025 18.583 0.032     43.202     34.773 0 3
2459370.82071 18.592 0.031     32.825     33.301 0 3
2459370.82119 18.647 0.031    -25.256     32.317 0 3
2459370.82165 18.540 0.030     91.088     34.691 0 3
2459370.82213 18.630 0.032     -7.785     33.798 0 3
2459370.82259 18.562 0.031     66.916     34.634 0 3
2459370.82305 18.620 0.032      3.028     33.468 0 3
2459370.82353 18.595 0.034     30.218     36.545 0 3
2459370.82399 18.644 0.033    -21.908     34.315 0 3
2459370.82447 18.665 0.035    -43.316     35.249 0 3
2459370.82493 18.547 0.031     83.282     35.018 0 3
2459370.82540 18.655 0.037    -33.700     37.724 0 3
2459370.82587 18.616 0.034      7.900     36.556 0 3
2459370.82633 18.604 0.033     20.344     35.486 0 3
2459370.82680 18.673 0.036    -51.431     36.325 0 3
2459370.82727 18.574 0.032     53.092     36.002 0 3
2459370.82774 18.578 0.034     49.226     37.209 0 3
2459370.82820 18.587 0.032     39.110     35.450 0 3
2459370.82867 18.623 0.033      0.279     34.546 0 3
2459370.82914 18.629 0.034     -5.891     35.531 0 3
2459370.82960 18.621 0.034      1.918     36.072 0 3
2459370.83008 18.643 0.035    -21.141     36.203 0 3
2459370.83054 18.606 0.033     18.121     36.049 0 3
2459370.83102 18.613 0.030     11.132     32.276 0 3
2459370.83148 18.573 0.030     54.071     33.360 0 3
2459370.83194 18.638 0.034    -15.561     35.450 0 3
2459370.83242 18.573 0.032     54.084     34.992 0 3
2459370.83288 18.604 0.033     19.992     36.054 0 3
2459370.83335 18.617 0.034      6.605     36.139 0 3
2459370.83382 18.634 0.036    -11.554     37.440 0 3
2459370.83428 18.639 0.037    -16.653     38.436 0 3
2459370.83475 18.640 0.036    -17.563     37.578 0 3
2459370.83523 18.627 0.035     -4.328     36.852 0 3
2459370.83569 18.616 0.034      7.470     36.081 0 3
2459370.83615 18.578 0.034     48.706     37.783 0 3
2459370.83662 18.613 0.036     10.852     38.491 0 3
2459370.83709 18.642 0.035    -19.782     36.151 0 3
2459370.83756 18.611 0.033     13.221     35.340 0 3
2459370.83803 18.590 0.035     35.214     38.075 0 3
2459370.83849 18.663 0.036    -41.802     36.659 0 3
2459370.83896 18.581 0.033     45.184     35.944 0 3
2459370.83943 18.582 0.035     43.916     38.318 0 3
2459377.75731 18.626 0.034     -2.930     36.227 0 1
2459379.73662 18.644 0.031    -21.726     31.827 0 1
2459383.73433 18.554 0.056     75.422     63.467 0 1
2459385.73516 18.652 0.069    -29.934     71.276 0 1
2459390.81704 18.422 0.058    233.439     73.779 0 1
2459392.82100 18.480 0.055    161.505     66.218 0 1
2459394.80355 18.551 0.064     79.318     72.602 0 1
2459399.69316 18.662 0.037    -40.525     37.651 0 1
2459401.77871 18.484 0.037    157.142     44.458 0 1
2459403.69315 18.614 0.035      9.304     37.292 0 1
2459405.70094 18.582 0.038     44.479     41.982 0 1
2459409.68871 18.508 0.038    128.892     45.061 0 1
2459411.71473 18.441 0.058    210.080     72.395 0 1
2459415.69603 18.634 0.064    -11.767     67.370 0 1
2459425.68132 18.581 0.045     45.344     49.634 0 1
2459427.71007 18.752 0.054   -128.802     50.655 0 1
2459438.67410 18.481 0.045    160.901     53.743 0 1
2459450.68431 18.767 0.118   -142.640    109.889 0 1
2459477.62150 18.613 0.096     11.153    102.966 0 2
2459477.62359 18.710 0.097    -88.824     94.993 0 2
2459477.62567 18.551 0.088     78.364    100.036 0 2
2459477.62776 18.455 0.085    192.183    105.035 0 2
2459477.62984 18.576 0.091     50.834    100.571 0 2
2459601.02046 18.588 0.058     37.934     63.535 0 1
2459641.90641 18.672 0.035    -50.489     35.357 0 1
2459688.86677 18.765 0.078   -140.888     72.970 0 1
2459690.85838 18.683 0.046    -62.022     46.544 0 1
2459712.86059 18.638 0.077    -16.022     80.468 0 1
2459717.77450 18.492 0.053    147.378     63.899 0 1
2459719.82698 18.485 0.036    156.005     42.889 0 1
2459724.80053 18.562 0.033     66.206     37.005 0 1
2459734.73730 18.618 0.044      5.007     46.397 0 1
2459738.77442 18.574 0.043     52.782     48.026 0 1
2459743.71657 18.591 0.072     34.514     78.399 0 1
2459749.84514 18.530 0.051    103.191     58.467 0 1
2459751.77870 18.696 0.037    -75.104     36.925 0 1
2459753.71502 18.576 0.034     51.397     38.181 0 1
2459759.71286 18.608 0.033     16.331     35.759 0 1
2459761.69265 18.543 0.031     88.002     35.045 0 1
2459765.69389 18.534 0.034     98.753     39.314 0 1
2459773.69432 18.510 0.050    125.678     59.113 0 1
2459773.76115 18.737 0.086   -114.989     82.159 0 1
2459775.78225 18.573 0.064     54.319     71.487 0 1
2459778.69512 18.650 0.040    -28.470     41.216 0 1
2459784.79290 18.554 0.051     75.120     57.869 0 1
2459787.69297 18.527 0.037    106.666     43.183 0 1
2459789.71379 18.588 0.043     37.167     47.274 0 1
2459794.68026 18.648 0.045    -26.320     46.157 0 1
2459798.71166 18.600 0.059     24.140     63.607 0 1
2459806.69775 18.648 0.056    -26.016     57.538 0 1
2459808.68438 18.476 0.051    167.206     61.324 0 1
2459810.66298 18.572 0.050     54.904     55.870 0 1
2459842.62175 18.539 0.061     92.464     69.476 0 2
2459842.62383 18.637 0.065    -14.478     68.237 0 2
2459842.62592 18.592 0.066     33.057     72.422 0 2
2459842.62801 18.559 0.067     69.866     75.521 0 2
2459843.62095 18.557 0.064     71.688     72.259 0 2
2459843.62305 18.587 0.056     38.283     61.647 0 2
2459843.62513 18.625 0.059     -1.830     62.893 0 2
2459843.62721 18.666 0.060    -44.201     60.930 0 2
2459843.62930 18.647 0.062    -24.923     64.063 0 2
2459936.04922 18.572 0.045     55.020     49.578 0 1
2459936.05170 18.608 0.045     16.153     48.048 0 1
2459936.05420 18.501 0.045    137.299     53.329 0 1
2459936.05669 18.488 0.045    152.123     54.073 0 1
2459936.05919 18.575 0.051     51.705     56.408 0 1
2459938.05070 18.712 0.048    -90.057     46.865 0 1
2459938.05321 18.625 0.047     -1.993     49.709 0 1
2459938.06071 18.509 0.044    126.919     51.982 0 1
2459952.02986 18.631 0.074     -8.408     77.676 0 1
2459977.96312 18.512 0.050    123.557     58.111 0 1
2459986.00103 18.567 0.054     60.971     60.214 0 1
2460061.83243 18.574 0.035     52.812     38.870 0 1
2460063.88525 18.596 0.036     28.815     39.627 0 1
2460067.87330 18.528 0.075    104.696     87.203 0 1
