# Instrumental magnitude: -8.656 mag
# DoPHOT object type: 2
2458198.88256 17.634 0.020    -38.604     51.819 0 1
2458198.92088 17.608 0.011     29.766     28.752 0 1
2458217.93396 17.620 0.011     -2.072     30.355 0 1
2458217.95615 17.616 0.013      8.660     35.561 0 1
2458247.78022 17.619 0.011     -0.896     30.613 0 1
2458256.76205 17.602 0.013     47.096     35.666 0 1
2458262.80113 17.616 0.018      7.379     49.513 0 1
2458270.80173 17.644 0.017    -64.987     45.466 0 1
2458273.82108 17.607 0.013     31.980     34.538 0 1
2458279.75735 17.610 0.011     22.869     28.712 0 1
2458282.71478 17.615 0.011     10.906     28.833 0 1
2458288.73738 17.628 0.012    -25.235     31.363 0 1
2458291.73958 17.615 0.022     10.506     57.712 0 1
2458295.75689 17.629 0.023    -26.092     59.803 0 1
2458304.67781 17.603 0.014     42.854     39.021 0 1
2458312.71254 17.622 0.013     -7.800     33.386 0 1
2458336.69411 17.619 0.012      0.391     33.327 0 1
2458468.05004 17.631 0.018    -31.043     48.795 0 2
2458468.05484 17.638 0.016    -49.710     42.308 0 2
2458468.05965 17.603 0.016     42.930     42.981 0 2
2458469.05226 17.633 0.018    -38.463     47.342 0 2
2458469.05711 17.610 0.015     23.584     40.237 0 2
2458469.06194 17.627 0.017    -21.789     43.942 0 2
2458469.06677 17.626 0.020    -17.768     52.246 0 2
2458472.05357 17.660 0.017   -108.619     44.763 0 2
2458472.05853 17.613 0.016     15.750     41.865 0 2
2458472.06348 17.618 0.019      3.979     49.802 0 2
2458472.06844 17.607 0.028     33.409     74.924 0 2
2458473.05485 17.633 0.018    -38.075     46.529 0 2
2458473.05966 17.633 0.019    -37.937     50.297 0 2
2458473.06448 17.616 0.022      7.460     59.573 0 2
2458473.06895 17.664 0.031   -117.375     79.792 0 2
2458477.05841 17.525 0.020    262.942     58.266 0 2
2458477.06329 17.618 0.023      2.110     61.804 0 2
2458477.06817 17.619 0.024     -0.246     64.824 0 2
2458477.07305 17.538 0.027    223.719     76.920 0 2
2458482.04313 17.607 0.023     31.344     62.741 0 1
2458483.05874 17.645 0.040    -69.683    102.997 0 2
2458483.06297 17.612 0.017     17.945     46.912 0 2
2458483.07363 17.630 0.024    -28.337     63.737 0 2
2458504.01672 17.633 0.052    -37.799    135.949 0 1
2458541.02621 17.635 0.014    -41.180     36.312 0 1
2458560.90326 17.584 0.016     94.117     44.274 0 1
2458573.90440 17.603 0.014     42.107     38.132 0 1
2458581.90529 17.636 0.022    -44.196     57.339 0 1
2458584.90088 17.586 0.014     89.701     39.046 0 1
2458587.90194 17.637 0.023    -47.460     59.725 0 1
2458591.90361 17.556 0.028    173.339     80.557 0 1
2458597.88433 17.609 0.014     27.730     38.941 0 1
2458602.82345 17.624 0.013    -14.571     34.353 0 1
2458606.84176 17.611 0.011     20.161     30.790 0 1
2458616.80003 17.605 0.015     37.281     40.664 0 1
2458619.82296 17.701 0.045   -210.400    111.164 0 1
2458628.81946 17.612 0.012     19.659     32.782 0 1
2458633.80346 17.628 0.012    -23.162     32.331 0 1
2458636.71590 17.619 0.010     -0.713     27.520 0 1
2458639.77927 17.606 0.011     35.718     29.968 0 1
2458642.75788 17.613 0.010     15.423     27.463 0 1
2458645.77875 17.578 0.019    111.934     53.412 0 1
2458650.73751 17.619 0.030     -0.843     80.069 0 1
2458660.71460 17.625 0.010    -15.997     25.957 0 1
2458668.67833 17.629 0.012    -26.276     32.170 0 1
2458674.72667 17.614 0.019     13.794     50.270 0 1
2458677.71425 17.614 0.025     12.597     67.007 0 1
2458690.67141 17.580 0.014    106.007     37.702 0 1
2458698.66579 17.570 0.017    132.856     47.154 0 1
2458716.64300 17.593 0.019     68.999     52.087 0 1
2458723.63760 17.592 0.025     72.061     67.853 0 1
2458882.04348 17.618 0.011      3.797     30.005 0 1
2458886.05059 17.594 0.011     67.368     31.318 0 1
2458895.98934 17.586 0.015     90.448     40.073 0 1
2458900.02219 17.610 0.011     23.305     30.614 0 1
2458905.00863 17.590 0.012     77.960     32.022 0 1
2458908.98956 17.622 0.012     -7.600     32.595 0 1
2458915.02438 17.620 0.009     -3.515     23.312 0 1
2458966.88103 17.606 0.011     35.918     29.870 0 1
2458973.84083 17.655 0.018    -95.745     46.486 0 1
2458978.79979 17.606 0.024     35.255     63.968 0 1
2458981.79741 17.587 0.013     85.988     34.955 0 1
2458992.75790 17.605 0.010     38.417     27.735 0 1
2458995.75982 17.614 0.010     14.626     25.902 0 1
2458998.80356 17.610 0.010     24.268     27.883 0 1
2459005.77290 17.603 0.030     43.345     80.630 0 1
2459012.75797 17.608 0.009     28.531     23.846 0 1
2459019.73715 17.619 0.009     -0.084     25.149 0 1
2459022.73598 17.611 0.009     21.433     24.159 0 1
2459028.71602 17.617 0.016      6.072     42.219 0 1
2459035.81871 17.558 0.036    168.085    100.911 0 1
2459038.69340 17.608 0.011     30.170     29.941 0 1
2459044.71531 17.589 0.011     80.898     30.027 0 1
2459112.61357 17.659 0.027   -105.523     70.083 0 2
2459112.61830 17.598 0.022     56.887     61.088 0 2
2459112.62303 17.579 0.022    108.575     60.145 0 2
2459112.62776 17.584 0.022     96.254     60.756 0 2
2459112.63250 17.624 0.022    -13.056     58.952 0 2
2459205.06609 17.633 0.015    -35.961     40.130 0 1
2459205.06850 17.582 0.017    101.148     45.885 0 1
2459205.07091 17.605 0.020     37.601     53.032 0 1
2459207.06682 17.660 0.031   -107.533     80.982 0 1
2459207.07159 17.692 0.042   -189.222    105.285 0 1
2459228.99729 17.625 0.013    -15.504     35.111 0 1
2459231.99568 17.626 0.012    -18.891     31.175 0 1
2459248.94372 17.119 0.018   1694.999     75.156 0 1
2459254.00446 17.606 0.011     34.675     29.916 0 1
2459255.92592 17.594 0.012     66.254     31.633 0 1
2459262.98672 17.613 0.012     16.923     31.207 0 1
2459269.89782 17.633 0.017    -36.307     45.613 0 1
2459271.96190 17.603 0.022     44.381     58.589 0 1
2459273.96581 17.646 0.035    -71.063     92.238 0 1
2459275.92559 17.642 0.029    -60.881     77.075 0 1
2459278.98059 17.591 0.015     74.715     41.754 0 1
2459290.90065 17.613 0.010     16.940     25.749 0 1
2459292.90084 17.608 0.010     30.360     27.834 0 1
2459295.89511 17.613 0.015     16.492     41.613 0 1
2459297.88743 17.590 0.017     79.051     47.545 0 1
2459300.94631 17.613 0.030     15.787     80.443 0 1
2459302.92403 17.549 0.034    192.841     96.280 0 1
2459305.85932 17.658 0.025   -102.486     63.660 0 1
2459307.92143 17.591 0.013     75.776     35.888 0 1
2459309.88626 17.629 0.012    -25.648     30.538 0 1
2459324.77972 17.612 0.015     18.363     40.486 0 1
2459328.78604 17.634 0.021    -38.613     56.326 0 1
2459334.84334 17.631 0.016    -30.592     42.190 0 1
2459336.86295 17.583 0.014     98.871     38.353 0 1
2459339.82286 17.626 0.009    -19.865     24.435 0 1
2459341.78588 17.612 0.010     19.050     27.008 0 1
2459343.83930 17.609 0.009     26.058     25.360 0 1
2459353.82272 17.591 0.011     76.294     30.953 0 1
2459356.79763 17.613 0.019     16.631     50.231 0 1
2459361.87965 17.609 0.028     26.069     75.083 0 1
2459370.78147 17.623 0.011    -11.100     28.066 0 3
2459370.78709 17.611 0.009     21.089     24.577 0 3
2459370.78849 17.618 0.010      3.785     25.889 0 3
2459370.79270 17.593 0.009     69.675     24.923 0 3
2459370.79597 17.621 0.011     -4.066     28.399 0 3
2459370.79691 17.593 0.010     70.631     26.362 0 3
2459370.79831 17.614 0.011     12.484     30.207 0 3
2459370.79925 17.605 0.011     36.815     28.740 0 3
2459370.80019 17.629 0.010    -26.011     27.104 0 3
2459370.80065 17.599 0.010     54.391     26.369 0 3
2459370.80113 17.615 0.010     10.283     26.429 0 3
2459370.80159 17.607 0.010     32.768     28.148 0 3
2459370.80253 17.632 0.011    -34.215     28.135 0 3
2459370.80299 17.616 0.011      6.970     28.723 0 3
2459370.80393 17.616 0.010      6.860     27.158 0 3
2459370.80440 17.618 0.010      2.384     27.293 0 3
2459370.80533 17.603 0.011     41.800     29.679 0 3
2459370.80580 17.604 0.011     39.469     30.438 0 3
2459370.80626 17.626 0.011    -17.377     29.045 0 3
2459370.80674 17.611 0.011     22.316     28.757 0 3
2459370.80720 17.629 0.012    -27.708     30.931 0 3
2459370.80767 17.614 0.011     12.720     30.437 0 3
2459370.80814 17.610 0.010     24.597     27.894 0 3
2459370.80860 17.613 0.011     14.932     30.222 0 3
2459370.80908 17.614 0.011     14.469     28.706 0 3
2459370.80954 17.601 0.011     47.760     28.706 0 3
2459370.81000 17.623 0.010    -11.606     27.748 0 3
2459370.81048 17.631 0.011    -31.061     28.899 0 3
2459370.81094 17.605 0.010     38.892     27.220 0 3
2459370.81140 17.624 0.011    -13.004     29.957 0 3
2459370.81234 17.608 0.011     29.833     29.585 0 3
2459370.81280 17.606 0.011     34.516     29.150 0 3
2459370.81328 17.626 0.011    -18.785     28.858 0 3
2459370.81421 17.607 0.010     32.117     28.167 0 3
2459370.81468 17.593 0.010     69.246     27.242 0 3
2459370.81515 17.599 0.011     54.648     30.063 0 3
2459370.81562 17.621 0.011     -4.832     28.419 0 3
2459370.81608 17.614 0.011     12.985     28.210 0 3
2459370.81655 17.603 0.010     43.946     25.933 0 3
2459370.81702 17.614 0.010     13.753     27.987 0 3
2459370.81748 17.620 0.011     -3.566     28.117 0 3
2459370.81795 17.608 0.010     30.092     27.930 0 3
2459370.81842 17.598 0.010     57.462     26.152 0 3
2459370.81889 17.612 0.010     19.273     28.134 0 3
2459370.81935 17.595 0.011     64.432     29.320 0 3
2459370.81983 17.601 0.010     49.603     28.021 0 3
2459370.82029 17.603 0.010     44.261     27.819 0 3
2459370.82075 17.593 0.010     69.549     28.425 0 3
2459370.82123 17.597 0.010     59.525     27.592 0 3
2459370.82216 17.604 0.010     39.638     27.952 0 3
2459370.82263 17.594 0.011     68.406     28.711 0 3
2459370.82309 17.620 0.011     -3.988     28.014 0 3
2459370.82357 17.625 0.011    -16.115     30.160 0 3
2459370.82403 17.614 0.011     13.645     28.206 0 3
2459370.82450 17.624 0.011    -12.395     29.239 0 3
2459370.82497 17.596 0.011     60.789     29.773 0 3
2459370.82544 17.599 0.011     53.807     30.459 0 3
2459370.82590 17.594 0.011     67.704     30.347 0 3
2459370.82637 17.616 0.011      7.616     28.511 0 3
2459370.82684 17.604 0.011     40.227     28.869 0 3
2459370.82730 17.590 0.010     79.201     27.892 0 3
2459370.82778 17.580 0.010    104.926     28.971 0 3
2459370.82824 17.626 0.010    -18.995     27.282 0 3
2459370.82870 17.602 0.010     44.647     26.900 0 3
2459370.82918 17.600 0.010     52.323     28.085 0 3
2459370.82964 17.643 0.010    -63.852     25.531 0 3
2459370.83012 17.613 0.011     16.242     29.791 0 3
2459370.83058 17.606 0.010     35.804     28.048 0 3
2459370.83105 17.602 0.011     45.222     28.621 0 3
2459370.83152 17.628 0.010    -22.804     25.875 0 3
2459370.83198 17.606 0.011     34.489     29.913 0 3
2459370.83245 17.612 0.011     19.025     30.056 0 3
2459370.83292 17.632 0.011    -34.910     29.099 0 3
2459370.83339 17.624 0.011    -12.686     29.404 0 3
2459370.83385 17.594 0.011     67.508     29.989 0 3
2459370.83432 17.602 0.012     46.467     31.231 0 3
2459370.83479 17.608 0.011     29.218     28.737 0 3
2459370.83527 17.596 0.011     61.354     28.771 0 3
2459370.83573 17.614 0.010     12.749     28.018 0 3
2459370.83619 17.607 0.011     33.515     29.689 0 3
2459370.83666 17.617 0.011      6.438     29.365 0 3
2459370.83713 17.615 0.011     11.967     28.166 0 3
2459370.83759 17.600 0.011     52.515     28.892 0 3
2459370.83807 17.623 0.011    -11.048     28.573 0 3
2459370.83853 17.616 0.010      9.102     27.176 0 3
2459370.83899 17.608 0.011     29.573     28.586 0 3
2459370.83947 17.623 0.011    -10.989     30.383 0 3
2459377.75735 17.637 0.011    -48.878     29.234 0 1
2459379.73667 17.614 0.010     14.298     26.739 0 1
2459383.73438 17.624 0.021    -12.570     55.887 0 1
2459385.73521 17.595 0.025     65.767     67.423 0 1
2459390.81710 17.648 0.026    -77.667     68.806 0 1
2459392.82106 17.584 0.022     96.138     60.281 0 1
2459394.80361 17.592 0.024     74.107     64.581 0 1
2459399.69323 17.610 0.011     22.984     29.826 0 1
2459401.77878 17.626 0.014    -18.739     36.425 0 1
2459403.69322 17.597 0.011     59.648     30.205 0 1
2459409.68878 17.599 0.014     53.498     37.610 0 1
2459411.71480 17.600 0.024     50.997     65.040 0 1
2459415.69611 17.595 0.023     65.734     61.471 0 1
2459425.68140 17.648 0.016    -75.855     42.427 0 1
2459427.71015 17.579 0.016    109.576     44.496 0 1
2459438.67419 17.598 0.018     55.568     47.778 0 1
2459450.68439 17.589 0.036     80.061     99.232 0 1
2459477.62157 17.625 0.034    -15.397     90.256 0 2
2459477.62365 17.638 0.035    -49.405     90.830 0 2
2459477.62573 17.548 0.029    197.205     82.284 0 2
2459477.62782 17.688 0.039   -177.884     98.001 0 2
2459477.62990 17.632 0.035    -33.287     91.640 0 2
2459601.02038 17.624 0.023    -12.360     60.136 0 1
2459688.86674 17.651 0.026    -83.755     66.940 0 1
2459690.85836 17.614 0.015     12.242     39.606 0 1
2459712.86059 17.628 0.026    -23.538     67.599 0 1
2459717.77451 17.587 0.023     88.057     62.943 0 1
2459719.82700 17.653 0.015    -88.825     39.817 0 1
2459734.73734 17.601 0.014     47.279     38.695 0 1
2459738.77446 17.602 0.015     45.460     40.783 0 1
2459743.71662 17.603 0.029     43.010     77.518 0 1
2459749.84520 17.610 0.019     24.188     51.803 0 1
2459765.69396 17.626 0.013    -19.532     33.372 0 1
2459773.69440 17.612 0.020     19.500     52.449 0 1
2459773.76123 17.644 0.029    -64.788     75.566 0 1
2459775.78233 17.609 0.024     26.085     63.734 0 1
2459778.69519 17.604 0.012     40.584     33.554 0 1
2459784.79299 17.612 0.019     18.967     51.612 0 1
2459787.69305 17.616 0.014      8.670     38.264 0 1
2459789.71387 17.607 0.015     32.203     40.469 0 1
2459794.68034 17.641 0.015    -57.660     39.042 0 1
2459798.71174 17.624 0.022    -13.390     59.707 0 1
2459806.69784 17.577 0.019    114.142     52.236 0 1
2459808.68446 17.610 0.020     23.754     54.778 0 1
2459810.66306 17.601 0.016     49.811     44.574 0 1
2459842.62181 17.596 0.023     63.224     63.392 0 2
2459842.62389 17.628 0.023    -24.772     60.249 0 2
2459842.62599 17.595 0.024     63.649     64.853 0 2
2459842.62807 17.616 0.025      7.754     67.627 0 2
2459842.63015 17.591 0.027     75.969     74.675 0 2
2459843.62102 17.614 0.023     12.723     63.008 0 2
2459843.62311 17.613 0.021     16.984     56.480 0 2
2459843.62519 17.607 0.021     31.958     55.630 0 2
2459843.62728 17.606 0.021     35.012     57.468 0 2
2459843.62936 17.643 0.021    -64.680     55.837 0 2
2459936.04916 17.584 0.016     93.820     43.815 0 1
2459936.05165 17.629 0.016    -27.044     43.602 0 1
2459936.05415 17.620 0.018     -3.451     48.210 0 1
2459936.05664 17.623 0.019    -11.196     50.288 0 1
2459936.05914 17.620 0.018     -3.282     47.517 0 1
2459938.05315 17.640 0.018    -56.725     46.363 0 1
2459938.06065 17.594 0.018     67.720     49.044 0 1
2459952.02979 17.573 0.026    126.753     73.412 0 1
2459970.03057 17.619 0.014     -0.966     38.055 0 1
2459977.96303 17.623 0.021    -10.891     56.353 0 1
2459986.00095 17.618 0.022      2.917     57.657 0 1
2460067.87329 17.672 0.035   -137.904     88.251 0 1
