# Instrumental magnitude: -8.716 mag
# DoPHOT object type: 2
2458198.88229 17.555 0.019     12.616     53.048 0 1
2458198.92061 17.560 0.013     -1.437     36.930 0 1
2458217.93377 17.563 0.014    -10.292     38.502 0 1
2458217.95597 17.553 0.014     16.407     41.102 0 1
2458247.78021 17.533 0.013     73.577     38.210 0 1
2458256.76210 17.582 0.016    -64.720     42.974 0 1
2458262.80121 17.492 0.016    196.475     49.516 0 1
2458270.80186 17.577 0.019    -51.616     52.807 0 1
2458273.82122 17.569 0.014    -28.391     38.078 0 1
2458279.75753 17.567 0.013    -23.557     36.493 0 1
2458282.71498 17.567 0.013    -22.494     36.893 0 1
2458288.73760 17.545 0.014     40.201     40.097 0 1
2458291.73981 17.566 0.022    -18.432     60.864 0 1
2458295.75715 17.593 0.022    -95.428     60.271 0 1
2458304.67810 17.571 0.014    -33.542     38.753 0 1
2458312.71286 17.557 0.014      6.224     38.548 0 1
2458336.69448 17.584 0.013    -70.282     36.770 0 1
2458339.65366 17.591 0.023    -88.058     62.384 0 1
2458468.05464 17.598 0.019   -107.251     52.198 0 2
2458468.05945 17.531 0.018     79.308     52.432 0 2
2458469.05206 17.509 0.018    143.970     52.724 0 2
2458469.05690 17.572 0.017    -37.446     46.254 0 2
2458469.06173 17.535 0.018     67.664     52.764 0 2
2458469.06657 17.533 0.020     73.143     58.022 0 2
2458472.05335 17.547 0.019     33.935     53.855 0 2
2458472.05831 17.552 0.018     20.550     50.435 0 2
2458472.06326 17.555 0.020     12.316     57.308 0 2
2458472.06822 17.597 0.028   -106.604     75.456 0 2
2458473.05462 17.568 0.019    -26.656     53.161 0 2
2458473.05944 17.549 0.019     28.992     55.441 0 2
2458473.06425 17.559 0.023      0.291     64.945 0 2
2458473.06872 17.599 0.031   -110.626     84.844 0 2
2458477.05817 17.538 0.021     59.060     61.225 0 2
2458477.06305 17.545 0.023     40.840     65.905 0 2
2458477.06793 17.577 0.025    -49.362     68.171 0 2
2458477.07281 17.591 0.027    -87.969     75.119 0 2
2458483.05847 17.544 0.027     43.447     76.493 0 2
2458483.06270 17.547 0.018     33.126     51.773 0 2
2458483.07336 17.556 0.024      7.585     67.830 0 2
2458504.01638 17.498 0.047    175.930    141.766 0 1
2458541.02587 17.574 0.016    -42.397     43.192 0 1
2458560.90297 17.578 0.017    -53.642     47.683 0 1
2458573.90417 17.530 0.015     81.674     44.202 0 1
2458581.90510 17.527 0.021     91.612     59.664 0 1
2458584.90070 17.526 0.015     94.613     43.495 0 1
2458587.90178 17.589 0.023    -82.418     64.364 0 1
2458591.90347 17.538 0.025     61.002     73.362 0 1
2458597.88423 17.551 0.016     22.891     44.641 0 1
2458602.82338 17.585 0.016    -73.732     43.217 0 1
2458606.84171 17.574 0.014    -43.006     38.267 0 1
2458616.80004 17.540 0.015     54.452     43.784 0 1
2458619.82300 17.581 0.037    -60.474    102.678 0 1
2458628.81954 17.556 0.014      7.112     39.051 0 1
2458633.80358 17.553 0.013     17.613     37.139 0 1
2458636.71603 17.583 0.013    -65.782     36.130 0 1
2458639.77942 17.557 0.013      6.861     37.041 0 1
2458642.75804 17.556 0.012      7.859     33.986 0 1
2458645.77893 17.555 0.019     12.450     54.819 0 1
2458650.73772 17.541 0.029     50.836     82.040 0 1
2458660.71485 17.563 0.012    -11.848     34.568 0 1
2458668.67862 17.561 0.015     -4.926     41.101 0 1
2458674.72698 17.555 0.019     10.146     52.651 0 1
2458677.71457 17.519 0.024    113.611     68.863 0 1
2458690.67176 17.557 0.016      6.088     44.284 0 1
2458693.70799 17.628 0.025   -189.291     66.068 0 1
2458698.66615 17.637 0.019   -212.862     48.937 0 1
2458716.64336 17.551 0.018     23.495     51.951 0 1
2458723.63795 17.642 0.026   -224.583     67.103 0 1
2458882.04313 17.567 0.013    -23.302     37.187 0 1
2458886.05023 17.565 0.014    -17.690     38.530 0 1
2458895.98898 17.570 0.016    -30.605     45.759 0 1
2458900.02183 17.588 0.013    -80.022     35.156 0 1
2458905.00828 17.554 0.014     13.484     39.614 0 1
2458908.98923 17.582 0.014    -63.222     38.550 0 1
2458915.02406 17.586 0.012    -75.436     33.531 0 1
2458954.98539 17.564 0.017    -14.557     47.243 0 1
2458966.88095 17.582 0.013    -65.256     35.409 0 1
2458973.84079 17.608 0.018   -134.519     49.806 0 1
2458978.79978 17.542 0.021     49.644     61.155 0 1
2458981.79742 17.544 0.014     41.758     40.831 0 1
2458992.75798 17.580 0.013    -57.781     35.382 0 1
2458995.75991 17.555 0.012     10.030     34.949 0 1
2458998.80368 17.562 0.011     -9.826     32.015 0 1
2459005.77305 17.557 0.031      5.484     87.845 0 1
2459012.75817 17.568 0.012    -24.213     33.774 0 1
2459019.73737 17.578 0.012    -52.807     32.739 0 1
2459022.73622 17.562 0.011     -7.468     31.923 0 1
2459028.71629 17.572 0.017    -36.526     46.391 0 1
2459035.81900 17.578 0.031    -51.803     85.426 0 1
2459038.69370 17.579 0.012    -56.103     34.357 0 1
2459044.71563 17.599 0.013   -109.839     34.645 0 1
2459112.61386 17.554 0.024     12.839     67.762 0 2
2459112.61859 17.562 0.023     -7.661     64.843 0 2
2459112.62331 17.711 0.025   -400.991     60.871 0 2
2459112.62805 17.611 0.021   -142.511     56.880 0 2
2459112.63278 17.524 0.019    101.565     55.174 0 2
2459205.06586 17.586 0.018    -73.919     48.688 0 1
2459205.06827 17.555 0.019     10.707     53.059 0 1
2459205.07068 17.615 0.023   -154.668     60.405 0 1
2459207.06896 17.687 0.041   -341.327    101.985 0 1
2459228.99696 17.558 0.015      2.507     42.440 0 1
2459231.99535 17.561 0.013     -4.859     37.319 0 1
2459248.94336 17.603 0.023   -122.006     62.554 0 1
2459254.00410 17.584 0.014    -70.660     37.306 0 1
2459255.92556 17.549 0.014     28.915     38.832 0 1
2459262.98636 17.571 0.014    -34.519     39.624 0 1
2459269.89748 17.580 0.020    -59.740     54.857 0 1
2459271.96156 17.544 0.022     43.476     63.335 0 1
2459273.96547 17.584 0.035    -68.777     95.797 0 1
2459275.92526 17.593 0.027    -93.829     73.123 0 1
2459278.98026 17.599 0.017   -111.001     46.406 0 1
2459290.90037 17.564 0.012    -13.541     34.714 0 1
2459292.90056 17.572 0.013    -37.313     37.027 0 1
2459295.89484 17.524 0.016    100.601     48.035 0 1
2459297.88717 17.570 0.018    -30.246     51.677 0 1
2459300.94606 17.536 0.025     64.944     72.597 0 1
2459302.92380 17.520 0.028    113.450     82.665 0 1
2459305.85910 17.555 0.024     11.693     66.889 0 1
2459307.92121 17.563 0.014    -10.925     39.009 0 1
2459309.88606 17.599 0.014   -109.719     38.534 0 1
2459311.96661 17.560 0.014     -2.154     38.264 0 1
2459317.92511 17.546 0.012     37.351     32.994 0 1
2459324.77960 17.541 0.017     52.610     47.615 0 1
2459328.78594 17.609 0.022   -137.912     58.213 0 1
2459334.84328 17.600 0.018   -112.569     48.149 0 1
2459336.86290 17.541 0.015     50.508     43.252 0 1
2459339.82283 17.573 0.012    -38.795     32.080 0 1
2459341.78586 17.540 0.012     53.280     34.035 0 1
2459343.83929 17.582 0.013    -65.329     36.732 0 1
2459352.91019 17.539 0.016     56.386     45.177 0 2
2459352.91113 17.520 0.015    112.489     43.493 0 2
2459353.82277 17.585 0.014    -71.724     38.854 0 1
2459356.79770 17.565 0.020    -17.822     55.815 0 1
2459361.87975 17.564 0.027    -14.040     74.807 0 1
2459365.86075 17.568 0.015    -25.748     43.136 0 1
2459369.82075 17.569 0.012    -27.153     33.986 0 1
2459370.77789 17.561 0.012     -4.700     35.228 0 3
2459370.77835 17.595 0.012    -98.721     34.146 0 3
2459370.77881 17.566 0.013    -20.940     35.568 0 3
2459370.77929 17.558 0.012      2.334     33.972 0 3
2459370.77975 17.561 0.012     -5.899     32.465 0 3
2459370.78022 17.588 0.012    -80.858     33.366 0 3
2459370.78069 17.556 0.011      9.401     31.825 0 3
2459370.78115 17.558 0.012      2.954     34.824 0 3
2459370.78162 17.555 0.013     12.702     35.551 0 3
2459370.78210 17.548 0.013     31.288     36.161 0 3
2459370.78256 17.566 0.013    -20.585     35.839 0 3
2459370.78302 17.564 0.012    -13.464     35.012 0 3
2459370.78350 17.589 0.013    -83.915     34.571 0 3
2459370.78396 17.559 0.012      1.144     33.200 0 3
2459370.78444 17.573 0.012    -39.126     32.848 0 3
2459370.78490 17.561 0.012     -4.884     34.913 0 3
2459370.78537 17.577 0.012    -50.144     34.107 0 3
2459370.78584 17.541 0.012     50.303     34.106 0 3
2459370.78631 17.581 0.012    -60.683     33.912 0 3
2459370.78677 17.579 0.012    -55.868     33.929 0 3
2459370.78724 17.531 0.012     79.294     33.349 0 3
2459370.78771 17.582 0.012    -64.773     33.859 0 3
2459370.78817 17.564 0.012    -13.066     34.633 0 3
2459370.78911 17.546 0.012     37.370     33.323 0 3
2459370.78957 17.586 0.013    -75.030     34.644 0 3
2459370.79005 17.580 0.012    -58.155     34.117 0 3
2459370.79051 17.547 0.012     34.737     33.893 0 3
2459370.79099 17.559 0.012      0.711     34.026 0 3
2459370.79145 17.562 0.012     -8.679     34.523 0 3
2459370.79192 17.552 0.012     20.459     34.977 0 3
2459370.79239 17.603 0.012   -123.046     32.202 0 3
2459370.79285 17.568 0.012    -25.937     33.535 0 3
2459370.79332 17.554 0.012     14.895     34.695 0 3
2459370.79379 17.569 0.012    -29.206     34.073 0 3
2459370.79426 17.551 0.012     21.643     34.554 0 3
2459370.79472 17.558 0.013      1.841     35.568 0 3
2459370.79520 17.556 0.012      8.797     34.918 0 3
2459370.79566 17.540 0.012     53.865     33.841 0 3
2459370.79612 17.553 0.013     15.733     35.542 0 3
2459370.79660 17.563 0.013    -11.890     35.348 0 3
2459370.79706 17.544 0.012     42.529     34.158 0 3
2459370.79753 17.557 0.013      5.813     36.812 0 3
2459370.79800 17.585 0.013    -73.650     34.739 0 3
2459370.79846 17.548 0.012     31.816     34.790 0 3
2459370.79894 17.572 0.012    -35.123     34.367 0 3
2459370.79940 17.540 0.012     55.250     34.300 0 3
2459370.79988 17.571 0.012    -33.781     33.550 0 3
2459370.80034 17.589 0.012    -83.959     32.663 0 3
2459370.80080 17.570 0.012    -29.782     32.337 0 3
2459370.80127 17.538 0.012     60.131     33.603 0 3
2459370.80174 17.561 0.012     -5.022     34.142 0 3
2459370.80220 17.585 0.012    -72.055     34.101 0 3
2459370.80268 17.569 0.012    -28.347     34.261 0 3
2459370.80314 17.561 0.012     -7.034     35.041 0 3
2459370.80361 17.538 0.012     60.230     34.305 0 3
2459370.80408 17.571 0.012    -34.386     33.473 0 3
2459370.80455 17.563 0.012    -11.341     33.448 0 3
2459370.80501 17.540 0.012     55.130     35.249 0 3
2459370.80548 17.563 0.013    -12.067     36.723 0 3
2459370.80595 17.543 0.013     45.496     36.792 0 3
2459370.80641 17.580 0.013    -58.118     35.469 0 3
2459370.80689 17.580 0.013    -58.327     35.676 0 3
2459370.80735 17.584 0.013    -70.607     36.640 0 3
2459370.80783 17.563 0.013    -10.772     35.332 0 3
2459370.80829 17.566 0.012    -21.022     33.927 0 3
2459370.80875 17.548 0.013     31.395     36.252 0 3
2459370.80923 17.561 0.012     -4.479     34.841 0 3
2459370.80969 17.597 0.013   -106.278     35.882 0 3
2459370.81015 17.567 0.013    -21.305     36.753 0 3
2459370.81063 17.560 0.012     -2.810     35.231 0 3
2459370.81109 17.585 0.013    -73.655     35.120 0 3
2459370.81155 17.559 0.013      0.280     36.823 0 3
2459370.81203 17.547 0.013     33.646     36.697 0 3
2459370.81249 17.568 0.013    -25.852     35.174 0 3
2459370.81295 17.571 0.013    -32.655     37.117 0 3
2459370.81343 17.552 0.013     20.012     36.604 0 3
2459370.81389 17.535 0.013     67.463     36.635 0 3
2459370.81436 17.561 0.012     -6.899     34.751 0 3
2459370.81483 17.566 0.013    -19.112     35.316 0 3
2459370.81530 17.579 0.013    -55.323     35.103 0 3
2459370.81577 17.546 0.012     37.954     34.874 0 3
2459370.81623 17.580 0.012    -58.965     34.241 0 3
2459370.81670 17.550 0.012     25.505     34.103 0 3
2459370.81717 17.582 0.012    -63.443     34.036 0 3
2459370.81763 17.550 0.012     24.949     33.977 0 3
2459370.81810 17.549 0.012     27.332     33.449 0 3
2459370.81857 17.577 0.012    -50.598     34.010 0 3
2459370.81904 17.581 0.012    -61.465     34.366 0 3
2459370.81950 17.558 0.013      2.740     35.564 0 3
2459370.81998 17.581 0.012    -61.028     33.875 0 3
2459370.82044 17.573 0.013    -40.444     34.905 0 3
2459370.82090 17.568 0.013    -25.414     35.120 0 3
2459370.82138 17.557 0.012      6.044     35.025 0 3
2459370.82184 17.555 0.012     11.365     34.659 0 3
2459370.82232 17.549 0.013     29.557     35.988 0 3
2459370.82278 17.587 0.013    -77.870     35.005 0 3
2459370.82324 17.576 0.013    -47.678     35.707 0 3
2459370.82372 17.557 0.013      4.316     36.226 0 3
2459370.82418 17.557 0.013      5.287     36.259 0 3
2459370.82465 17.572 0.013    -35.101     35.449 0 3
2459370.82512 17.596 0.013   -103.476     35.381 0 3
2459370.82559 17.558 0.013      1.985     35.595 0 3
2459370.82605 17.549 0.013     28.811     36.578 0 3
2459370.82652 17.549 0.013     28.128     36.204 0 3
2459370.82699 17.587 0.013    -78.758     36.208 0 3
2459370.82746 17.595 0.013    -99.927     36.270 0 3
2459370.82793 17.541 0.013     52.574     36.199 0 3
2459370.82839 17.563 0.013    -10.401     36.454 0 3
2459370.82885 17.546 0.013     37.225     36.519 0 3
2459370.82933 17.585 0.013    -71.428     35.061 0 3
2459370.82979 17.554 0.013     12.842     36.585 0 3
2459370.83027 17.554 0.013     13.453     36.448 0 3
2459370.83073 17.560 0.013     -2.077     37.476 0 3
2459370.83121 17.572 0.013    -36.476     36.276 0 3
2459370.83167 17.545 0.012     38.415     35.486 0 3
2459370.83213 17.552 0.013     20.078     36.268 0 3
2459370.83261 17.539 0.013     56.569     36.351 0 3
2459370.83307 17.546 0.013     35.989     36.079 0 3
2459370.83354 17.544 0.013     41.264     36.539 0 3
2459370.83401 17.564 0.013    -15.470     36.873 0 3
2459370.83447 17.545 0.013     38.447     37.092 0 3
2459370.83494 17.552 0.013     20.208     37.241 0 3
2459370.83542 17.559 0.013     -1.203     37.354 0 3
2459370.83588 17.536 0.013     64.877     36.384 0 3
2459370.83634 17.551 0.013     23.225     37.587 0 3
2459370.83681 17.533 0.013     75.095     37.931 0 3
2459370.83728 17.573 0.013    -39.871     35.989 0 3
2459370.83774 17.556 0.012      9.130     34.673 0 3
2459370.83822 17.519 0.013    116.417     37.660 0 3
2459370.83868 17.545 0.013     38.763     36.034 0 3
2459370.83914 17.565 0.012    -16.526     35.083 0 3
2459370.83962 17.558 0.013      1.486     36.813 0 3
2459374.69505 17.549 0.016     29.439     45.541 0 1
2459377.75754 17.574 0.012    -43.342     34.633 0 1
2459379.73686 17.591 0.012    -89.404     34.135 0 1
2459383.73460 17.527 0.020     90.989     59.314 0 1
2459385.73544 17.566 0.023    -20.856     63.368 0 1
2459390.81735 17.571 0.022    -32.478     62.707 0 1
2459392.82132 17.613 0.022   -149.735     57.799 0 1
2459394.80388 17.601 0.022   -116.858     60.818 0 1
2459399.69351 17.537 0.013     62.167     37.101 0 1
2459401.77908 17.557 0.014      4.872     40.521 0 1
2459403.69352 17.574 0.013    -41.041     37.094 0 1
2459405.70132 17.606 0.015   -129.194     40.245 0 1
2459409.68910 17.567 0.014    -22.092     40.104 0 1
2459411.71513 17.530 0.021     83.060     60.424 0 1
2459415.69644 17.594 0.023    -98.114     64.191 0 1
2459427.71050 17.543 0.016     45.012     45.891 0 1
2459430.72999 17.553 0.017     15.889     47.082 0 1
2459438.67455 17.532 0.017     76.651     48.671 0 1
2459447.69188 17.507 0.035    150.047    103.673 0 1
2459450.68474 17.578 0.032    -52.631     89.275 0 1
2459477.62185 17.546 0.028     36.515     78.748 0 2
2459477.62394 17.580 0.029    -59.499     79.479 0 2
2459477.62602 17.501 0.026    169.659     76.543 0 2
2459477.62810 17.528 0.027     87.358     79.657 0 2
2459477.63019 17.520 0.027    113.296     79.642 0 2
2459601.02004 17.634 0.024   -204.798     63.721 0 1
2459637.94493 17.502 0.017    165.192     50.726 0 1
2459639.98468 17.573 0.015    -39.678     42.259 0 1
2459641.90601 17.569 0.013    -27.130     35.463 0 1
2459675.90695 17.546 0.014     36.926     38.607 0 1
2459677.89869 17.563 0.014    -12.264     40.763 0 1
2459679.88255 17.563 0.013    -11.846     37.822 0 1
2459688.86661 17.540 0.025     54.237     72.427 0 1
2459690.85824 17.574 0.017    -40.688     46.865 0 1
2459702.86429 17.574 0.014    -42.473     38.994 0 1
2459712.86061 17.571 0.023    -32.602     64.169 0 1
2459717.77455 17.574 0.023    -42.362     65.248 0 1
2459719.78024 17.600 0.014   -113.764     38.969 0 1
2459719.82705 17.557 0.016      6.865     44.614 0 1
2459724.80064 17.592 0.013    -92.071     36.956 0 1
2459732.70874 17.546 0.013     35.863     38.135 0 1
2459734.73748 17.556 0.015      7.904     43.216 0 1
2459738.77463 17.558 0.016      3.712     44.891 0 1
2459743.71681 17.612 0.029   -147.016     78.373 0 1
2459747.73716 17.569 0.013    -26.945     35.631 0 1
2459749.84542 17.580 0.018    -57.565     50.264 0 1
2459751.77899 17.553 0.014     17.557     38.489 0 1
2459753.71532 17.577 0.015    -51.215     40.687 0 1
2459759.71319 17.598 0.012   -108.921     33.619 0 1
2459761.69299 17.564 0.012    -13.985     34.830 0 1
2459765.69425 17.583 0.013    -66.478     37.241 0 1
2459773.69471 17.576 0.020    -47.031     54.609 0 1
2459773.76155 17.614 0.024   -151.886     64.686 0 1
2459775.78265 17.585 0.022    -71.268     59.685 0 1
2459778.69552 17.555 0.014     10.802     40.611 0 1
2459784.79333 17.555 0.018     10.308     51.193 0 1
2459787.69340 17.575 0.015    -43.695     40.637 0 1
2459789.71422 17.535 0.015     69.312     44.098 0 1
2459794.68070 17.554 0.015     15.315     43.508 0 1
2459798.71210 17.567 0.022    -23.286     62.006 0 1
2459808.68482 17.571 0.018    -33.569     49.602 0 1
2459810.66342 17.570 0.016    -30.871     45.328 0 1
2459842.62210 17.552 0.020     20.217     56.140 0 2
2459842.62418 17.569 0.020    -28.506     55.223 0 2
2459842.62627 17.676 0.023   -314.046     59.055 0 2
2459842.62836 17.572 0.021    -35.746     57.879 0 2
2459842.63044 17.532 0.023     77.007     67.879 0 2
2459843.62130 17.585 0.021    -71.519     56.615 0 2
2459843.62339 17.588 0.020    -79.868     54.545 0 2
2459843.62547 17.589 0.021    -82.578     56.474 0 2
2459843.62756 17.553 0.019     17.770     55.251 0 2
2459843.62964 17.551 0.020     22.045     55.609 0 2
2459936.04893 17.542 0.017     47.387     47.374 0 1
2459936.05142 17.584 0.017    -70.506     48.063 0 1
2459936.05392 17.575 0.019    -43.925     53.213 0 1
2459936.05640 17.593 0.020    -94.498     56.004 0 1
2459936.05890 17.572 0.019    -36.437     53.586 0 1
2459938.05039 17.569 0.018    -27.542     50.586 0 1
2459938.06041 17.583 0.019    -67.763     52.429 0 1
2459952.02949 17.569 0.027    -26.852     74.514 0 1
2459970.03022 17.582 0.015    -63.679     42.504 0 1
2460016.96540 17.589 0.025    -84.470     67.519 0 1
2460032.90603 17.588 0.015    -79.600     40.406 0 1
2460045.80125 17.574 0.013    -41.494     36.833 0 1
2460049.92874 17.556 0.013      8.327     37.681 0 1
2460051.91257 17.577 0.013    -50.020     34.760 0 1
2460053.92918 17.559 0.014      0.862     38.683 0 1
2460055.90171 17.546 0.012     35.964     35.226 0 1
2460057.89739 17.540 0.020     54.382     58.311 0 1
2460059.80756 17.556 0.015      7.751     41.448 0 1
2460061.83233 17.551 0.013     23.800     38.150 0 1
2460063.88517 17.568 0.014    -24.743     38.746 0 1
2460067.87324 17.532 0.027     78.191     76.942 0 1
