# Instrumental magnitude: -7.624 mag
# DoPHOT object type: 2
2458198.86598 18.675 0.028    -24.761     28.259 0 1
2458217.85462 18.651 0.039     -0.094     40.350 0 1
2458217.88565 18.667 0.028    -16.894     28.166 0 1
2458218.82949 18.720 0.031    -68.884     30.506 0 2
2458219.82327 18.655 0.046     -4.394     47.774 0 2
2458243.80037 18.678 0.035    -27.902     35.292 0 1
2458246.75738 18.696 0.037    -45.115     36.606 0 1
2458256.75946 18.692 0.032    -41.285     31.682 0 1
2458256.77995 18.591 0.025     63.160     27.112 0 2
2458256.79959 18.626 0.028     26.284     29.449 0 1
2458262.80531 18.622 0.049     30.587     51.854 0 1
2458270.80210 18.741 0.054    -89.602     51.095 0 1
2458279.73723 18.626 0.024     25.866     25.600 0 1
2458282.71865 18.677 0.028    -26.374     28.395 0 1
2458288.73749 18.666 0.031    -15.765     31.083 0 1
2458294.75423 18.617 0.054     35.359     57.956 0 1
2458300.67965 18.718 0.043    -67.239     41.697 0 1
2458303.67761 18.676 0.039    -25.912     39.829 0 1
2458306.67400 18.610 0.047     43.632     50.226 0 1
2458325.71241 18.647 0.076      3.913     79.221 0 1
2458336.69392 18.664 0.042    -13.265     42.400 0 1
2458462.04951 18.593 0.038     61.600     41.668 0 2
2458462.05425 18.609 0.040     44.617     42.655 0 2
2458462.05898 18.673 0.044    -22.753     44.738 0 2
2458462.06374 18.443 0.083    237.260    104.123 0 2
2458465.05228 18.622 0.043     29.948     45.103 0 2
2458466.05470 18.631 0.038     20.581     40.177 0 2
2458466.05959 18.625 0.047     27.649     49.555 0 2
2458466.06449 18.711 0.050    -60.713     49.014 0 2
2458466.06940 18.720 0.080    -68.832     77.726 0 2
2458477.03861 18.630 0.048     22.403     50.026 0 1
2458487.02018 18.696 0.033    -45.045     33.128 0 3
2458488.04572 18.648 0.031      2.734     31.911 0 3
2458492.99814 18.634 0.034     17.908     35.164 0 3
2458494.00666 18.680 0.029    -29.338     28.922 0 3
2458509.02179 18.594 0.057     60.415     62.361 0 3
2458539.87795 18.627 0.061     24.958     64.370 0 1
2458557.90216 18.724 0.038    -72.447     36.836 0 1
2458560.90310 18.716 0.048    -65.306     46.260 0 1
2458573.90839 18.673 0.036    -22.202     36.173 0 1
2458582.77938 18.671 0.036    -20.749     36.302 0 1
2458585.84158 18.671 0.030    -20.043     30.377 0 1
2458591.88259 18.752 0.133    -99.149    125.093 0 1
2458594.86242 18.565 0.092     92.597    103.292 0 1
2458597.86559 18.661 0.033     -9.861     34.239 0 1
2458606.81136 18.662 0.029    -11.035     29.746 0 1
2458617.77069 18.627 0.041     25.376     43.053 0 1
2458628.83861 18.660 0.031     -9.542     31.302 0 1
2458633.80435 18.646 0.028      5.044     29.198 0 3
2458634.77586 18.704 0.024    -53.457     23.861 0 3
2458635.77233 18.653 0.020     -1.712     20.742 0 3
2458637.71117 18.646 0.024      5.021     24.786 0 1
2458640.73681 18.645 0.025      6.367     25.735 0 1
2458643.73693 18.735 0.032    -83.794     30.253 0 1
2458649.71606 18.632 0.078     19.875     81.754 0 1
2458652.77755 18.626 0.062     25.773     65.793 0 1
2458655.69318 18.638 0.028     13.670     28.849 0 1
2458658.67650 18.647 0.034      4.126     34.987 0 1
2458661.69585 18.604 0.026     49.570     27.531 0 1
2458667.71626 18.618 0.029     34.476     30.446 0 1
2458670.67721 18.607 0.034     46.064     36.205 0 1
2458673.69341 18.656 0.036     -4.925     37.287 0 1
2458677.69290 18.618 0.045     34.533     48.407 0 1
2458680.73691 18.669 0.064    -18.341     65.360 0 1
2458680.75191 18.714 0.074    -63.163     72.011 0 3
2458681.73547 18.603 0.065     51.023     70.559 0 3
2458686.66644 18.626 0.042     26.612     44.359 0 1
2458828.05165 18.652 0.044     -1.496     45.227 0 2
2458828.05645 18.730 0.051    -78.945     48.494 0 2
2458828.06125 18.619 0.054     33.544     57.539 0 2
2458828.06606 18.550 0.062    109.549     70.357 0 2
2458856.07822 18.615 0.056     37.366     59.633 0 1
2458874.02226 18.638 0.028     13.809     28.923 0 1
2458881.02433 18.692 0.031    -41.671     30.322 0 1
2458887.04880 18.664 0.037    -13.785     38.136 0 1
2458895.98683 18.610 0.032     42.739     34.241 0 1
2458900.00314 18.586 0.026     69.050     27.965 0 1
2458905.01363 18.652 0.029     -0.798     29.994 0 1
2458911.96237 18.661 0.031     -9.793     31.617 0 1
2458972.86573 18.680 0.039    -29.619     39.402 0 1
2458986.77944 18.672 0.023    -21.065     23.121 0 1
2458992.76041 18.686 0.026    -35.588     25.914 0 1
2458995.75550 18.656 0.024     -5.366     24.802 0 1
2458998.75957 18.703 0.023    -52.012     22.783 0 1
2459001.73589 18.706 0.059    -55.728     57.879 0 1
2459009.67205 18.669 0.050    -18.418     50.843 0 1
2459012.72945 18.691 0.028    -40.334     28.133 0 1
2459015.71710 18.732 0.027    -80.180     26.344 0 1
2459018.73828 18.660 0.025     -8.807     25.626 0 1
2459021.73835 18.687 0.023    -36.525     23.143 0 1
2459024.71649 18.666 0.027    -15.810     27.612 0 1
2459027.69107 18.631 0.034     20.846     35.699 0 1
2459032.71349 18.684 0.059    -33.297     59.587 0 1
2459036.78045 18.691 0.067    -40.963     66.266 0 1
2459040.69799 18.738 0.033    -86.304     31.530 0 1
2459043.73453 18.668 0.032    -17.549     32.077 0 1
2459045.69390 18.670 0.027    -19.714     27.390 0 1
2459186.04362 18.562 0.074     95.756     82.538 0 1
2459186.04832 18.720 0.091    -68.924     88.358 0 1
2459186.05302 18.514 0.080    150.360     93.702 0 1
2459186.05771 18.536 0.090    125.273    102.917 0 1
2459186.06241 18.444 0.114    235.291    143.020 0 1
2459189.04708 18.607 0.059     46.826     63.205 0 1
2459189.05182 18.579 0.055     77.274     60.672 0 1
2459189.05655 18.605 0.064     48.983     68.947 0 1
2459189.06128 18.677 0.076    -26.560     76.407 0 1
2459190.04871 18.636 0.049     15.716     51.534 0 1
2459190.05339 18.738 0.048    -85.886     45.435 0 1
2459190.05806 18.602 0.046     52.226     49.978 0 1
2459190.06274 18.597 0.064     56.898     69.602 0 1
2459193.05620 18.691 0.057    -41.010     56.333 0 1
2459194.05226 18.598 0.044     56.471     47.246 0 1
2459194.05697 18.568 0.046     88.554     51.089 0 1
2459194.06168 18.664 0.056    -13.410     57.352 0 1
2459194.06639 18.591 0.069     63.346     75.297 0 1
2459195.05234 18.711 0.046    -60.538     44.475 0 1
2459195.05708 18.722 0.052    -71.303     49.862 0 1
2459195.06182 18.716 0.050    -65.115     49.084 0 1
2459195.06656 18.557 0.067    100.937     75.443 0 1
2459196.06705 18.517 0.066    147.420     77.223 0 1
2459205.01650 18.645 0.033      6.603     34.630 0 1
2459217.97724 18.595 0.055     59.022     59.743 0 1
2459219.98087 18.585 0.054     70.791     59.775 0 1
2459227.00284 18.629 0.033     23.224     35.196 0 2
2459227.02116 18.624 0.033     28.600     35.140 0 1
2459228.98393 18.695 0.029    -44.410     29.037 0 1
2459231.04060 18.617 0.026     35.565     27.747 0 2
2459231.04153 18.626 0.029     25.614     30.218 0 1
2459233.00116 18.683 0.028    -32.526     27.731 0 1
2459250.92709 18.674 0.045    -23.622     45.665 0 1
2459253.02200 18.644 0.024      6.968     24.817 0 1
2459260.90676 18.638 0.051     13.817     53.122 0 1
2459265.00771 18.672 0.025    -21.970     25.793 0 1
2459272.95994 18.552 0.069    107.244     77.764 0 1
2459292.88073 18.637 0.025     14.568     26.291 0 1
2459295.89959 18.640 0.031     11.626     32.676 0 1
2459297.88623 18.646 0.039      5.675     39.962 0 1
2459305.86081 18.581 0.044     74.619     48.946 0 3
2459307.86270 18.663 0.030    -12.645     31.033 0 1
2459309.90233 18.625 0.029     27.008     31.161 0 1
2459311.82351 18.657 0.025     -6.287     25.615 0 1
2459316.92390 18.672 0.021    -21.746     21.485 0 3
2459316.92438 18.618 0.020     34.481     21.775 0 3
2459316.92484 18.655 0.020     -4.264     20.861 0 3
2459316.92532 18.664 0.020    -13.218     20.372 0 3
2459316.92578 18.699 0.019    -48.681     19.110 0 3
2459316.92625 18.675 0.019    -24.441     19.315 0 3
2459316.92673 18.654 0.020     -3.183     20.198 0 3
2459316.92720 18.647 0.020      4.128     20.706 0 3
2459316.92766 18.661 0.021     -9.781     21.902 0 3
2459316.92814 18.648 0.021      3.515     22.164 0 3
2459316.92860 18.655 0.022     -4.563     22.234 0 3
2459316.92908 18.682 0.022    -31.437     22.238 0 3
2459316.92954 18.642 0.020      9.372     20.521 0 3
2459316.93001 18.650 0.020      1.184     21.031 0 3
2459316.93049 18.648 0.021      3.282     21.785 0 3
2459316.93095 18.641 0.019     10.437     20.220 0 3
2459316.93143 18.653 0.021     -2.312     21.299 0 3
2459316.93189 18.679 0.021    -28.959     21.052 0 3
2459316.93236 18.641 0.020      9.900     20.495 0 3
2459316.93283 18.656 0.020     -5.302     20.641 0 3
2459316.93330 18.646 0.020      4.882     20.342 0 3
2459316.93378 18.631 0.019     20.594     19.478 0 3
2459316.93424 18.606 0.020     46.903     21.221 0 3
2459316.93471 18.670 0.021    -19.418     21.439 0 3
2459316.93518 18.639 0.021     12.546     22.082 0 3
2459316.93565 18.695 0.021    -44.379     21.147 0 3
2459316.93611 18.629 0.020     22.560     21.580 0 3
2459316.93659 18.643 0.022      8.464     22.376 0 3
2459316.93705 18.659 0.021     -8.311     21.698 0 3
2459316.93753 18.678 0.021    -28.020     21.220 0 3
2459316.93799 18.613 0.022     39.400     23.071 0 3
2459316.93846 18.661 0.021    -10.020     21.801 0 3
2459316.93893 18.680 0.022    -29.462     22.181 0 3
2459316.93940 18.615 0.021     38.284     21.967 0 3
2459316.93986 18.649 0.020      1.846     20.972 0 3
2459316.94034 18.688 0.022    -37.468     21.815 0 3
2459316.94080 18.604 0.020     49.337     21.412 0 3
2459316.94128 18.651 0.021     -0.280     21.396 0 3
2459316.94174 18.650 0.021      0.545     21.452 0 3
2459316.94220 18.666 0.020    -15.424     20.040 0 3
2459316.94268 18.644 0.020      7.351     21.152 0 3
2459316.94315 18.654 0.021     -2.907     21.330 0 3
2459316.94361 18.602 0.020     52.202     21.507 0 3
2459316.94409 18.638 0.021     13.906     21.752 0 3
2459316.94455 18.682 0.022    -31.589     22.159 0 3
2459316.94503 18.606 0.021     47.657     22.524 0 3
2459316.94549 18.657 0.020     -5.831     20.212 0 3
2459316.94596 18.633 0.021     18.966     21.970 0 3
2459316.94643 18.648 0.021      2.840     22.072 0 3
2459316.94690 18.658 0.021     -7.588     21.560 0 3
2459316.94736 18.638 0.022     14.001     23.306 0 3
2459316.94784 18.646 0.022      5.033     23.176 0 3
2459316.94831 18.632 0.021     20.219     21.956 0 3
2459316.94878 18.673 0.021    -22.065     21.528 0 3
2459316.94925 18.666 0.020    -15.522     20.849 0 3
2459316.94971 18.632 0.020     19.666     20.606 0 3
2459316.95019 18.644 0.021      7.476     21.899 0 3
2459316.95065 18.639 0.020     12.065     20.826 0 3
2459316.95113 18.699 0.023    -48.211     22.308 0 3
2459316.95159 18.647 0.023      4.371     23.357 0 3
2459316.95206 18.667 0.021    -16.492     21.520 0 3
2459316.95253 18.714 0.023    -63.010     21.974 0 3
2459316.95300 18.669 0.022    -18.500     22.398 0 3
2459316.95347 18.692 0.022    -41.725     21.914 0 3
2459316.95394 18.680 0.023    -29.058     23.439 0 3
2459316.95441 18.645 0.021      5.967     22.270 0 3
2459316.95489 18.656 0.023     -5.541     23.950 0 3
2459316.95535 18.659 0.024     -8.219     24.661 0 3
2459316.95583 18.648 0.022      2.637     23.001 0 3
2459316.95629 18.670 0.024    -19.029     24.759 0 3
2459316.95676 18.691 0.024    -40.892     23.382 0 3
2459316.95724 18.675 0.022    -24.950     22.639 0 3
2459316.95770 18.621 0.022     30.915     23.193 0 3
2459316.95817 18.666 0.021    -15.506     21.487 0 3
2459316.95864 18.691 0.022    -40.487     21.988 0 3
2459316.95910 18.683 0.022    -32.909     21.746 0 3
2459316.95958 18.657 0.021     -6.626     21.853 0 3
2459316.96005 18.694 0.023    -43.317     22.413 0 3
2459316.96051 18.656 0.022     -5.404     23.031 0 3
2459316.96099 18.658 0.022     -7.670     22.800 0 3
2459316.96145 18.649 0.023      1.902     23.998 0 3
2459316.96192 18.628 0.023     23.544     24.037 0 3
2459316.96239 18.640 0.024     11.250     24.529 0 3
2459316.96286 18.642 0.023      9.682     23.613 0 3
2459316.96332 18.685 0.023    -34.554     22.641 0 3
2459316.96380 18.650 0.023      1.230     23.577 0 3
2459316.96426 18.648 0.022      2.768     23.122 0 3
2459316.96474 18.653 0.024     -2.332     24.586 0 3
2459316.96521 18.621 0.023     31.228     24.777 0 3
2459316.96568 18.673 0.022    -22.952     22.715 0 3
2459316.96615 18.642 0.024      9.313     24.803 0 3
2459316.96661 18.675 0.021    -24.494     21.619 0 3
2459316.96709 18.658 0.022     -7.238     22.399 0 3
2459316.96755 18.648 0.023      2.670     23.873 0 3
2459316.96802 18.651 0.022      0.460     22.907 0 3
2459316.96849 18.650 0.023      0.630     23.483 0 3
2459316.96896 18.686 0.024    -36.047     23.522 0 3
2459316.96944 18.632 0.024     20.091     25.723 0 3
2459316.96990 18.644 0.023      6.757     23.905 0 3
2459316.97037 18.675 0.024    -24.732     24.051 0 3
2459316.97084 18.677 0.023    -26.784     23.453 0 3
2459316.97131 18.692 0.025    -41.972     24.593 0 3
2459316.97177 18.627 0.023     24.836     23.938 0 3
2459316.97225 18.611 0.024     42.110     25.687 0 3
2459316.97272 18.633 0.026     18.869     27.570 0 3
2459316.97319 18.668 0.026    -17.821     26.069 0 3
2459316.97366 18.667 0.025    -16.547     25.574 0 3
2459316.97412 18.674 0.025    -23.341     25.305 0 3
2459316.97460 18.658 0.024     -7.265     24.835 0 3
2459316.97507 18.656 0.025     -5.264     25.530 0 3
2459316.97554 18.643 0.026      8.735     26.598 0 3
2459316.97601 18.697 0.024    -46.794     24.162 0 3
2459316.97647 18.625 0.024     26.692     24.863 0 3
2459316.97695 18.684 0.026    -34.040     26.309 0 3
2459316.97741 18.637 0.023     14.666     24.253 0 3
2459316.97788 18.694 0.024    -43.567     23.431 0 3
2459316.97835 18.687 0.025    -36.261     24.621 0 3
2459316.97881 18.629 0.023     23.192     24.006 0 3
2459316.97929 18.662 0.024    -11.568     24.667 0 3
2459316.97975 18.658 0.025     -7.048     25.733 0 3
2459316.98022 18.624 0.024     28.095     25.672 0 3
2459316.98070 18.681 0.026    -30.051     26.495 0 3
2459316.98116 18.634 0.027     17.900     28.028 0 3
2459316.98164 18.642 0.025      9.349     26.020 0 3
2459316.98211 18.664 0.025    -13.356     25.836 0 3
2459316.98257 18.696 0.024    -45.575     24.069 0 3
2459316.98305 18.674 0.025    -23.474     25.206 0 3
2459316.98351 18.704 0.026    -53.296     25.799 0 3
2459316.98398 18.675 0.025    -24.020     24.772 0 3
2459316.98445 18.682 0.026    -32.011     26.516 0 3
2459316.98492 18.657 0.026     -5.943     26.295 0 3
2459316.98538 18.622 0.025     30.371     26.165 0 3
2459316.98586 18.675 0.027    -24.598     26.989 0 3
2459317.90939 18.632 0.022     20.240     22.764 0 1
2459323.84306 18.651 0.031     -0.498     31.976 0 1
2459325.80581 18.608 0.028     45.474     30.005 0 1
2459329.77673 18.625 0.082     27.336     86.887 0 1
2459335.82157 18.462 0.069    212.855     84.212 0 1
2459338.78027 18.676 0.027    -25.167     27.376 0 1
2459342.80056 18.697 0.026    -46.383     26.055 0 1
2459344.88590 18.634 0.026     17.411     27.054 0 1
2459346.88535 18.696 0.028    -45.976     27.964 0 1
2459348.80106 18.634 0.022     17.834     23.455 0 1
2459352.78171 18.668 0.027    -17.580     27.837 0 3
2459353.80194 18.648 0.038      3.538     39.682 0 3
2459354.75757 18.663 0.039    -12.187     39.813 0 3
2459356.79254 18.701 0.060    -50.086     59.275 0 1
2459361.86264 18.598 0.068     56.132     73.369 0 1
2459363.82201 18.631 0.037     20.704     38.533 0 1
2459364.80270 18.662 0.028    -10.998     29.040 0 3
2459368.73394 18.676 0.021    -25.553     20.762 0 1
2459370.75949 18.704 0.024    -53.734     23.634 0 1
2459372.81546 18.611 0.032     42.516     34.311 0 1
2459387.69322 18.580 0.073     75.971     80.098 0 1
2459391.77635 18.639 0.053     12.521     55.178 0 1
2459393.71487 18.690 0.026    -39.125     25.622 0 1
2459400.69374 18.684 0.032    -33.513     32.425 0 1
2459402.73377 18.693 0.033    -42.857     32.571 0 1
2459404.73125 18.600 0.037     53.923     39.676 0 1
2459406.73861 18.640 0.046     11.281     47.547 0 1
2459410.72672 18.644 0.052      6.908     53.758 0 1
2459415.68593 18.619 0.049     33.263     52.001 0 1
2459419.73342 18.412 0.099    276.390    127.220 0 1
2459427.67840 18.651 0.034      0.078     34.855 0 1
2459551.05117 18.659 0.042     -8.435     43.346 0 1
2459551.05353 18.708 0.045    -56.903     43.791 0 1
2459551.05591 18.623 0.048     29.566     51.193 0 1
2459551.05827 18.666 0.053    -15.732     53.825 0 1
2459551.06064 18.509 0.056    156.460     65.651 0 1
2459600.99988 18.672 0.051    -21.845     51.782 0 1
2459637.94480 18.710 0.039    -59.033     37.766 0 1
2459670.88016 18.637 0.023     14.450     23.695 0 3
2459673.86408 18.587 0.029     67.588     32.010 0 1
2459675.85883 18.649 0.026      2.365     26.712 0 1
2459677.90222 18.638 0.035     13.866     36.277 0 1
2459679.86662 18.621 0.029     30.971     30.903 0 1
2459684.84425 18.677 0.088    -26.314     88.407 0 1
2459687.88208 18.492 0.082    177.053     98.610 0 1
2459690.84341 18.669 0.040    -18.654     40.902 0 1
2459694.80694 18.688 0.031    -37.156     30.576 0 1
2459699.84388 18.607 0.027     46.060     28.558 0 3
2459699.84482 18.625 0.027     27.056     29.056 0 1
2459702.77467 18.646 0.026      5.485     26.605 0 2
2459707.78059 18.713 0.037    -61.783     36.108 0 1
2459709.79273 18.611 0.036     41.956     38.577 0 1
2459709.80671 18.736 0.049    -84.021     46.935 0 2
2459709.83861 18.758 0.063   -105.310     58.591 0 1
2459719.75875 18.656 0.028     -4.718     28.663 0 1
2459719.82469 18.689 0.040    -38.567     40.301 0 1
2459724.77709 18.680 0.027    -30.040     27.245 0 1
2459726.84168 18.625 0.026     27.316     27.728 0 1
2459730.75757 18.705 0.029    -54.113     28.927 0 3
2459730.75948 18.640 0.027     11.583     27.897 0 1
2459732.70853 18.635 0.028     16.580     29.476 0 1
2459734.74010 18.662 0.026    -11.015     26.382 0 1
2459736.69657 18.641 0.026     10.737     27.242 0 1
2459742.75883 18.588 0.076     66.963     83.030 0 1
2459747.69431 18.703 0.026    -52.801     25.538 0 1
2459752.78329 18.707 0.032    -56.352     31.772 0 1
2459754.69433 18.600 0.033     53.810     35.445 0 1
2459756.71630 18.657 0.025     -5.957     25.251 0 1
2459759.69079 18.648 0.024      2.871     25.005 0 3
2459759.69333 18.689 0.026    -38.174     25.789 0 1
2459761.69317 18.646 0.025      4.963     25.936 0 1
2459765.69392 18.658 0.033     -6.966     34.256 0 1
2459772.69264 18.714 0.076    -63.172     74.090 0 1
2459772.73436 18.690 0.065    -39.568     64.467 0 1
2459774.71641 18.610 0.053     43.212     56.974 0 1
2459774.73400 18.722 0.069    -71.240     67.038 0 1
2459776.68896 18.678 0.028    -27.945     27.764 0 1
2459776.75699 18.685 0.051    -34.513     50.811 0 1
2459778.69176 18.631 0.033     20.413     35.115 0 1
2459778.69270 18.653 0.034     -2.312     35.283 0 3
2459929.04815 18.633 0.064     19.081     67.391 0 1
2459929.05061 18.662 0.063    -10.817     64.312 0 1
2459929.05309 18.567 0.082     89.830     91.002 0 1
2459937.03689 18.749 0.039    -96.576     36.510 0 1
2459952.04637 18.738 0.072    -85.910     68.414 0 1
2460032.88565 18.708 0.031    -57.449     30.494 0 1
2460043.87761 18.619 0.052     33.144     54.836 0 1
2460045.80037 18.679 0.022    -28.464     22.435 0 1
2460051.89020 18.669 0.024    -18.850     24.356 0 1
2460055.86892 18.659 0.025     -7.738     25.783 0 1
2460057.89577 18.664 0.044    -13.505     45.334 0 1
2460059.80305 18.624 0.035     28.594     37.304 0 1
2460061.82387 18.652 0.030     -1.422     30.837 0 1
2460063.82176 18.622 0.033     30.649     35.126 0 1
