# Instrumental magnitude: -8.180 mag
# DoPHOT object type: 2
2458198.90196 18.075 0.018     35.642     31.462 0 1
2458198.94294 18.115 0.016    -34.022     27.266 0 1
2458219.88428 18.081 0.018     23.898     32.190 0 1
2458219.90654 18.062 0.020     58.076     34.836 0 1
2458243.81930 18.129 0.025    -58.160     41.748 0 1
2458257.82099 18.107 0.020    -20.337     33.876 0 1
2458257.86276 18.096 0.018     -1.980     30.432 0 1
2458262.80079 18.054 0.028     71.698     50.104 0 1
2458272.79855 18.115 0.021    -33.513     34.740 0 1
2458278.77684 18.121 0.020    -44.576     33.819 0 1
2458281.71599 18.104 0.016    -16.125     27.180 0 1
2458284.77854 18.110 0.024    -26.303     41.299 0 1
2458288.75709 18.095 0.016      0.375     27.108 0 1
2458291.75697 18.154 0.032    -99.390     51.713 0 1
2458295.75693 18.096 0.037     -0.981     63.847 0 1
2458304.67748 18.079 0.024     26.978     41.618 0 1
2458331.66259 18.091 0.025      6.931     42.730 0 1
2458337.69181 18.112 0.019    -28.454     32.286 0 1
2458473.05209 18.116 0.032    -35.164     54.017 0 2
2458473.05690 18.097 0.031     -3.370     52.911 0 2
2458473.06171 18.127 0.038    -54.405     63.019 0 2
2458473.06618 18.075 0.044     34.546     77.523 0 2
2458477.05558 18.043 0.043     91.685     77.171 0 2
2458477.06046 18.070 0.040     44.109     70.146 0 2
2458477.06534 18.092 0.041      4.366     70.429 0 2
2458477.07022 18.092 0.043      5.621     74.525 0 2
2458482.04958 18.116 0.036    -35.015     60.793 0 1
2458482.06182 18.105 0.037    -17.286     62.496 0 2
2458482.06660 18.068 0.039     47.590     68.334 0 2
2458482.07138 18.180 0.046   -140.392     74.020 0 2
2458494.00640 18.064 0.022     54.811     38.987 0 1
2458542.04548 18.080 0.019     26.349     33.311 0 1
2458560.92242 18.042 0.025     94.216     45.520 0 1
2458581.90574 18.035 0.033    106.877     59.806 0 1
2458584.92272 18.055 0.020     70.948     35.895 0 1
2458587.88335 18.077 0.039     31.896     68.730 0 1
2458591.88252 18.040 0.044     96.712     80.369 0 1
2458597.88545 18.106 0.022    -18.549     37.398 0 1
2458606.86291 18.108 0.016    -21.433     26.592 0 1
2458617.81577 18.093 0.024      4.051     40.790 0 1
2458628.84012 18.117 0.018    -37.316     30.233 0 1
2458633.82246 18.072 0.016     40.259     27.448 0 1
2458636.71704 18.105 0.017    -16.656     28.267 0 1
2458639.79987 18.091 0.015      6.615     26.361 0 1
2458642.75772 18.084 0.015     19.377     25.510 0 1
2458650.75785 18.087 0.050     14.009     86.541 0 1
2458653.73401 18.098 0.030     -5.596     52.187 0 1
2458657.75725 18.066 0.017     51.409     30.773 0 1
2458660.73506 18.103 0.014    -13.698     23.114 0 1
2458668.67980 18.064 0.018     53.940     32.677 0 1
2458674.72922 18.110 0.023    -26.486     39.615 0 1
2458684.66893 18.105 0.027    -17.579     46.931 0 1
2458692.67686 18.166 0.029   -119.005     46.555 0 1
2458698.67679 18.040 0.025     97.741     45.506 0 1
2458720.64525 18.079 0.027     27.948     46.377 0 1
2458723.63790 18.128 0.033    -55.661     54.458 0 1
2458758.60126 18.135 0.069    -66.948    115.131 0 2
2458758.60612 18.159 0.053   -107.421     86.837 0 2
2458758.61097 18.050 0.040     79.283     72.590 0 2
2458758.61581 18.014 0.042    144.936     77.646 0 2
2458850.06962 18.126 0.030    -52.190     50.605 0 2
2458899.98204 18.075 0.018     34.450     30.960 0 1
2458912.98387 18.090 0.018      7.865     31.104 0 1
2458916.00721 18.072 0.022     40.518     38.989 0 1
2458943.96610 18.124 0.026    -49.098     43.710 0 1
2458966.88125 18.107 0.016    -21.302     26.790 0 1
2458975.88522 18.118 0.044    -39.084     73.637 0 1
2458978.80066 18.104 0.041    -15.611     69.423 0 1
2458981.79691 18.041 0.019     96.195     35.202 0 1
2458986.81922 18.077 0.013     30.656     21.995 0 1
2458992.79305 18.097 0.014     -3.477     23.283 0 1
2458998.80282    nan   nan        nan        nan 1 1
2459001.76404 18.064 0.027     54.297     48.639 0 1
2459005.78105 18.183 0.053   -145.756     84.409 0 1
2459008.82257 18.110 0.030    -25.562     51.671 0 1
2459011.76039 18.079 0.017     28.116     29.284 0 1
2459014.73998 18.087 0.015     13.529     26.592 0 1
2459017.76014 18.106 0.016    -18.756     26.750 0 1
2459020.77565 18.107 0.013    -20.365     22.905 0 1
2459036.77770 18.055 0.030     70.548     52.870 0 1
2459039.73923 18.105 0.014    -16.839     23.279 0 1
2459042.73565 18.080 0.016     25.636     28.418 0 1
2459045.69467 18.145 0.015    -84.615     25.072 0 1
2459120.60844 18.158 0.052   -104.824     84.722 0 2
2459120.61317 18.073 0.045     38.577     79.876 0 2
2459120.61789 18.020 0.044    132.968     81.259 0 2
2459120.62263 18.082 0.047     22.511     81.196 0 2
2459122.60388 18.179 0.064   -139.511    102.602 0 2
2459122.61808 18.088 0.058     11.940    101.197 0 2
2459205.05253 18.073 0.027     38.695     47.584 0 1
2459205.05499 18.078 0.025     29.875     43.702 0 1
2459205.05744 18.072 0.025     40.024     43.369 0 1
2459205.05990 18.085 0.026     17.796     44.770 0 1
2459205.06235 18.081 0.024     24.457     42.601 0 1
2459225.01933 18.116 0.026    -35.336     44.695 0 1
2459227.01575 18.085 0.025     17.395     43.990 0 1
2459231.99453 18.094 0.020      1.468     34.092 0 1
2459254.00417 18.065 0.016     53.150     28.741 0 1
2459255.92469 18.112 0.019    -29.183     31.682 0 1
2459262.98643 18.104 0.019    -15.290     32.026 0 1
2459265.02571 18.083 0.016     20.091     27.872 0 1
2459268.95944 18.109 0.022    -23.396     36.936 0 1
2459272.96350 18.081 0.048     24.431     84.208 0 1
2459283.00701 18.077 0.017     31.552     29.698 0 1
2459291.88251 18.088 0.017     11.465     29.524 0 1
2459295.90252 18.122 0.024    -46.259     41.122 0 1
2459297.90636 18.070 0.025     42.865     43.636 0 1
2459302.92773 18.078 0.069     29.341    119.980 0 1
2459306.98281 18.106 0.025    -18.656     42.538 0 1
2459308.94685 18.087 0.017     14.269     29.904 0 1
2459310.94601 18.060 0.015     61.062     26.599 0 1
2459312.90326 18.093 0.016      3.321     27.661 0 1
2459313.86043 18.055 0.030     70.729     54.308 0 3
2459313.86089 18.080 0.031     25.579     54.340 0 3
2459313.86135 18.103 0.022    -14.298     38.413 0 3
2459313.86183 18.052 0.018     76.467     32.510 0 3
2459313.86230 18.107 0.019    -20.943     31.975 0 3
2459313.86278 18.042 0.017     93.736     30.590 0 3
2459313.86324 18.080 0.017     26.793     30.348 0 3
2459313.86371 18.028 0.018    119.093     32.076 0 3
2459313.86418 18.106 0.022    -18.112     37.833 0 3
2459313.86465 18.065 0.019     52.693     34.459 0 3
2459313.86513 18.064 0.019     53.442     34.401 0 3
2459313.86559 18.089 0.021      9.970     36.746 0 3
2459313.86607 18.082 0.018     22.968     30.550 0 3
2459313.86654 18.085 0.017     16.545     29.624 0 3
2459313.86701 18.081 0.018     23.588     31.298 0 3
2459313.86748 18.105 0.017    -17.107     29.687 0 3
2459313.86795 18.074 0.019     35.870     32.575 0 3
2459313.86843 18.112 0.020    -28.248     33.519 0 3
2459313.86889 18.093 0.021      4.023     36.245 0 3
2459313.86936 18.087 0.020     13.409     34.984 0 3
2459313.86983 18.085 0.022     16.992     38.678 0 3
2459313.87030 18.084 0.020     19.605     35.636 0 3
2459313.87078 18.070 0.023     43.417     39.988 0 3
2459313.87124 18.049 0.023     81.566     40.997 0 3
2459313.87171 18.103 0.026    -13.913     44.879 0 3
2459313.87218 18.068 0.022     47.659     39.054 0 3
2459313.87265 18.082 0.022     23.385     39.231 0 3
2459313.87311 18.096 0.021     -2.309     36.874 0 3
2459313.87359 18.102 0.020    -12.026     34.397 0 3
2459313.87405 18.103 0.018    -14.291     31.468 0 3
2459313.87453 18.113 0.019    -30.169     32.365 0 3
2459313.87499 18.084 0.018     19.095     31.301 0 3
2459313.87546 18.077 0.019     30.771     32.510 0 3
2459313.87594 18.103 0.019    -14.342     32.473 0 3
2459313.87641 18.135 0.019    -67.326     31.361 0 3
2459313.87688 18.084 0.018     18.858     32.126 0 3
2459313.87735 18.105 0.019    -16.940     32.710 0 3
2459313.87782 18.089 0.020     10.557     34.573 0 3
2459313.87829 18.101 0.020     -9.970     35.127 0 3
2459313.87876 18.103 0.021    -14.326     35.250 0 3
2459313.87922 18.112 0.023    -29.380     38.685 0 3
2459313.87970 18.111 0.022    -27.608     36.587 0 3
2459313.88016 18.098 0.023     -5.510     39.318 0 3
2459313.88064 18.096 0.025     -2.097     42.241 0 3
2459313.88110 18.054 0.025     71.381     44.043 0 3
2459313.88158 18.064 0.023     54.906     40.344 0 3
2459313.88204 18.096 0.022     -2.527     37.923 0 3
2459313.88251 18.065 0.022     52.463     39.518 0 3
2459313.88299 18.080 0.022     25.163     38.435 0 3
2459313.88345 18.091 0.021      7.437     35.883 0 3
2459313.88392 18.078 0.020     29.929     35.576 0 3
2459313.88439 18.084 0.020     18.197     34.028 0 3
2459313.88486 18.039 0.023     99.014     40.862 0 3
2459313.88534 18.077 0.026     31.047     45.366 0 3
2459313.88580 18.098 0.027     -4.378     47.212 0 3
2459313.88627 18.112 0.026    -29.335     44.427 0 3
2459313.88675 18.101 0.023     -9.976     39.795 0 3
2459313.88721 18.086 0.020     16.172     35.419 0 3
2459313.88769 18.084 0.019     18.505     33.346 0 3
2459313.88815 18.090 0.018      8.697     30.980 0 3
2459313.88861 18.068 0.018     47.387     32.502 0 3
2459313.88909 18.070 0.020     43.545     34.781 0 3
2459313.88955 18.079 0.019     27.590     32.814 0 3
2459313.89002 18.079 0.020     26.981     34.554 0 3
2459313.89049 18.106 0.022    -18.157     37.050 0 3
2459313.89096 18.069 0.021     45.504     37.811 0 3
2459313.89144 18.069 0.018     44.797     31.950 0 3
2459313.89190 18.075 0.018     34.909     31.268 0 3
2459313.89237 18.073 0.018     37.900     32.288 0 3
2459313.89284 18.065 0.019     52.559     32.904 0 3
2459313.89331 18.084 0.018     19.066     31.701 0 3
2459313.89377 18.080 0.018     26.164     30.792 0 3
2459313.89425 18.057 0.018     66.672     31.459 0 3
2459313.89472 18.079 0.017     28.293     29.532 0 3
2459313.89519 18.094 0.016      1.455     27.562 0 3
2459313.89566 18.059 0.015     63.207     27.023 0 3
2459313.89612 18.059 0.016     62.708     28.107 0 3
2459313.89660 18.097 0.016     -3.475     27.528 0 3
2459313.89707 18.070 0.016     44.255     27.651 0 3
2459313.89754 18.088 0.016     12.852     27.459 0 3
2459313.89801 18.036 0.016    104.566     29.957 0 3
2459313.89847 18.069 0.019     46.106     34.407 0 3
2459313.89895 18.085 0.020     17.830     33.932 0 3
2459313.89942 18.091 0.020      7.703     35.228 0 3
2459313.89989 18.075 0.021     35.382     35.999 0 3
2459313.90036 18.139 0.021    -73.482     35.152 0 3
2459313.90083 18.050 0.021     79.070     37.691 0 3
2459313.90130 18.065 0.021     53.234     37.081 0 3
2459313.90177 18.038 0.022    100.727     40.077 0 3
2459313.90223 18.040 0.024     96.823     44.275 0 3
2459313.90271 18.064 0.021     54.872     36.616 0 3
2459313.90319 18.077 0.021     30.746     36.277 0 3
2459313.90365 18.127 0.024    -55.009     39.699 0 3
2459313.90412 18.140 0.023    -75.168     38.577 0 3
2459313.90460 18.085 0.021     17.479     36.349 0 3
2459313.90506 18.078 0.021     30.319     37.208 0 3
2459313.90553 18.089 0.019      9.754     33.235 0 3
2459313.90600 18.090 0.019      9.500     33.109 0 3
2459313.90647 18.101 0.018    -10.946     31.607 0 3
2459313.90693 18.104 0.020    -16.071     33.382 0 3
2459313.90741 18.070 0.022     42.767     39.176 0 3
2459313.90787 18.079 0.021     28.465     37.340 0 3
2459313.90835 18.094 0.022      1.842     38.318 0 3
2459313.90881 18.081 0.022     23.750     38.751 0 3
2459313.90928 18.105 0.024    -17.551     41.047 0 3
2459313.90976 18.072 0.024     39.780     41.893 0 3
2459313.91022 18.054 0.024     71.969     42.198 0 3
2459313.91070 18.054 0.023     72.640     41.555 0 3
2459313.91117 18.123 0.026    -47.126     43.367 0 3
2459313.91163 18.095 0.025     -0.218     42.288 0 3
2459313.91211 18.105 0.027    -16.460     45.463 0 3
2459313.91258 18.067 0.024     49.627     42.567 0 3
2459313.91305 18.074 0.026     35.659     44.839 0 3
2459313.91352 18.075 0.023     35.134     41.045 0 3
2459313.91398 18.072 0.022     39.905     38.835 0 3
2459313.91446 18.071 0.024     42.024     42.188 0 3
2459313.91492 18.112 0.022    -28.771     37.643 0 3
2459313.91540 18.074 0.023     36.866     39.659 0 3
2459313.91587 18.085 0.024     17.962     40.914 0 3
2459313.91634 18.073 0.023     38.476     40.325 0 3
2459313.91681 18.078 0.025     29.965     43.126 0 3
2459313.91728 18.125 0.026    -51.015     42.995 0 3
2459313.91775 18.083 0.025     21.015     42.837 0 3
2459313.91821 18.072 0.024     40.341     41.769 0 3
2459313.91868 18.106 0.025    -18.878     43.390 0 3
2459313.91916 18.140 0.033    -75.995     54.691 0 3
2459313.91962 18.107 0.028    -21.071     47.677 0 3
2459313.92009 18.038 0.024    100.270     42.752 0 3
2459313.92056 18.068 0.022     47.409     38.327 0 3
2459313.92103 18.082 0.022     22.242     38.409 0 3
2459313.92151 18.098 0.024     -4.835     40.882 0 3
2459313.92197 18.033 0.023    109.341     41.578 0 3
2459313.92245 18.099 0.025     -7.304     42.142 0 3
2459316.92174 18.084 0.013     19.325     21.789 0 1
2459322.78047 18.086 0.021     15.731     36.829 0 1
2459324.77449 18.129 0.025    -58.305     41.260 0 1
2459328.78905 18.082 0.032     23.301     56.445 0 1
2459334.86142 18.097 0.029     -3.524     50.224 0 1
2459339.82367 18.073 0.015     38.061     25.970 0 1
2459341.78720 18.104 0.015    -16.281     25.484 0 1
2459343.83735 18.093 0.016      3.782     27.032 0 1
2459345.84349 18.096 0.014     -1.919     24.297 0 1
2459349.82301 18.099 0.014     -6.760     23.679 0 1
2459352.80150 18.075 0.016     35.335     28.812 0 1
2459358.82415 18.120 0.055    -43.272     92.510 0 1
2459361.88027 18.110 0.043    -25.762     73.199 0 1
2459367.84638 18.085 0.017     17.128     30.350 0 1
2459371.82167 18.072 0.014     40.161     24.902 0 1
2459375.73782 18.060 0.017     62.090     31.054 0 1
2459377.75817 18.104 0.015    -15.967     26.426 0 1
2459379.84228 18.099 0.017     -6.172     29.856 0 1
2459383.71625 18.089 0.033     10.177     57.276 0 1
2459385.75679 18.092 0.032      5.567     54.834 0 1
2459390.82235 18.108 0.037    -21.555     62.297 0 1
2459392.82109 18.065 0.029     51.794     50.757 0 1
2459394.80225 18.067 0.025     48.449     44.033 0 1
2459396.71587 18.097 0.016     -4.028     27.842 0 1
2459399.71485 18.091 0.014      6.563     24.807 0 1
2459401.81596 18.092 0.017      5.401     29.838 0 1
2459403.69335 18.071 0.015     42.135     25.641 0 1
2459405.69739 18.047 0.017     85.051     30.237 0 1
2459407.69442 18.105 0.017    -17.384     29.054 0 1
2459409.71074 18.090 0.017      8.953     29.879 0 1
2459411.71641 18.099 0.030     -6.737     51.397 0 1
2459415.69632 18.045 0.034     88.796     61.369 0 1
2459423.79309 18.061 0.040     59.648     70.332 0 1
2459426.73430 18.052 0.019     75.612     33.740 0 1
2459428.67997 18.108 0.019    -22.550     32.544 0 1
2459430.73133 18.121 0.022    -43.888     36.972 0 1
2459435.73556 18.076 0.023     33.208     39.654 0 1
2459438.67448 18.089 0.022     10.112     38.752 0 1
2459440.72998 18.056 0.040     67.883     71.264 0 1
2459447.69134 18.067 0.054     48.398     95.787 0 1
2459450.68609 18.095 0.040      0.429     68.143 0 1
2459465.67273 18.077 0.032     31.686     56.569 0 1
2459487.62117 18.160 0.046   -109.386     73.887 0 2
2459601.02160 18.089 0.032     10.721     54.785 0 1
2459637.92313 18.062 0.023     58.242     41.179 0 1
2459673.88008 18.112 0.019    -28.415     32.532 0 1
2459678.97289 18.101 0.017    -11.147     29.358 0 1
2459684.91860 18.087 0.038     14.375     65.552 0 1
2459696.95467 18.094 0.016      2.088     27.566 0 1
2459698.88455 18.090 0.019      9.345     33.443 0 1
2459700.88461 18.101 0.017    -10.576     29.266 0 1
2459702.86370 18.074 0.018     35.925     30.775 0 1
2459717.77170 18.152 0.035    -96.351     58.005 0 1
2459719.84661 18.125 0.025    -50.353     42.084 0 1
2459727.75832 18.055 0.019     70.723     34.400 0 1
2459730.78024 18.091 0.016      6.979     28.047 0 1
2459732.81471 18.107 0.016    -20.111     27.433 0 1
2459736.71743 18.056 0.016     67.857     28.404 0 1
2459738.78019 18.088 0.019     12.487     33.423 0 1
2459743.71745 18.035 0.044    106.524     80.806 0 1
2459748.79929 18.116 0.025    -36.442     41.567 0 1
2459750.79968 18.098 0.022     -5.207     37.983 0 1
2459752.75784 18.100 0.021     -8.079     35.590 0 1
2459760.79663 18.088 0.016     12.456     28.187 0 1
2459762.76036 18.065 0.017     52.312     30.620 0 1
2459764.75740 18.091 0.015      7.153     25.096 0 1
2459766.75660 18.069 0.018     45.542     31.139 0 1
2459773.73527 18.085 0.033     17.581     57.539 0 1
2459773.83742 18.080 0.058     26.562    101.409 0 1
2459775.78205 18.087 0.032     14.628     55.130 0 1
2459777.71196 18.073 0.016     37.562     27.744 0 1
2459779.69337 18.095 0.018      0.577     31.403 0 1
2459779.73230 18.068 0.018     46.569     31.166 0 1
2459782.77306 18.081 0.027     23.677     46.349 0 1
2459786.73424 18.076 0.016     33.893     27.321 0 1
2459789.73515 18.072 0.020     40.482     35.231 0 1
2459794.75241 18.085 0.031     17.734     53.883 0 1
2459798.71203 18.053 0.033     73.781     58.337 0 1
2459806.69766 18.080 0.025     25.235     42.834 0 1
2459808.68805 18.074 0.024     36.371     42.521 0 1
2459852.61594 18.214 0.066   -193.919    102.338 0 2
2459852.62019 18.133 0.053    -64.937     87.879 0 2
2459852.62233 18.163 0.054   -113.801     87.242 0 2
2459859.60315 18.083 0.080     21.344    139.983 0 2
2459859.60558 18.139 0.075    -74.168    123.621 0 2
2459860.59475 18.092 0.089      4.372    153.924 0 2
2459860.59719 18.173 0.084   -129.199    135.235 0 2
2459860.59964 18.077 0.068     30.570    118.242 0 2
2459933.05972 18.062 0.035     58.254     62.660 0 1
2459933.06208 18.099 0.039     -6.834     67.793 0 1
2459933.06446 18.065 0.043     52.892     76.545 0 1
2459933.06683 17.984 0.047    201.743     90.597 0 1
2459933.06919 18.125 0.073    -50.436    121.556 0 1
2459935.06845 18.121 0.058    -43.826     98.258 0 1
2459936.06164 18.144 0.033    -81.940     54.777 0 1
2459936.06409 18.161 0.050   -109.913     80.397 0 1
2459936.06653 17.984 0.059    202.076    111.759 0 1
2459936.06899 18.041 0.066     95.040    119.552 0 1
2459937.06243 18.073 0.032     39.069     55.755 0 1
2459937.06968 18.096 0.050     -1.671     86.380 0 1
2459937.07211 18.116 0.073    -35.525    123.533 0 1
2459938.06302 18.098 0.036     -5.690     61.340 0 1
2459938.06544 18.102 0.040    -12.017     67.674 0 1
2459970.03031 18.081 0.022     24.011     38.059 0 1
2459977.96511 18.110 0.041    -26.320     70.246 0 1
2459985.04562 18.088 0.034     12.809     58.198 0 1
2460016.96785 18.132 0.032    -62.974     53.442 0 1
2460021.96330 18.108 0.023    -22.312     38.420 0 1
2460032.92655 18.078 0.017     29.062     30.179 0 1
2460043.97741 18.142 0.039    -80.045     64.670 0 1
2460045.90565 18.133 0.021    -63.910     35.014 0 1
2460049.92757 18.093 0.018      3.837     30.434 0 1
2460051.90640 18.113 0.016    -29.951     27.018 0 1
2460053.92851 18.079 0.019     28.146     33.608 0 1
2460055.89870 18.064 0.016     53.816     27.830 0 1
2460057.89816 18.096 0.033     -1.201     56.588 0 1
2460059.92868 18.095 0.021     -0.216     36.281 0 1
2460063.91656 18.071 0.016     41.774     28.090 0 1
