# Instrumental magnitude: -7.541 mag
# DoPHOT object type: 2
2458206.80588 18.752 0.075     31.353     73.784 0 1
2458206.82595 18.786 0.074     -2.095     70.234 0 1
2458210.81567 19.024 0.218   -206.017    167.404 0 1
2458229.77821 18.881 0.036    -88.870     31.128 0 1
2458245.73513 18.986 0.361   -176.566    286.362 0 1
2458248.71425 18.797 0.030    -12.189     27.977 0 1
2458267.66883 18.700 0.081     83.945     83.622 0 1
2458270.74351 18.805 0.063    -19.856     59.534 0 1
2458277.71722 18.876 0.037    -84.174     32.294 0 1
2458280.73584 18.836 0.031    -48.607     28.531 0 1
2458283.73618 18.806 0.031    -21.264     28.938 0 1
2458286.71581 18.930 0.039   -130.355     32.313 0 1
2458292.69264 18.737 0.068     46.097     68.150 0 1
2458295.69337 18.657 0.061    128.721     65.612 0 1
2458298.67408 18.815 0.095    -29.541     88.709 0 1
2458322.66439 18.713 0.116     70.579    118.685 0 1
2458472.02023 18.806 0.032    -20.361     30.174 0 1
2458488.02201 18.911 0.031   -114.830     26.778 0 1
2458492.00034 18.936 0.036   -135.559     29.988 0 1
2458495.00599 18.880 0.028    -87.870     24.216 0 1
2458502.96498 18.734 0.082     48.980     82.278 0 1
2458505.95894 18.836 0.105    -48.260     96.175 0 1
2458511.94725 18.922 0.045   -124.004     37.922 0 1
2458512.00052 18.846 0.041    -57.607     36.811 0 1
2458539.88575 19.076 0.105   -244.887     76.470 0 1
2458547.84310 18.841 0.035    -53.168     31.992 0 1
2458575.82010 18.827 0.043    -39.953     39.351 0 1
2458580.80331 18.872 0.030    -80.686     26.500 0 1
2458586.76404 18.839 0.041    -51.243     37.597 0 1
2458596.71785 18.860 0.033    -70.622     29.573 0 1
2458600.73697 18.907 0.031   -110.910     26.810 0 1
2458609.71547 18.904 0.030   -108.584     25.716 0 1
2458612.67415 18.903 0.031   -107.978     26.770 0 1
2458633.75290 18.868 0.036    -77.302     31.651 0 3
2458634.71547 18.796 0.027    -11.691     25.861 0 1
2458634.71637 18.857 0.028    -67.478     25.443 0 3
2458635.69523 18.841 0.031    -53.229     28.262 0 3
2458637.71574 18.877 0.032    -84.858     27.809 0 1
2458640.69797 18.907 0.033   -110.950     28.580 0 1
2458643.69830 18.851 0.044    -62.078     39.808 0 1
2458650.68930 18.860 0.108    -70.415     96.319 0 1
2458653.75643 18.973 0.109   -166.307     87.449 0 1
2458658.69304 18.880 0.031    -88.096     27.431 0 1
2458661.73070 18.876 0.043    -84.565     38.048 0 1
2458668.69241 18.842 0.033    -53.818     29.842 0 1
2458676.67251 18.848 0.093    -59.144     84.296 0 1
2458679.68676 18.920 0.116   -122.444     97.701 0 1
2458806.03409 18.738 0.070     44.693     70.126 0 1
2458838.98316 19.610 0.564   -553.164    252.175 0 1
2458854.00588 18.881 0.027    -88.571     23.492 0 1
2458857.04513 18.843 0.031    -54.715     28.021 0 1
2458872.94241 18.843 0.037    -55.330     33.921 0 1
2458881.96392 18.801 0.027    -16.519     25.756 0 1
2458894.87877 18.816 0.042    -30.496     39.219 0 1
2458898.92361 18.880 0.026    -87.755     22.710 0 1
2458908.84517 18.920 0.043   -122.053     36.406 0 1
2458936.81877 18.848 0.028    -59.817     25.049 0 1
2458939.84353 18.859 0.050    -69.747     44.842 0 1
2458954.80278 18.848 0.030    -59.859     26.843 0 1
2458955.80297 18.848 0.031    -59.742     27.859 0 1
2458962.73873 18.875 0.028    -83.868     24.689 0 1
2458965.75683 18.824 0.029    -37.270     26.631 0 1
2458968.77740 18.845 0.033    -57.007     29.525 0 1
2458971.75695 18.905 0.050   -109.270     42.966 0 1
2458978.67519 18.830 0.029    -42.727     26.895 0 1
2458981.70636 18.863 0.030    -72.455     26.255 0 1
2458985.71371 18.796 0.025    -11.320     23.745 0 1
2458992.69574 18.877 0.028    -85.309     24.407 0 1
2458995.70423 18.851 0.027    -61.715     23.908 0 1
2458998.69617 18.877 0.035    -84.926     31.164 0 1
2459005.69100 18.862 0.083    -72.362     73.710 0 1
2459014.70141 18.874 0.029    -82.746     25.886 0 1
2459017.71958 18.821 0.028    -34.561     25.757 0 1
2459020.69923 18.800 0.026    -15.241     24.348 0 1
2459023.71556 18.824 0.031    -37.149     28.654 0 1
2459026.71809 19.050 0.075   -225.412     55.820 0 1
2459032.69689 18.898 0.095   -103.579     81.779 0 1
2459039.67411 18.902 0.055   -106.554     47.302 0 1
2459042.66934 18.965 0.090   -159.310     72.631 0 1
2459178.02456 18.830 0.044    -42.721     40.301 0 1
2459185.02551 18.989 0.094   -178.625     74.181 0 1
2459189.03785 18.960 0.068   -155.700     55.097 0 1
2459200.04315 18.892 0.038    -98.052     32.748 0 1
2459203.00169 18.924 0.037   -125.530     30.924 0 1
2459204.96947 18.820 0.033    -33.614     30.448 0 1
2459217.03667 18.853 0.085    -64.049     76.400 0 1
2459218.98007 18.846 0.066    -57.525     59.922 0 1
2459224.04345 18.916 0.038   -118.917     31.976 0 1
2459227.98440 18.843 0.032    -55.026     28.612 0 1
2459250.98245 18.900 0.037   -104.969     31.945 0 1
2459252.99147 18.930 0.029   -130.981     23.985 0 1
2459256.99450 18.877 0.031    -84.952     26.931 0 1
2459265.92438 18.975 0.031   -167.123     25.094 0 1
2459269.94152 18.900 0.054   -105.000     46.144 0 1
2459291.80261 18.897 0.030   -102.481     26.235 0 1
2459293.80248 18.858 0.032    -68.356     28.625 0 1
2459298.83861 19.056 0.144   -229.807    107.159 0 1
2459303.86474 18.887 0.125    -93.660    108.774 0 1
2459304.77622 18.724 0.078     58.593     79.210 0 3
2459305.82423 19.000 0.067   -187.491     52.599 0 3
2459306.87032 18.850 0.044    -60.824     39.760 0 3
2459307.80541 18.829 0.026    -41.953     23.542 0 1
2459307.80635 18.874 0.027    -82.573     23.637 0 3
2459308.86521 18.837 0.031    -49.721     27.818 0 3
2459309.80363 18.905 0.033   -109.522     27.926 0 1
2459309.80457 18.831 0.031    -43.608     28.049 0 3
2459311.75535 18.833 0.032    -46.177     28.795 0 1
2459313.76327 18.845 0.033    -56.817     29.742 0 1
2459317.76046 18.850 0.024    -61.183     21.759 0 1
2459323.78244 18.852 0.044    -63.034     39.397 0 1
2459334.69749 18.842 0.032    -53.926     28.764 0 1
2459336.75992 18.900 0.028   -105.292     24.426 0 1
2459340.73167 18.930 0.030   -130.593     25.396 0 1
2459342.82175 18.838 0.028    -50.525     25.760 0 1
2459346.87845 18.782 0.039      1.594     37.211 0 1
2459348.77355 18.840 0.027    -52.348     24.705 0 1
2459358.75769 19.024 0.128   -205.913     98.228 0 1
2459361.73796 19.010 0.085   -195.060     65.798 0 1
2459363.73602 18.869 0.030    -77.939     26.181 0 1
2459367.75684 18.830 0.033    -42.849     30.580 0 1
2459370.72571 18.880 0.033    -87.568     28.580 0 1
2459372.69634 18.933 0.054   -132.964     44.623 0 1
2459374.72600 18.829 0.030    -42.107     27.286 0 1
2459376.72142 18.827 0.035    -40.482     32.584 0 1
2459378.69611 18.819 0.031    -33.155     28.296 0 1
2459390.71494 18.789 0.087     -4.783     83.256 0 1
2459392.75812 19.130 0.151   -283.096    105.036 0 1
2459394.69679 18.836 0.045    -48.812     41.293 0 1
2459396.75061 18.877 0.061    -85.531     53.545 0 1
2459641.84600 18.911 0.042   -114.997     35.628 0 1
2459672.82205 19.061 0.030   -233.583     22.318 0 1
2459675.84009 18.971 0.033   -164.236     26.534 0 1
2459677.80503 19.041 0.050   -219.185     37.514 0 1
2459679.76360 19.027 0.051   -207.880     39.150 0 1
2459682.71888 18.975 0.099   -167.873     79.699 0 1
2459699.75536 19.053 0.036   -227.544     26.984 0 1
2459701.80273 18.945 0.034   -143.453     28.111 0 1
2459701.85787 18.998 0.042   -185.792     32.968 0 1
2459722.77381 18.933 0.035   -133.346     29.354 0 1
2459726.73735 19.007 0.031   -192.574     24.124 0 1
2459730.69760 19.077 0.037   -245.455     26.884 0 1
2459734.70044 19.008 0.038   -193.847     29.570 0 1
2459736.75156 18.957 0.049   -153.248     39.632 0 1
2459743.75747 18.982 0.115   -173.002     92.055 0 1
2459747.78311 18.765 0.065     18.400     63.639 0 1
2459749.75510 18.865 0.051    -75.074     44.920 0 1
2459751.69569 18.922 0.042   -124.047     35.218 0 1
2459753.73705 18.832 0.046    -45.122     41.887 0 1
2459756.74751 18.905 0.049   -109.519     41.820 0 1
2459758.71826 18.876 0.042    -84.505     37.106 0 1
2459761.75800 18.813 0.063    -27.483     58.606 0 1
2459932.98678 18.992 0.040   -180.963     31.850 0 1
2459937.01123 18.945 0.034   -143.483     27.913 0 1
2459951.98572 18.908 0.095   -111.711     81.354 0 1
2459969.88416 18.961 0.043   -155.901     34.663 0 1
2459978.03842 18.935 0.042   -134.714     34.605 0 1
2460043.83751 19.068 0.092   -239.135     67.716 0 1
2460045.86038 18.918 0.040   -120.894     34.142 0 1
2460050.85146 18.995 0.034   -183.559     26.906 0 1
2460052.84361 19.032 0.034   -212.040     25.926 0 1
2460054.85465 18.907 0.038   -111.522     32.386 0 1
2460058.82302 18.907 0.030   -111.332     25.983 0 1
2460060.78213 18.931 0.037   -131.551     30.966 0 1
2460062.76501 18.944 0.037   -142.193     30.796 0 1
