# Instrumental magnitude: -7.208 mag
# DoPHOT object type: 2
2458320.96394 18.983 0.091    100.688     72.481 0 1
2458327.98646 19.182 0.167    -44.368    110.982 0 1
2458330.98672 19.130 0.117     -9.217     81.017 0 1
2458333.96576 19.237 0.114    -80.034     72.004 0 1
2458337.92837 19.105 0.054      8.503     38.316 0 1
2458340.98640 19.062 0.043     39.420     31.801 0 1
2458343.94221 19.116 0.035      0.493     24.606 0 1
2458346.99891 19.172 0.040    -37.724     26.840 0 1
2458349.94353 19.070 0.029     33.559     21.638 0 1
2458352.95440 19.047 0.026     51.103     19.739 0 1
2458361.95666 19.135 0.078    -12.499     54.017 0 1
2458364.97657 19.079 0.051     27.315     37.301 0 1
2458367.95013 19.073 0.028     31.302     20.286 0 1
2458370.95567 19.102 0.029     10.768     20.878 0 1
2458373.92618 19.114 0.032      2.273     22.278 0 1
2458376.96862 19.033 0.026     61.815     19.630 0 1
2458379.96776 19.093 0.027     16.819     19.647 0 1
2458382.94559 19.095 0.026     15.780     18.646 0 1
2458385.96079 19.240 0.091    -81.803     57.327 0 1
2458388.91641 19.175 0.101    -39.725     67.708 0 1
2458388.94588 19.023 0.084     68.977     64.081 0 1
2458422.91709 19.283 0.074   -108.564     44.582 0 1
2458425.86374 19.147 0.031    -20.754     21.409 0 1
2458428.83872 19.093 0.026     16.970     18.484 0 1
2458430.81428 19.042 0.025     54.621     19.207 0 1
2458437.90678 19.113 0.044      2.553     30.917 0 1
2458441.77512 19.176 0.094    -40.485     62.925 0 1
2458443.76468 18.977 0.105    105.408     84.095 0 1
2458450.92073 19.325 0.159   -133.271     92.597 0 1
2458474.62553 18.964 0.123    115.981     99.412 0 1
2458483.67030 19.075 0.036     30.171     26.036 0 1
2458487.67420 19.113 0.033      2.804     23.425 0 1
2458493.69480 19.190 0.036    -49.654     23.975 0 1
2458494.68514 19.052 0.035     46.962     26.444 0 1
2458503.71521 19.038 0.127     57.475     96.130 0 1
2458514.67116 19.097 0.031     13.944     22.173 0 1
2458538.62830 18.987 0.077     96.904     60.691 0 1
2458695.94637 19.121 0.040     -2.742     27.896 0 1
2458698.96809 19.046 0.038     51.759     28.842 0 1
2458704.95564 19.182 0.042    -44.125     27.596 0 1
2458707.94793 19.147 0.034    -21.091     23.011 0 1
2458712.00023 19.281 0.101   -106.920     60.986 0 1
2458715.00540 19.023 0.072     69.344     54.995 0 1
2458720.00047 19.150 0.070    -22.722     47.909 0 1
2458722.94262 19.110 0.033      4.941     23.162 0 1
2458723.99891 19.111 0.032      4.557     22.710 0 1
2458725.96540 19.005 0.026     82.670     20.292 0 1
2458730.94671 19.098 0.037     13.314     26.383 0 2
2458732.94273 19.093 0.034     17.272     24.256 0 1
2458734.97881 19.088 0.036     20.517     25.710 0 1
2458735.94578 19.097 0.034     13.876     24.079 0 1
2458738.94641 19.229 0.077    -74.928     48.771 0 1
2458742.02807 19.164 0.149    -32.123    100.560 0 1
2458743.95280 19.239 0.177    -81.385    111.236 0 1
2458749.90267 19.050 0.039     48.469     29.167 0 1
2458750.96316 19.103 0.041      9.921     29.272 0 1
2458756.92494 19.145 0.033    -19.683     22.826 0 1
2458758.94658 19.128 0.033     -7.681     23.299 0 1
2458759.92401 19.133 0.032    -11.433     21.957 0 1
2458760.92753 19.076 0.033     29.614     24.005 0 1
2458763.92461 19.091 0.032     18.197     23.058 0 1
2458765.96377 19.166 0.033    -33.987     22.248 0 1
2458766.92539 19.109 0.061      5.366     43.566 0 1
2458769.98756 19.376 0.168   -162.094     93.245 0 1
2458775.90592 19.043 0.061     53.815     45.951 0 1
2458787.86912 19.123 0.045     -4.488     31.289 0 1
2458790.82246 19.127 0.031     -6.833     21.708 0 1
2458793.85857 19.078 0.038     27.970     27.401 0 1
2458804.88635 19.116 0.078      0.684     54.742 0 1
2458811.77190 19.188 0.049    -48.353     32.466 0 1
2458811.77845 19.156 0.043    -27.128     29.012 0 1
2458814.77390 18.964 0.048    115.509     39.085 0 1
2458819.73582 19.154 0.089    -25.896     60.430 0 1
2458831.75301 19.220 0.109    -69.266     70.015 0 1
2458836.72107 19.174 0.037    -39.383     24.382 0 1
2458850.68792 19.184 0.048    -45.762     31.453 0 1
2458856.62688 19.179 0.088    -42.363     58.389 0 1
2458859.61320 19.011 0.089     78.672     68.988 0 1
2458861.60590 19.023 0.036     68.928     27.623 0 1
2458862.65129 19.100 0.031     12.056     22.459 0 1
2458867.65004 18.923 0.175    149.152    147.245 0 1
2458867.70968 19.121 0.039     -2.691     27.172 0 1
2458871.67425 19.129 0.042     -8.706     29.318 0 1
2458874.67357 18.929 0.070    144.053     58.170 0 1
2458876.65835 19.083 0.033     24.487     24.269 0 1
2458877.67257 19.074 0.045     31.199     33.227 0 1
2458880.63166 19.037 0.046     58.324     35.056 0 1
2458893.67065 19.115 0.040      1.501     28.406 0 1
2458896.68634 19.080 0.043     26.701     31.495 0 1
2458899.65045 19.149 0.037    -21.865     25.411 0 1
2458904.63524 19.083 0.043     24.062     31.430 0 1
2458913.62286 19.192 0.104    -50.752     68.522 0 1
2459064.99753 19.187 0.112    -47.887     73.669 0 1
2459084.93142 19.057 0.030     43.226     22.599 0 1
2459087.98310 19.074 0.032     30.871     23.257 0 1
2459090.93319 19.143 0.033    -18.023     22.794 0 1
2459091.91461 19.033 0.056     61.481     42.830 0 1
2459092.93206 19.015 0.065     75.256     50.094 0 1
2459093.96446 19.043 0.097     53.985     73.037 0 1
2459111.89938 19.164 0.034    -32.068     22.596 0 1
2459114.85585 19.104 0.033      9.462     23.172 0 1
2459118.98209 19.117 0.026     -0.160     17.981 0 1
2459120.86697 19.229 0.081    -75.184     51.644 0 1
2459121.86718 19.018 0.074     73.131     57.034 0 1
2459122.85889 19.141 0.088    -16.365     60.946 0 1
2459123.90421 18.898 0.103    170.964     88.665 0 1
2459129.93769 19.075 0.069     30.388     50.333 0 1
2459136.90913 19.162 0.029    -30.727     19.791 0 1
2459140.91824 19.124 0.030     -4.627     20.996 0 1
2459142.91301 19.071 0.024     33.204     17.942 0 1
2459143.90178 19.094 0.026     16.361     18.575 0 3
2459144.88365 19.035 0.030     59.868     22.730 0 3
2459144.88457 19.064 0.029     38.310     21.316 0 1
2459145.91427 19.104 0.022      9.377     15.469 0 3
2459149.92159 19.206 0.067    -60.369     43.128 0 3
2459150.92894 19.238 0.076    -80.762     47.760 0 1
2459150.92995 19.057 0.066     43.294     49.023 0 3
2459152.86339 19.006 0.099     82.538     76.968 0 3
2459152.94090 19.348 0.162   -146.449     91.973 0 1
2459156.90556 18.989 0.092     95.478     72.787 0 3
2459157.88765 19.107 0.082      7.377     58.310 0 3
2459158.78440 19.036 0.069     58.818     52.147 0 3
2459158.78718 19.139 0.075    -15.620     51.768 0 1
2459164.94421 19.116 0.039      0.486     27.132 0 3
2459165.80702 19.163 0.029    -32.003     19.875 0 3
2459165.80794 19.108 0.029      6.379     20.721 0 1
2459166.89658 19.118 0.031     -0.526     21.610 0 3
2459167.86461 19.093 0.033     17.074     24.084 0 1
2459168.77304 19.120 0.032     -2.151     22.578 0 3
2459169.84257 19.207 0.040    -60.861     25.958 0 1
2459169.84352 19.092 0.037     18.119     26.844 0 3
2459170.74406 19.083 0.030     24.569     21.829 0 3
2459176.85243 19.114 0.032      2.216     22.525 0 1
2459184.73282 19.142 0.129    -17.418     88.648 0 1
2459190.85893 19.137 0.053    -13.985     36.281 0 1
2459193.82765 19.120 0.033     -1.808     23.170 0 1
2459195.75164 19.191 0.032    -50.150     21.291 0 1
2459200.69633 19.067 0.042     35.838     30.650 0 1
2459204.80843 19.116 0.037      1.037     25.775 0 1
2459211.71737 19.135 0.120    -12.335     83.120 0 1
2459218.73789 19.070 0.033     33.738     24.142 0 1
2459220.70994 19.157 0.035    -27.731     23.647 0 1
2459226.72939 19.133 0.045    -11.151     31.149 0 1
2459228.70214 19.046 0.039     51.368     29.544 0 1
2459230.69552 19.145 0.040    -19.328     27.554 0 1
2459232.72007 19.126 0.032     -6.092     22.381 0 1
2459248.70684 19.138 0.038    -14.780     26.030 0 2
2459251.62969 19.132 0.032    -10.764     22.049 0 1
2459251.63063 19.093 0.029     17.242     21.116 0 2
2459253.68882 19.104 0.037      9.027     26.304 0 1
2459255.65385 19.131 0.032     -9.655     22.552 0 1
2459255.65479 19.124 0.035     -5.201     24.445 0 2
2459257.65270 19.096 0.032     14.625     22.624 0 1
2459260.63289 19.149 0.065    -22.239     44.235 0 1
2459268.65372 19.142 0.076    -17.717     52.495 0 1
2459270.69556 19.092 0.128     17.614     92.481 0 1
2459276.67075 19.011 0.057     78.660     44.337 0 1
2459280.66861 19.174 0.050    -39.269     33.556 0 1
2459434.94478 19.173 0.041    -38.242     27.121 0 1
2459436.94395 19.075 0.034     30.087     24.887 0 1
2459449.96504 19.193 0.164    -51.367    107.863 0 1
2459453.94404 19.126 0.079     -6.052     54.821 0 1
2459459.93590 19.121 0.032     -2.712     22.758 0 1
2459461.94843 19.114 0.028      2.257     19.707 0 1
2459463.94599 19.104 0.031      8.911     22.243 0 1
2459465.94555 19.077 0.031     28.759     22.384 0 1
2459468.94401 19.105 0.030      8.447     20.995 0 1
2459472.93490 19.131 0.032     -9.958     22.159 0 1
2459477.84375 19.211 0.121    -63.334     78.224 0 1
2459479.85096 19.133 0.142    -11.032     98.417 0 1
2459484.91088 19.158 0.068    -28.488     45.898 0 1
2459487.92497 19.094 0.041     16.034     29.211 0 1
2459489.88477 19.113 0.032      2.881     22.491 0 1
2459503.94897 18.992 0.032     93.416     25.608 0 1
2459511.86430 19.093 0.128     17.119     91.927 0 1
2459517.77205 19.133 0.030    -11.020     20.805 0 1
2459521.82368 19.135 0.026    -12.480     18.161 0 1
2459523.84258 19.160 0.030    -29.414     20.121 0 1
2459525.83069 19.125 0.030     -5.803     20.743 0 1
2459530.82275 19.158 0.040    -28.473     27.061 0 1
2459532.76388 19.178 0.069    -41.562     45.682 0 1
2459538.72666 19.219 0.143    -68.784     91.321 0 1
2459540.86723 19.174 0.103    -39.009     68.633 0 1
2459640.67013 18.979 0.054    103.674     43.091 0 1
2459806.98176 18.926 0.074    146.640     61.794 0 1
2459811.96807 19.173 0.047    -38.093     31.438 0 1
2459814.94533 19.171 0.034    -36.907     23.091 0 1
2459819.95085 19.133 0.026    -11.045     18.344 0 1
2459825.98039 19.105 0.035      8.686     25.079 0 1
2459827.94395 19.125 0.039     -5.858     27.318 0 1
2459839.84220 19.155 0.055    -26.140     37.724 0 1
2459839.93039 19.165 0.044    -33.052     29.415 0 1
2459841.88925 19.138 0.037    -14.902     25.329 0 1
2459841.96429 19.112 0.029      3.526     20.173 0 1
2459843.88317 19.156 0.036    -27.295     24.487 0 1
2459846.89739 19.159 0.032    -29.003     21.771 0 1
2459848.93455 19.175 0.034    -39.587     22.986 0 1
2459850.95176 19.058 0.029     43.031     21.192 0 1
2459852.92460 19.149 0.029    -21.928     19.643 0 1
2459856.92942 19.118 0.029     -0.711     20.257 0 1
2459858.94650 19.135 0.026    -12.247     18.099 0 1
2459861.00485 19.084 0.065     23.380     47.378 0 1
2459863.89771 19.147 0.145    -20.693     99.495 0 1
2459878.90219 19.057 0.036     43.053     26.494 0 1
2459880.88647 19.125 0.034     -5.308     23.467 0 1
2459882.89423 19.108 0.047      6.030     33.453 0 1
2459889.75306 19.325 0.121   -133.003     70.085 0 1
2459894.91115 19.091 0.107     18.835     76.886 0 1
2459897.75482 19.194 0.052    -52.344     34.336 0 1
2459901.81237 19.186 0.037    -46.724     24.757 0 1
2459910.84482 19.105 0.041      8.713     29.483 0 1
2459913.82614 19.162 0.039    -31.282     26.227 0 1
2459934.73322 19.089 0.032     20.027     23.344 0 1
2459936.77575 19.165 0.037    -32.899     24.964 0 1
2459953.62270 19.149 0.103    -21.955     70.457 0 1
2459977.64975 19.134 0.093    -12.197     64.506 0 1
