# Instrumental magnitude: -6.339 mag
# DoPHOT object type: 1
2458203.89609 19.865 0.105     40.604     37.252 0 2
2458205.93646 19.962 0.205      7.724     66.227 0 2
2458205.95511 20.179 0.185    -55.872     48.985 0 2
2458206.00183 20.023 0.085    -11.355     25.982 0 2
2458206.85044 20.214 0.224    -64.967     57.453 0 2
2458206.88860 19.977 0.162      2.873     51.775 0 2
2458206.91478 19.838 0.133     50.242     48.169 0 2
2458206.93267 19.816 0.122     58.036     45.274 0 2
2458206.93979 20.062 0.142    -23.347     41.759 0 2
2458206.97751 20.109 0.137    -36.876     38.746 0 2
2458207.82606 19.733 0.229     90.169     91.534 0 2
2458207.84614 20.058 0.245    -21.937     72.516 0 2
2458207.89175 20.033 0.191    -14.403     57.896 0 1
2458207.89463 19.845 0.164     47.560     59.143 0 2
2458207.91287 19.875 0.165     36.951     57.771 0 2
2458207.91973 20.149 0.207    -47.729     56.450 0 2
2458207.92065 20.122 0.214    -40.395     59.708 0 1
2458208.88213 19.607 0.470    143.176    210.534 0 2
2458208.91516 20.413 0.581   -111.640    123.888 0 2
2458208.93528 19.965 0.287      6.583     92.321 0 2
2458208.95886 20.515 1.458   -132.295    283.208 0 2
2458208.99955 20.445 0.468   -118.293     96.900 0 2
2458209.01998 20.244 0.317    -72.560     79.147 0 2
2458209.95457 19.964 0.230      7.085     74.133 0 2
2458209.97832 19.889 0.189     32.182     65.465 0 2
2458210.85029 19.632 0.171    132.421     75.027 0 2
2458210.86866 20.149 0.267    -47.851     72.559 0 1
2458210.86958 19.880 0.188     35.321     65.543 0 2
2458210.92750 19.908 0.165     25.492     55.954 0 2
2458210.95669 19.973 0.157      4.191     50.090 0 2
2458210.95761 20.032 0.166    -14.342     50.170 0 1
2458210.97982 19.835 0.153     51.043     55.542 0 2
2458211.00048 19.857 0.149     43.286     52.957 0 2
2458211.95702 19.829 0.192     53.375     70.045 0 2
2458227.82954 19.983 0.074      1.100     23.343 0 2
2458227.84131 19.993 0.072     -2.295     22.617 0 2
2458227.87113 19.979 0.070      2.300     22.266 0 2
2458228.97212 20.001 0.073     -4.844     22.893 0 2
2458228.99652 20.072 0.086    -26.125     25.106 0 2
2458230.86262 20.240 0.084    -71.474     20.964 0 2
2458230.88851 20.070 0.087    -25.422     25.541 0 2
2458230.91122 20.031 0.065    -14.079     19.734 0 2
2458231.88347 19.976 0.066      3.040     21.149 0 2
2458231.90803 19.956 0.062      9.764     20.316 0 2
2458231.93276 20.063 0.065    -23.464     19.095 0 2
2458231.97223 20.011 0.065     -7.758     20.112 0 2
2458231.99707 19.993 0.072     -2.180     22.770 0 2
2458232.97682 19.878 0.057     36.007     20.027 0 1
2458232.97773 19.933 0.057     17.013     18.969 0 2
2458232.99511 19.993 0.071     -2.261     22.228 0 2
2458234.82351 20.058 0.145    -21.884     42.824 0 2
2458234.84985 19.983 0.148      0.858     46.762 0 2
2458234.86782    nan   nan        nan        nan 1 2
2458234.89459 19.515 0.100    186.429     48.931 0 2
2458234.91041 19.823 0.116     55.489     42.436 0 2
2458234.95481 20.120 0.112    -39.741     31.324 0 2
2458235.80826 20.409 0.216   -110.746     46.247 0 2
2458235.85093 20.050 0.169    -19.603     50.357 0 2
2458235.86452 20.139 0.179    -45.135     49.041 0 1
2458235.86643 20.316 0.234    -89.885     54.693 0 2
2458235.88937 19.973 0.140      4.227     44.921 0 2
2458235.97176 19.978 0.141      2.506     44.766 0 2
2458236.80194 20.125 0.215    -41.360     59.801 0 2
2458236.86145    nan   nan        nan        nan 1 2
2458236.88625 19.707 0.129    100.470     52.566 0 2
2458236.91169 20.112 0.215    -37.701     60.482 0 2
2458236.95803 19.575 0.113    157.753     52.217 0 2
2458236.97788 19.904 0.149     26.847     50.762 0 2
2458236.99454 19.880 0.125     35.186     43.398 0 2
2458237.83194 19.737 0.184     88.530     73.215 0 2
2458237.84943 19.926 0.178     19.532     59.432 0 2
2458237.86876 20.232 0.274    -69.656     68.958 0 2
2458237.88949 20.242 0.260    -72.100     64.886 0 2
2458237.94745 19.871 0.193     38.343     67.707 0 2
2458237.97623 19.853 0.177     44.622     63.241 0 2
2458237.99643 19.767 0.149     76.795     57.648 0 2
2458242.91579 19.869 0.090     39.209     31.710 0 1
2458242.91670 19.826 0.086     54.490     31.408 0 2
2458242.93380 20.207 0.127    -63.248     32.638 0 2
2458242.95820 19.988 0.097     -0.503     30.696 0 2
2458244.75674 20.084 0.080    -29.734     23.128 0 2
2458244.78113 19.976 0.068      3.182     21.766 0 2
2458244.92719 19.987 0.087     -0.342     27.550 0 2
2458245.82623 20.209 0.093    -63.616     23.872 0 2
2458245.94953 19.428 0.066    230.418     34.741 0 2
2458245.95185 20.485 0.178   -126.539     35.525 0 1
2458245.97573 19.908 0.097     25.627     32.896 0 2
2458246.82232 19.941 0.059     14.679     19.453 0 2
2458246.84736 19.961 0.061      7.956     19.886 0 2
2458246.87290 19.921 0.054     21.249     18.292 0 2
2458247.82445 20.053 0.056    -20.492     16.746 0 2
2458247.84759 20.153 0.062    -49.027     16.785 0 2
2458247.87445 19.875 0.049     36.877     17.035 0 2
2458248.85064 19.980 0.063      1.939     20.069 0 2
2458248.87151    nan   nan        nan        nan 1 2
2458252.93457 20.045 0.055    -18.077     16.498 0 1
2458252.93688 20.114 0.058    -38.137     16.328 0 2
2458252.94950 20.132 0.064    -43.195     17.731 0 2
2458252.97590 19.968 0.063      5.675     20.086 0 2
2458255.86717 19.899 0.055     28.725     18.980 0 2
2458255.88733 19.984 0.061      0.776     19.170 0 2
2458255.88824 19.975 0.056      3.486     17.775 0 1
2458255.91379 19.977 0.058      2.864     18.494 0 2
2458258.82264 19.951 0.055     11.313     17.945 0 2
2458258.85014 19.951 0.050     11.126     16.299 0 1
2458258.85105 20.104 0.056    -35.367     15.930 0 2
2458258.87352 20.176 0.059    -55.181     15.558 0 2
2458259.91244 19.778 0.048     72.288     18.205 0 2
2458262.91695 20.065 0.074    -24.132     21.623 0 2
2458262.95423 20.049 0.059    -19.413     17.686 0 2
2458263.79086 20.148 0.186    -47.484     50.533 0 2
2458263.80615 19.980 0.139      1.796     44.067 0 2
2458263.95405 19.876 0.055     36.500     19.248 0 2
2458266.91059 20.513 0.323   -131.929     62.798 0 2
2458266.92864 20.015 0.210     -9.015     64.506 0 1
2458266.93614 20.135 0.223    -44.078     61.438 0 2
2458266.95255 20.162 0.196    -51.465     52.693 0 2
2458267.95492 19.982 0.252      1.187     79.931 0 2
2458267.97783 20.035 0.241    -15.172     72.779 0 2
2458269.78043 20.081 0.187    -28.683     54.284 0 2
2458269.80475 20.147 0.230    -47.253     62.784 0 2
2458269.83055 19.812 0.162     59.776     60.064 0 2
2458269.83146 19.872 0.164     38.037     57.572 0 1
2458272.88827 20.099 0.099    -34.003     28.307 0 1
2458272.89150 19.797 0.077     65.261     29.047 0 2
2458272.91461 20.037 0.099    -15.681     29.919 0 2
2458272.93776 19.894 0.101     30.476     34.764 0 2
2458278.85500 20.125 0.059    -41.170     16.426 0 2
2458278.86880 20.145 0.062    -46.807     16.958 0 1
2458278.87203 20.141 0.059    -45.628     16.263 0 2
2458278.88871 20.129 0.059    -42.346     16.445 0 2
2458279.82871 20.139 0.070    -45.244     19.202 0 2
2458279.85029 20.220 0.073    -66.437     18.526 0 2
2458279.86600 20.182 0.076    -56.805     19.952 0 2
2458280.76751 20.158 0.061    -50.307     16.395 0 2
2458280.78440 20.093 0.060    -32.289     17.135 0 2
2458280.90637 20.297 0.078    -85.530     18.619 0 2
2458281.76488 20.116 0.066    -38.655     18.537 0 2
2458281.78365 20.034 0.058    -14.866     17.663 0 2
2458281.78456 20.068 0.061    -25.031     17.993 0 1
2458282.87216 20.173 0.058    -54.438     15.501 0 2
2458282.88793 20.119 0.061    -39.441     17.140 0 2
2458282.91342 20.117 0.061    -38.905     17.132 0 2
2458283.78568 20.008 0.052     -6.996     16.238 0 2
2458283.80583 20.063 0.058    -23.402     17.142 0 2
2458283.91050 20.192 0.065    -59.373     17.049 0 2
2458284.75999 20.093 0.066    -32.292     18.937 0 2
2458284.87236 20.005 0.074     -6.072     23.032 0 2
2458285.78012 20.521 0.106   -133.602     20.450 0 2
2458288.86353 20.226 0.070    -68.146     17.849 0 2
2458288.88977 20.207 0.079    -63.150     20.360 0 2
2458288.90395 20.103 0.076    -35.107     21.596 0 2
2458289.86898 20.003 0.059     -5.337     18.487 0 2
2458289.88721 20.018 0.070     -9.857     21.472 0 2
2458290.70493 20.082 0.103    -28.962     29.797 0 2
2458290.72294 19.935 0.084     16.472     27.878 0 1
2458290.72439 20.122 0.103    -40.337     28.783 0 2
2458290.74446 20.142 0.100    -45.814     27.308 0 2
2458291.84405 20.342 0.121    -95.848     27.522 0 2
2458291.93214 20.017 0.061     -9.557     18.613 0 2
2458292.72088 20.343 0.164    -96.232     37.322 0 2
2458292.93337 20.155 0.063    -49.396     17.038 0 2
2458293.70369 20.495 0.243   -128.554     48.055 0 2
2458293.72624 19.998 0.162     -3.918     50.741 0 2
2458293.85172 20.265 0.154    -77.839     37.533 0 1
2458293.85263 20.321 0.160    -91.059     37.089 0 2
2458294.72058 20.306 0.181    -87.678     42.515 0 2
2458294.87331 20.217 0.170    -65.676     43.474 0 2
2458295.71857 20.031 0.172    -14.060     52.024 0 2
2458295.87060 19.912 0.139     24.370     47.055 0 2
2458298.72060 19.907 0.150     25.747     51.116 0 2
2458298.73849 20.061 0.171    -22.896     50.308 0 2
2458299.68592 20.018 0.097     -9.877     29.908 0 2
2458299.70381 20.084 0.127    -29.510     36.687 0 2
2458299.72356 20.054 0.137    -20.886     40.823 0 2
2458300.95313 20.019 0.170    -10.246     51.997 0 1
2458303.91483 20.294 0.161    -84.782     38.213 0 1
2458303.91578 19.883 0.115     34.305     39.977 0 2
2458303.93078 19.971 0.121      4.831     38.945 0 2
2458304.70630 20.178 0.074    -55.542     19.725 0 2
2458304.72140 20.064 0.060    -23.863     17.679 0 2
2458304.80309 20.185 0.071    -57.463     18.815 0 2
2458305.70660 19.962 0.069      7.632     22.335 0 2
2458305.72435 20.099 0.067    -33.896     18.984 0 2
2458305.81173 20.022 0.067    -11.232     20.494 0 2
2458306.81168 19.982 0.069      1.315     21.787 0 2
2458306.82633 20.015 0.071     -9.195     21.967 0 2
2458306.83099 20.081 0.073    -28.714     21.044 0 1
2458306.84934 19.965 0.067      6.740     21.707 0 2
2458307.74213 20.040 0.065    -16.713     19.649 0 2
2458307.82700 20.064 0.073    -23.893     21.357 0 2
2458307.84749 20.048 0.065    -19.039     19.324 0 2
2458308.70363 20.229 0.080    -68.935     20.286 0 2
2458308.71986 20.038 0.063    -16.027     19.055 0 2
2458310.84721 19.942 0.069     14.239     22.628 0 2
2458311.84822 19.883 0.067     33.992     23.364 0 2
2458311.87249 20.142 0.082    -46.074     22.574 0 2
2458312.85046 20.085 0.089    -29.958     25.804 0 2
2458312.86624 19.989 0.076     -1.065     23.827 0 2
2458313.74769 20.030 0.066    -13.757     20.097 0 1
2458313.74861 19.926 0.065     19.337     21.797 0 2
2458313.82701 19.822 0.061     55.959     22.536 0 2
2458313.84660 20.073 0.077    -26.555     22.349 0 2
2458314.82624 20.373 0.109   -102.934     24.107 0 2
2458314.86578 19.799 0.075     64.698     28.003 0 2
2458314.89458 19.867 0.076     39.875     26.789 0 2
2458315.88876 20.030 0.102    -13.482     31.034 0 2
2458316.86588 19.898 0.072     29.092     24.665 0 2
2458316.88736 19.908 0.076     25.534     25.745 0 2
2458317.85122 20.017 0.080     -9.570     24.667 0 2
2458317.87082 19.938 0.089     15.397     29.321 0 2
2458318.88981 19.895 0.065     29.908     22.494 0 2
2458318.90769 20.018 0.079     -9.836     24.377 0 2
2458318.93364 19.975 0.079      3.504     25.283 0 2
2458319.69707 20.185 0.131    -57.598     34.431 0 2
2458319.88980 19.882 0.078     34.373     27.279 0 2
2458320.68032 19.798 0.102     64.981     38.422 0 2
2458320.70271 19.886 0.087     33.216     30.301 0 2
2458320.93350 19.991 0.098     -1.575     30.961 0 2
2458321.88990 19.828 0.065     53.624     23.824 0 2
2458321.91323 19.907 0.073     25.757     24.882 0 2
2458321.92595 20.104 0.090    -35.436     25.501 0 2
2458322.67637 19.968 0.142      5.822     45.544 0 2
2458322.69813 19.869 0.113     39.213     39.704 0 2
2458322.72365 19.880 0.101     35.126     35.342 0 2
2458322.72550 19.861 0.103     41.708     36.348 0 1
2458323.88460 19.985 0.154      0.192     48.589 0 2
2458323.90785 19.955 0.131     10.085     42.574 0 2
2458323.92942 19.833 0.092     51.981     33.605 0 2
2458324.78700 19.700 0.129    103.286     53.232 0 2
2458324.80179 19.761 0.156     78.975     60.608 0 2
2458324.90558 19.745 0.161     85.134     63.514 0 2
2458325.67984 19.766 0.174     77.282     67.478 0 2
2458325.70033 19.654 0.139    122.878     59.788 0 2
2458325.70124 19.988 0.199     -0.509     62.884 0 1
2458326.68230 20.117 0.189    -39.027     53.024 0 2
2458326.70085 19.779 0.157     71.962     60.093 0 2
2458327.68323 20.315 0.261    -89.838     60.901 0 2
2458327.70395 20.127 0.214    -41.890     59.282 0 2
2458328.68610 19.806 0.116     62.002     43.246 0 1
2458328.68701 19.828 0.126     53.799     46.054 0 2
2458329.91092 19.675 0.155    113.829     65.299 0 2
2458330.66534 19.882 0.124     34.503     42.970 0 2
2458330.69747 19.963 0.069      7.417     22.357 0 2
2458330.78338 19.849 0.135     46.140     48.275 0 2
2458331.75602 19.914 0.109     23.397     36.785 0 2
2458331.78008 19.703 0.092    102.036     37.538 0 1
2458331.78259 19.881 0.113     34.855     39.335 0 2
2458331.80281 19.873 0.112     37.540     39.113 0 2
2458332.70233 19.928 0.062     18.816     20.751 0 2
2458332.72364 20.046 0.096    -18.330     28.706 0 2
2458334.80664 19.842 0.070     48.551     25.088 0 1
2458337.86548 19.906 0.077     26.249     26.194 0 1
2458340.84508 19.808 0.170     61.109     63.408 0 1
2458343.81272 19.897 0.070     29.434     24.101 0 1
2458346.82800 19.866 0.071     40.213     25.169 0 1
2458349.68146 19.652 0.079    123.695     34.185 0 2
2458349.70230 19.648 0.076    125.167     32.925 0 2
2458349.72120 19.952 0.103     11.077     33.657 0 1
2458349.72737 19.889 0.096     32.220     33.311 0 2
2458350.74697 19.989 0.109     -0.854     34.283 0 2
2458350.76563 19.747 0.081     84.484     32.023 0 2
2458350.84764 19.959 0.079      8.681     25.702 0 2
2458351.73914 19.938 0.112     15.625     36.872 0 2
2458351.76651 19.791 0.092     67.566     34.991 0 2
2458351.79007 19.727 0.097     92.500     39.130 0 2
2458352.68626 19.850 0.116     45.815     41.573 0 2
2458352.70035 19.661 0.093    119.946     39.753 0 2
2458352.84898 19.751 0.125     82.946     49.124 0 1
2458352.84996 19.620 0.120    137.779     53.207 0 2
2458360.65304 19.735 0.062     89.327     24.551 0 2
2458361.66080 19.836 0.063     50.734     22.890 0 2
2458361.67972 19.798 0.058     64.839     21.729 0 2
2458361.70486 19.846 0.057     47.292     20.335 0 2
2458362.69707 19.729 0.055     91.681     21.979 0 1
2458362.69802 19.810 0.056     60.450     20.675 0 2
2458362.71847 19.799 0.061     64.470     22.928 0 2
2458362.73797 19.982 0.082      1.317     25.984 0 2
2458364.69696 19.890 0.059     31.836     20.414 0 2
2458364.72046 19.906 0.061     26.272     20.623 0 2
2458364.73945 19.804 0.058     62.548     21.833 0 2
2458365.74307 19.953 0.059     10.638     19.189 0 2
2458365.76079 19.729 0.056     91.733     22.316 0 1
2458365.76170 19.724 0.056     93.817     22.585 0 2
2458365.78637 20.145 0.096    -46.788     26.341 0 2
2458366.70370 19.861 0.055     42.043     19.374 0 2
2458366.72186 19.915 0.058     23.361     19.512 0 2
2458366.74116 19.824 0.060     55.383     21.848 0 2
2458367.72364 19.892 0.065     31.212     22.450 0 2
2458367.74034 19.909 0.070     25.060     23.778 0 2
2458367.75867 19.986 0.079     -0.033     24.898 0 2
2458368.71568 19.879 0.057     35.611     19.888 0 2
2458368.74120 19.940 0.069     14.772     22.817 0 2
2458368.76073 19.906 0.062     26.383     21.007 0 2
2458368.76402 19.942 0.074     14.299     24.526 0 1
2458369.73936 19.855 0.063     43.862     22.552 0 2
2458369.75984 19.881 0.067     34.954     23.354 0 2
2458369.78474 19.994 0.079     -2.405     24.799 0 2
2458370.68047 19.917 0.061     22.382     20.576 0 2
2458370.70514 19.730 0.057     91.125     22.831 0 2
2458370.72532 19.885 0.065     33.631     22.481 0 2
2458371.71673 19.856 0.056     43.625     19.934 0 2
2458371.74115 19.867 0.065     39.697     22.902 0 2
2458371.74207 19.858 0.065     43.044     22.959 0 1
2458371.76193 19.852 0.064     44.960     22.914 0 2
2458372.72045 19.892 0.062     30.941     21.271 0 2
2458372.74283 19.804 0.064     62.613     23.987 0 2
2458372.76620 19.775 0.063     73.695     24.228 0 2
2458373.72651 19.975 0.072      3.543     22.896 0 2
2458373.73990 19.944 0.074     13.574     24.358 0 2
2458373.76314 19.739 0.070     87.620     27.886 0 2
2458374.72093 19.896 0.068     29.633     23.340 0 2
2458374.72184 19.846 0.067     47.373     23.988 0 1
2458374.73794 19.917 0.073     22.585     24.549 0 2
2458374.75915 19.746 0.068     85.043     26.946 0 2
2458375.71919 19.786 0.060     69.420     22.779 0 2
2458375.74098 19.868 0.073     39.524     25.770 0 2
2458376.72407 19.901 0.076     27.865     25.856 0 2
2458376.74659 19.841 0.074     48.941     26.694 0 2
2458377.70065 19.762 0.065     78.527     25.424 0 2
2458377.74087 19.919 0.089     21.852     29.796 0 2
2458377.76480 19.680 0.069    111.631     28.804 0 1
2458377.76576 19.782 0.078     71.024     29.589 0 2
2458378.65947 19.915 0.080     23.287     27.172 0 2
2458378.67796 19.969 0.087      5.416     27.816 0 2
2458378.70578 19.818 0.079     57.365     29.023 0 2
2458379.65767 19.776 0.077     73.249     29.563 0 2
2458379.68055 19.903 0.095     27.403     32.593 0 2
2458379.69217 19.807 0.077     61.525     28.653 0 2
2458381.68102 19.824 0.106     55.207     38.942 0 1
2458381.68193 19.788 0.106     68.817     40.160 0 2
2458381.69646 19.627 0.097    134.512     42.715 0 2
2458381.72430 20.010 0.147     -7.633     45.354 0 2
2458382.67881 19.808 0.114     61.029     42.303 0 2
2458382.70174 20.081 0.159    -28.828     46.085 0 2
2458382.71738 19.711 0.118     98.746     48.099 0 2
2458383.67827 19.795 0.136     66.112     51.174 0 2
2458383.69667 19.601 0.110    146.063     49.418 0 2
2458383.71850 19.771 0.152     75.049     58.729 0 2
2458384.72259 20.022 0.214    -11.104     65.365 0 2
2458384.74261 19.779 0.204     71.926     77.883 0 2
2458384.76033 20.063 0.316    -23.540     92.972 0 2
2458384.76125 20.249 0.322    -73.941     79.986 0 1
2458385.64023 19.786 0.139     69.438     52.677 0 2
2458385.65706 19.523 0.111    182.625     53.869 0 2
2458386.62145 20.051 0.177    -19.993     52.735 0 2
2458386.63469 19.725 0.137     93.131     55.022 0 2
2458386.67238 19.748 0.159     84.195     62.776 0 2
2458387.67992 19.422 0.108    233.968     57.339 0 2
2458387.70092 20.036 0.217    -15.365     65.464 0 2
2458387.70183 19.905 0.193     26.623     65.791 0 1
2458387.72006 20.512 0.367   -131.806     71.548 0 2
2458388.62286 19.847 0.065     46.709     23.357 0 2
2458388.63829 19.919 0.154     21.951     51.840 0 2
2458388.65813 19.921 0.135     21.305     45.197 0 2
2458389.63603 19.942 0.078     14.100     25.665 0 2
2458389.67724 19.849 0.100     46.211     36.010 0 2
2458389.69749 19.928 0.159     18.979     53.122 0 2
2458390.61534 19.755 0.059     81.320     23.073 0 2
2458390.61717 19.857 0.062     43.399     22.015 0 1
2458390.64290 19.839 0.061     49.779     22.208 0 2
2458390.65836 19.861 0.060     41.733     21.128 0 2
2458399.59682 19.537 0.127    175.966     60.738 0 2
2458400.63440 19.783 0.064     70.694     24.459 0 2
2458425.63725 19.396 0.256    247.757    139.267 0 2
2458425.65494 19.902 0.210     27.524     71.601 0 2
2458430.61382 19.797 0.081     65.155     30.426 0 2
2458430.63209 19.963 0.103      7.438     33.137 0 1
2458430.63300 19.686 0.078    109.344     32.381 0 2
2458433.63462 19.853 0.214     44.587     76.588 0 1
2458433.63554 20.522 0.377   -133.803     72.738 0 2
2458493.03121 19.582 0.069    154.808     31.724 0 1
2458513.05303 19.404 0.060    243.398     32.334 0 1
2458539.03460 19.387 0.113    252.783     62.027 0 1
2458539.88547 19.409 0.083    240.556     44.483 0 2
2458539.91182 19.847 0.332     46.998    119.292 0 2
2458540.95382 19.440 0.052    224.379     27.151 0 2
2458540.97184 19.509 0.056    189.356     27.586 0 2
2458540.99314 19.416 0.050    236.728     26.586 0 2
2458541.93058 19.420 0.047    235.053     24.788 0 2
2458541.95353 19.436 0.046    226.178     23.908 0 2
2458541.97338 19.524 0.051    181.920     24.696 0 2
2458541.97429 19.532 0.049    178.241     23.538 0 1
2458543.99698 19.470 0.046    208.949     23.567 0 2
2458544.01312 19.507 0.072    190.205     35.285 0 2
2458547.86748 19.299 0.059    302.889     35.091 0 1
2458558.94917 19.351 0.044    272.747     25.162 0 2
2458558.97513 19.405 0.042    242.737     22.937 0 2
2458560.99333 19.535 0.080    176.535     38.194 0 2
2458561.03162 19.435 0.046    227.003     24.353 0 2
2458562.01625 19.498 0.117    195.003     58.151 0 2
2458562.03792 19.392 0.092    249.788     50.015 0 2
2458568.01725 19.516 0.101    185.846     49.321 0 1
2458568.88386 19.249 0.126    333.419     78.768 0 2
2458568.90980 19.437 0.063    226.005     33.016 0 2
2458568.93040 19.554 0.075    167.792     35.262 0 2
2458569.90942 19.486 0.108    200.759     54.183 0 2
2458569.92894 19.242 0.109    337.938     68.591 0 2
2458572.99463 19.412 0.047    239.307     25.345 0 1
2458573.98056 19.454 0.045    216.931     23.350 0 2
2458573.99130 19.550 0.053    169.589     24.835 0 2
2458580.95169 19.459 0.086    214.322     44.197 0 1
2458581.80251 19.481 0.054    203.049     27.420 0 2
2458581.97825 19.400 0.059    245.602     31.980 0 2
2458581.98780 19.395 0.061    248.555     33.031 0 2
2458582.86535 19.487 0.052    200.497     26.202 0 2
2458582.89052 19.424 0.042    232.832     22.471 0 2
2458582.98970 19.419 0.039    235.355     21.002 0 2
2458585.89687 19.477 0.043    205.412     21.664 0 2
2458586.92825 19.468 0.044    209.834     22.533 0 2
2458586.94994 19.376 0.039    258.833     21.671 0 2
2458586.95084 19.546 0.044    171.571     20.846 0 1
2458586.96852 19.482 0.047    202.966     23.844 0 2
2458587.86395 19.399 0.099    246.118     53.952 0 2
2458587.95046 19.399 0.050    245.936     27.111 0 2
2458587.97476 19.789 0.221     68.458     83.734 0 2
2458588.81999 19.368 0.099    263.161     55.311 0 2
2458588.97123 19.491 0.049    198.093     24.235 0 2
2458588.99091 19.440 0.053    224.302     27.522 0 2
2458589.90408 19.463 0.441    212.644    225.544 0 2
2458591.76074 19.370 0.153    261.940     85.258 0 2
2458592.97071 19.620 0.152    137.439     67.413 0 2
2458592.98935 19.292 0.102    307.276     61.152 0 1
2458592.99025 19.548 0.134    170.551     63.408 0 2
2458593.97712 19.503 0.164    192.451     81.026 0 2
2458593.99542 19.297 0.137    304.316     81.696 0 2
2458594.76896 19.433 0.174    227.787     91.664 0 2
2458594.78145 19.044 0.107    474.105     80.792 0 2
2458596.94885 19.345 0.065    276.079     37.325 0 2
2458596.97575 19.318 0.063    291.711     36.837 0 2
2458596.97665 19.453 0.073    217.492     37.803 0 1
2458596.99325 19.492 0.080    197.897     39.668 0 2
2458608.82624 19.393 0.046    249.277     25.227 0 1
2458612.89371 19.394 0.031    248.947     17.133 0 2
2458612.89462 19.515 0.035    186.195     17.257 0 1
2458612.90806 19.388 0.032    252.410     17.304 0 2
2458616.77090 19.470 0.073    208.652     37.138 0 1
2458616.94570 19.460 0.035    213.883     17.751 0 2
2458616.97386 19.457 0.036    215.470     18.624 0 2
2458616.99218 19.443 0.084    222.596     43.618 0 2
2458617.90276 19.434 0.057    227.240     29.793 0 2
2458617.93399 19.417 0.040    236.659     21.570 0 2
2458617.95115 19.407 0.034    242.034     18.208 0 2
2458618.91022 19.672 0.622    115.214    262.580 0 2
2458618.92978 19.527 0.300    180.600    144.853 0 2
2458628.95572 19.348 0.060    274.385     33.891 0 2
2458633.95489 19.452 0.043    218.291     22.384 0 1
2458636.94684 19.388 0.034    252.329     18.584 0 1
2458639.92505 19.389 0.035    251.769     19.046 0 1
2458645.74486 19.364 0.061    265.381     34.367 0 2
2458645.91738 19.415 0.044    237.385     23.534 0 1
2458645.91828 19.527 0.047    180.736     22.768 0 2
2458645.93504 19.375 0.042    259.506     23.564 0 2
2458646.82812 19.281 0.060    313.815     36.122 0 2
2458646.91404 19.377 0.040    258.014     22.181 0 2
2458646.93454 19.387 0.071    252.882     39.102 0 2
2458647.72670 19.338 0.070    280.159     40.462 0 2
2458647.85161 19.333 0.064    283.321     36.751 0 2
2458647.86462 19.258 0.061    327.800     37.525 0 2
2458648.83360 19.424 0.097    232.821     51.568 0 2
2458648.85062 19.249 0.076    333.166     47.642 0 2
2458648.85201 19.420 0.081    235.074     43.371 0 1
2458648.87254 19.284 0.081    312.053     48.727 0 2
2458649.85338 19.493 0.105    197.488     52.169 0 2
2458649.86580 19.377 0.105    258.391     58.002 0 2
2458649.89186 19.505 0.108    191.404     53.412 0 2
2458651.95192 19.330 0.142    284.752     81.941 0 1
2458652.67932 19.335 0.084    281.710     48.365 0 2
2458652.70375 19.458 0.106    214.896     54.739 0 2
2458652.71694 19.210 0.093    358.436     60.366 0 2
2458654.78128 19.373 0.072    260.661     39.836 0 1
2458657.74804 19.321 0.043    290.229     24.956 0 1
2458658.72303 19.439 0.035    224.608     18.179 0 1
2458660.70154 19.492 0.037    197.526     18.450 0 1
2458661.98439 19.394 0.140    248.599     76.468 0 2
2458662.72564 19.465 0.041    211.158     21.019 0 2
2458662.72654 19.437 0.041    225.765     21.596 0 1
2458663.97367 19.406 0.105    242.517     56.652 0 2
2458665.70729 19.405 0.039    242.821     20.807 0 1
2458667.83354 19.415 0.039    237.325     20.915 0 2
2458667.85128 19.356 0.037    269.991     21.082 0 2
2458670.79314 19.361 0.037    266.898     20.534 0 2
2458672.80861 19.482 0.037    202.755     18.767 0 2
2458672.82683 19.393 0.035    249.569     19.145 0 2
2458673.82734 19.413 0.036    238.388     19.022 0 2
2458673.84353 19.401 0.035    245.186     19.046 0 2
2458674.82181 19.288 0.045    309.650     26.926 0 2
2458674.82787 19.328 0.045    286.087     25.956 0 1
2458674.85300 19.451 0.042    218.762     21.801 0 2
2458675.82620 19.323 0.059    288.987     34.467 0 2
2458675.85046 19.356 0.053    270.165     29.894 0 2
2458676.80405 19.440 0.073    224.394     38.163 0 2
2458676.82758 19.443 0.081    222.951     42.050 0 2
2458677.82254 19.390 0.073    250.928     39.701 0 1
2458678.77795 19.326 0.080    286.894     46.328 0 1
2458679.79980 19.490 0.099    198.893     49.531 0 1
2458680.68623 19.587 0.153    152.391     69.704 0 1
2458681.70379 19.181 0.086    377.501     57.222 0 1
2458682.68211 19.326 0.065    286.901     37.717 0 1
2458683.77706 19.337 0.073    280.935     41.956 0 1
2458684.76708 19.422 0.093    233.936     49.242 0 1
2458685.86555 19.394 0.081    249.029     44.422 0 1
2458688.80594 19.496 0.045    195.598     22.322 0 1
2458693.76829 19.375 0.041    259.457     22.772 0 1
2458695.80773 19.337 0.040    280.722     23.013 0 1
2458696.76459 19.323 0.038    288.677     22.125 0 2
2458696.80901 19.370 0.040    261.832     22.281 0 1
2458697.69498 19.426 0.042    231.841     22.154 0 2
2458697.82828 19.360 0.041    267.677     23.061 0 1
2458698.70848 19.364 0.085    265.336     47.591 0 2
2458699.81119 19.293 0.044    306.623     26.298 0 1
2458700.76263 19.330 0.039    284.718     22.606 0 2
2458700.80774 19.399 0.040    246.263     21.740 0 1
2458701.81132 19.289 0.041    309.205     24.919 0 1
2458702.81049 19.307 0.042    298.536     25.120 0 1
2458703.69308 19.341 0.064    278.505     36.578 0 2
2458703.81092 19.340 0.047    279.223     27.212 0 1
2458704.80637 19.409 0.069    240.785     36.974 0 1
2458705.72520 19.378 0.066    257.413     36.640 0 1
2458705.75866 19.204 0.060    362.198     38.800 0 2
2458706.67953 19.286 0.063    311.069     38.087 0 2
2458706.72794 19.304 0.064    300.051     37.851 0 1
2458707.72483 19.286 0.077    311.041     46.445 0 1
2458707.76170 19.259 0.102    327.435     63.117 0 2
2458708.66614 19.160 0.073    391.302     49.136 0 2
2458708.68561 19.211 0.072    357.357     46.245 0 2
2458708.72594 19.397 0.088    247.207     48.047 0 1
2458708.84500 19.451 0.125    218.399     64.698 0 2
2458709.66382 19.198 0.070    366.271     45.673 0 2
2458709.67708 19.191 0.076    370.926     50.177 0 2
2458709.72553 19.321 0.082    289.834     47.977 0 1
2458710.66199 19.227 0.086    347.001     54.891 0 2
2458710.71104 19.327 0.094    286.522     54.307 0 1
2458710.72807 19.393 0.118    249.626     64.637 0 2
2458711.66449 19.402 0.085    244.443     45.904 0 2
2458711.71040 19.263 0.080    324.695     49.210 0 1
2458712.65866 19.339 0.053    279.536     30.365 0 2
2458712.68250 19.319 0.071    291.131     41.267 0 2
2458712.69916 19.278 0.077    315.720     46.612 0 2
2458713.71917 19.348 0.170    274.607     96.643 0 1
2458714.66371 19.301 0.039    301.832     23.234 0 2
2458714.71094 19.360 0.058    267.443     32.674 0 1
2458714.72654 19.311 0.063    296.126     37.275 0 2
2458715.79618 19.346 0.069    275.686     39.533 0 1
2458716.81602 19.275 0.068    317.253     41.410 0 1
2458717.79649 19.192 0.054    370.165     35.615 0 1
2458718.81633 19.317 0.065    292.264     38.289 0 1
2458719.79707 19.361 0.058    267.252     32.666 0 1
2458720.81534 19.342 0.059    277.659     33.968 0 1
2458722.79538 19.304 0.048    299.774     28.427 0 1
2458723.81736 19.329 0.059    285.344     34.190 0 1
2458724.81738 19.224 0.056    349.237     35.438 0 1
2458725.67990 19.305 0.046    299.291     27.159 0 2
2458725.70373 19.304 0.042    299.799     25.151 0 2
2458725.79367 19.251 0.044    332.006     27.524 0 1
2458726.79495 19.278 0.058    315.342     35.241 0 1
2458727.66386 19.364 0.039    265.215     21.653 0 2
2458727.67464 19.382 0.043    255.254     23.693 0 3
2458727.68064 19.352 0.040    272.223     22.882 0 2
2458727.81635 19.234 0.053    342.705     33.349 0 1
2458728.68104 19.304 0.042    299.763     24.714 0 2
2458729.67402 19.302 0.061    300.975     35.974 0 2
2458730.79361 19.241 0.061    338.412     38.351 0 1
2458731.68545 19.343 0.257    277.113    146.977 0 3
2458732.65694 19.337 0.059    280.693     34.122 0 2
2458732.67847 19.301 0.057    302.011     33.657 0 3
2458732.68357 19.224 0.048    349.082     30.871 0 2
2458732.69390 19.432 0.059    228.288     31.251 0 2
2458732.79187 19.322 0.053    289.592     31.178 0 1
2458733.66371 19.174 0.053    381.691     35.406 0 2
2458733.67555 19.180 0.050    377.998     33.468 0 2
2458733.79119 19.209 0.067    359.021     43.485 0 1
2458733.80977 19.212 0.063    356.856     40.796 0 3
2458733.81068 19.409 0.075    240.593     40.227 0 2
2458734.68170 19.315 0.068    293.736     39.777 0 2
2458734.69441 19.340 0.078    279.340     44.844 0 2
2458734.71483 19.303 0.076    300.540     44.806 0 3
2458734.72401 19.293 0.072    306.707     42.982 0 2
2458734.79242 19.357 0.092    269.113     51.904 0 1
2458735.63932 19.187 0.074    373.163     48.937 0 3
2458735.79099 19.265 0.088    323.691     54.227 0 1
2458736.79949 19.262 0.114    325.588     70.043 0 1
2458737.66378 19.168 0.074    386.012     49.764 0 3
2458737.81237 19.243 0.151    337.513     94.676 0 1
2458738.68268 19.307 0.122    298.534     72.044 0 1
2458739.63963 19.183 0.082    375.943     54.438 0 2
2458740.63529 19.161 0.097    390.400     65.378 0 2
2458740.68624 19.053 0.098    467.647     73.443 0 1
2458741.63860 19.171 0.071    383.720     47.600 0 2
2458741.68311 19.323 0.092    288.640     53.396 0 1
2458742.63701 19.447 0.190    220.686     98.537 0 2
2458743.63481 19.394 0.057    248.904     31.223 0 2
2458743.68366 19.373 0.086    260.640     47.557 0 1
2458744.64497 19.266 0.040    322.989     24.512 0 2
2458744.68266 19.262 0.052    325.375     31.803 0 1
2458745.64494 19.245 0.041    335.737     25.422 0 2
2458745.68276 19.308 0.045    297.413     26.304 0 1
2458746.70723 19.240 0.051    339.290     31.944 0 1
2458747.63772 19.283 0.052    312.416     31.560 0 2
2458747.68263 19.208 0.043    359.813     27.966 0 1
2458747.79024 19.332 0.084    283.444     48.637 0 2
2458748.68174 19.414 0.079    237.798     42.194 0 1
2458748.76650 19.261 0.092    325.878     56.665 0 2
2458749.68325 19.254 0.045    330.615     28.200 0 1
2458751.68118 19.364 0.058    265.459     32.674 0 1
2458760.68194 19.219 0.054    352.260     34.508 0 1
2458761.68094 19.197 0.064    366.741     41.720 0 1
2458762.68012 19.301 0.070    301.642     41.633 0 1
2458763.68145 19.232 0.063    343.954     39.667 0 1
2458764.67278 19.367 0.080    263.577     44.755 0 1
2458765.67347 19.183 0.072    376.151     47.976 0 1
2458766.67202 19.278 0.098    315.426     59.166 0 1
2458768.67011 19.336 0.136    281.511     78.322 0 1
2458769.67004 19.238 0.146    340.316     91.740 0 1
2458770.67009 19.138 0.152    406.498    104.838 0 1
2458771.67031 19.342 0.164    277.858     94.035 0 1
2458772.67066 19.064 0.098    459.102     72.787 0 1
2458773.66928 19.237 0.110    340.899     69.448 0 1
2458774.66921 19.134 0.054    408.899     37.308 0 1
2458775.66931 19.239 0.051    339.520     32.226 0 1
2458776.66854 19.212 0.053    357.056     34.447 0 1
2458778.66918 19.166 0.059    387.437     39.891 0 1
2458779.66900 19.215 0.054    355.038     34.491 0 1
2458782.66731 19.161 0.058    390.677     39.244 0 1
2458783.61021 19.307 0.054    298.210     32.081 0 3
2458783.66837 19.186 0.060    373.599     39.788 0 1
2458785.66808 19.230 0.062    345.184     39.472 0 1
2458786.67452 19.314 0.085    294.251     49.721 0 1
2458789.62102 19.198 0.063    366.005     40.941 0 3
2458789.66818 19.165 0.073    387.597     49.353 0 1
2458791.63374 19.179 0.063    378.695     41.726 0 1
2458793.64145 19.308 0.104    297.769     61.689 0 1
2458794.63660 19.093 0.085    438.147     60.928 0 1
2458795.61374 19.318 0.106    292.056     62.007 0 1
2458796.64128 19.251 0.134    332.184     83.439 0 1
2458797.63760 18.996 0.093    511.364     73.256 0 1
2458803.59283 19.196 0.101    367.530     65.870 0 1
2458853.02926 19.058 0.038    463.531     28.498 0 1
2458867.07852 19.026 0.069    487.672     52.603 0 1
2458874.05563 18.989 0.028    516.919     22.531 0 1
2458877.03219 19.047 0.032    471.728     23.770 0 1
2458880.98622 18.995 0.040    511.698     31.303 0 1
2458882.01898 18.927 0.031    567.186     26.274 0 1
2458886.97496 18.987 0.071    518.143     56.418 0 1
2458887.96728 19.023 0.099    490.169     76.119 0 1
2458891.97034 18.984 0.068    520.513     54.014 0 1
2458893.05558 18.857 0.046    627.946     40.788 0 1
2458893.97751 18.872 0.044    614.142     38.600 0 1
2458895.05309 18.932 0.036    563.085     30.004 0 1
2458896.03127 18.846 0.033    637.797     29.558 0 1
2458899.05314 18.972 0.026    530.107     20.616 0 1
2458900.03929 18.944 0.028    553.044     23.476 0 1
2458901.04093 18.925 0.050    568.376     42.055 0 1
2458904.03485 18.931 0.026    563.652     22.035 0 1
2458905.06073 19.036 0.075    480.335     56.564 0 1
2458909.05446 18.911 0.036    581.019     30.718 0 1
2458912.03315 18.931 0.034    563.371     28.753 0 1
2458913.03589 18.972 0.028    530.178     22.146 0 1
2458914.02064 18.941 0.030    555.023     24.989 0 1
2458914.99538 18.981 0.052    522.904     41.828 0 1
2458915.99202 18.460 0.334   1055.758    429.909 0 1
2458936.98672 18.938 0.029    557.875     24.241 0 1
2458939.94785 18.992 0.179    514.071    141.026 0 1
2458940.97119 18.908 0.047    583.042     39.996 0 1
2458941.99617 18.970 0.029    531.468     23.305 0 1
2458943.93169 18.910 0.056    581.168     47.811 0 1
2458944.99535 18.874 0.039    612.376     34.495 0 1
2458955.96738 18.949 0.033    548.665     27.360 0 1
2458956.89023 18.789 0.054    690.648     51.159 0 1
2458962.99780 18.950 0.031    547.677     25.394 0 1
2458963.88821 18.986 0.028    518.987     21.911 0 1
2458963.95984 18.964 0.031    536.437     25.504 0 1
2458964.89346 18.947 0.026    550.494     21.765 0 1
2458965.92444 18.883 0.025    604.919     21.926 0 1
2458966.92849 18.919 0.026    573.439     22.094 0 1
2458967.93076 18.972 0.026    530.312     20.894 0 1
2458968.96555 18.952 0.026    546.026     21.222 0 1
2458970.95662 18.909 0.023    582.597     19.552 0 3
2458970.95756 18.960 0.024    539.664     19.853 0 1
2458971.93219 18.938 0.025    557.751     20.799 0 1
2458971.93546 18.905 0.024    585.748     20.863 0 3
2458972.96944 18.902 0.024    588.488     20.951 0 1
2458972.97037 18.935 0.025    560.051     20.694 0 3
2458973.95246 18.925 0.042    568.935     35.632 0 3
2458973.95340 18.925 0.043    569.052     36.281 0 1
2458974.99766 18.893 0.056    596.420     48.037 0 1
2458974.99859 18.824 0.053    657.691     48.972 0 3
2458975.76697 18.966 0.096    534.764     77.381 0 3
2458975.76791 18.769 0.070    709.309     68.069 0 1
2458976.99207 18.744 0.090    733.909     89.602 0 3
2458976.99306 18.831 0.090    651.469     82.844 0 1
2458977.86611 19.157 0.258    393.627    175.292 0 3
2458977.86704 19.089 0.218    440.693    157.044 0 1
2458978.93333 19.004 0.123    504.951     96.204 0 3
2458978.93429 18.983 0.113    521.674     90.127 0 1
2458979.75741 18.865 0.048    620.438     42.530 0 3
2458979.75930 18.849 0.047    634.606     42.477 0 1
2458980.91686 18.835 0.046    647.700     42.004 0 3
2458980.91873 18.958 0.053    541.662     42.882 0 1
2458985.93152 18.925 0.038    568.946     32.089 0 3
2458986.89420 18.933 0.025    562.276     20.926 0 3
2458986.89514 18.933 0.025    561.895     20.647 0 1
2458987.93318 18.951 0.023    547.293     18.604 0 1
2458987.93412 18.981 0.023    522.668     18.519 0 3
2458991.82606 19.014 0.027    497.240     21.152 0 1
2458991.82700 19.079 0.029    448.247     21.337 0 3
2458992.85487 18.981 0.025    522.766     20.306 0 3
2458992.85580 18.939 0.025    557.350     20.904 0 1
2458993.76455 18.923 0.029    570.495     24.103 0 1
2458993.76548 19.009 0.030    501.028     23.052 0 3
2458994.90380 18.984 0.026    520.860     20.973 0 3
2458994.90615 18.932 0.025    562.797     21.246 0 1
2458995.82881 18.929 0.026    565.052     22.081 0 1
2458995.83357 18.883 0.025    605.094     21.786 0 3
2458996.69807 18.880 0.029    607.080     25.398 0 1
2458996.82401 18.919 0.026    573.457     21.940 0 3
2458997.89131 18.970 0.026    532.064     21.288 0 3
2458997.89225 18.971 0.025    531.057     20.501 0 1
2458998.84847 18.963 0.024    537.269     19.658 0 1
2458998.84950 18.927 0.024    567.443     20.136 0 3
2458999.76472 18.823 0.039    658.454     36.098 0 3
2458999.76566 18.944 0.045    552.697     37.157 0 1
2459000.80780 18.958 0.047    541.554     38.143 0 1
2459000.90703 18.951 0.115    547.179     94.651 0 1
2459000.90797 18.780 0.080    698.638     76.805 0 3
2459001.88533 18.988 0.040    517.547     31.528 0 1
2459001.88626 18.946 0.037    551.053     30.350 0 3
2459002.93722 18.828 0.040    654.077     36.530 0 1
2459002.93816 18.876 0.045    610.723     39.716 0 3
2459005.70576 18.949 0.088    548.713     71.920 0 1
2459011.81110 18.972 0.032    530.445     26.071 0 1
2459012.80861 18.967 0.024    533.906     19.567 0 1
2459013.74848 18.959 0.028    540.640     23.073 0 1
2459014.84732 19.006 0.026    503.343     20.471 0 1
2459016.84638 19.182 0.057    376.642     37.854 0 1
2459017.81110 19.019 0.024    492.935     18.230 0 1
2459018.84671 18.984 0.025    520.173     20.164 0 1
2459019.79164 19.006 0.026    503.413     20.524 0 1
2459020.72864 18.983 0.026    521.243     21.088 0 1
2459022.70798 18.978 0.026    525.486     21.045 0 1
2459023.74300 19.006 0.027    503.509     20.865 0 1
2459024.78752 19.040 0.031    476.843     23.258 0 1
2459025.74668 19.049 0.026    470.425     19.203 0 1
2459026.74546 19.156 0.111    393.770     75.560 0 1
2459027.74614 19.016 0.041    495.169     31.482 0 1
2459028.84664 18.992 0.030    514.558     23.544 0 1
2459030.86837 19.002 0.040    506.532     31.146 0 1
2459031.70025 19.016 0.051    495.722     39.130 0 1
2459032.86825 18.913 0.052    579.058     44.199 0 1
2459033.71728 18.919 0.064    573.512     53.663 0 1
2459036.72476 19.029 0.058    485.457     44.328 0 1
2459037.74723 19.033 0.059    482.201     45.091 0 1
2459038.78503 18.959 0.049    540.402     40.265 0 1
2459039.70395 18.943 0.026    554.097     21.655 0 1
2459040.74442 18.904 0.026    586.268     21.992 0 1
2459041.71983 18.976 0.028    527.296     22.134 0 1
2459042.80705 18.945 0.029    551.742     23.912 0 1
2459043.72732 18.904 0.026    586.263     22.607 0 1
2459044.82379 18.916 0.028    576.239     23.552 0 1
2459045.75936 18.967 0.025    534.021     20.535 0 1
2459046.84868 18.998 0.028    509.672     22.283 0 1
2459047.76799 18.993 0.026    513.426     20.815 0 1
2459048.78288 18.944 0.026    553.133     21.443 0 1
2459048.78429 18.956 0.025    543.252     20.682 0 3
2459049.81058 18.947 0.029    550.647     23.512 0 3
2459049.81151 18.902 0.028    588.434     23.792 0 1
2459050.87011 19.023 0.031    490.036     23.793 0 3
2459050.87198 18.967 0.032    534.551     26.077 0 1
2459051.82515 18.956 0.028    543.114     22.582 0 3
2459051.82608 18.949 0.026    549.228     21.729 0 1
2459052.80329 18.962 0.024    537.890     19.729 0 1
2459052.80568 18.954 0.025    544.428     20.361 0 3
2459053.84982 18.935 0.025    560.128     20.495 0 3
2459053.85075 18.921 0.025    572.288     20.815 0 1
2459054.78391 18.975 0.029    527.557     23.125 0 1
2459054.78627 18.898 0.027    591.374     22.945 0 3
2459055.80318 18.969 0.027    532.305     21.772 0 3
2459055.80504 18.937 0.026    558.641     21.640 0 1
2459056.77942 18.984 0.030    520.660     23.547 0 3
2459056.78035 18.918 0.029    575.025     24.192 0 1
2459057.76010 18.878 0.033    609.332     28.769 0 1
2459057.76104 18.929 0.033    565.309     27.252 0 3
2459059.88333 18.952 0.033    546.767     26.873 0 3
2459059.88427 18.873 0.033    613.469     28.708 0 1
2459060.89329 18.946 0.031    551.027     25.232 0 3
2459061.68174 18.918 0.043    574.616     36.583 0 3
2459062.86281 18.915 0.061    577.056     51.970 0 3
2459062.86375 18.874 0.066    612.759     58.100 0 1
2459063.77130 18.919 0.064    573.900     54.194 0 3
2459063.77227 18.932 0.061    562.807     50.565 0 1
2459064.72328 18.896 0.079    593.456     68.144 0 3
2459064.72768 18.762 0.077    716.065     74.872 0 1
2459065.74168 18.915 0.085    577.140     71.924 0 3
2459065.74264 18.818 0.080    663.460     74.370 0 1
2459066.80609 18.963 0.073    537.116     58.856 0 3
2459066.80702 18.859 0.068    626.078     60.426 0 1
2459067.70948 18.978 0.037    525.347     29.636 0 3
2459068.72334 18.946 0.035    550.929     29.187 0 3
2459068.72427 18.865 0.035    620.984     30.904 0 1
2459069.80282 18.879 0.041    607.880     35.672 0 3
2459069.80611 18.812 0.039    668.641     36.247 0 1
2459070.75058 18.869 0.027    616.924     23.881 0 1
2459071.75028 18.934 0.027    561.286     22.484 0 3
2459072.84701 18.837 0.040    645.649     36.324 0 3
2459073.74717 18.902 0.028    588.162     24.304 0 3
2459073.74953 18.909 0.028    582.367     23.595 0 1
2459074.72425 18.872 0.027    613.991     23.401 0 3
2459075.70139 18.941 0.030    555.544     24.811 0 3
2459076.78285 18.928 0.043    566.177     35.885 0 3
2459077.73959 18.913 0.029    578.740     24.814 0 3
2459078.71768 18.858 0.027    627.112     24.284 0 3
2459079.67477 18.899 0.028    590.876     23.672 0 3
2459080.72249 18.847 0.034    636.950     31.088 0 3
2459081.73982 18.915 0.034    577.409     29.067 0 3
2459082.78203 18.883 0.039    604.458     34.353 0 3
2459084.82370 19.021 0.042    491.734     31.936 0 3
2459085.76733 18.927 0.029    567.066     24.724 0 3
2459086.78309 18.860 0.030    625.016     27.174 0 3
2459087.67717 18.923 0.040    570.779     33.557 0 3
2459088.75433 18.899 0.061    591.198     52.904 0 3
2459090.74319 18.806 0.054    674.746     50.764 0 3
2459090.84042 18.959 0.097    540.856     79.002 0 1
2459091.77682 18.892 0.061    596.867     52.984 0 1
2459093.67833 18.824 0.059    657.301     54.765 0 1
2459093.68024 18.822 0.060    659.677     55.541 0 3
2459094.68008 18.892 0.079    597.128     68.163 0 1
2459095.69910 18.842 0.081    641.357     73.141 0 3
2459095.70004 18.941 0.087    555.766     72.060 0 1
2459096.68172 18.936 0.049    559.708     40.512 0 1
2459096.68360 18.810 0.044    670.404     40.866 0 2
2459096.68456 18.874 0.049    612.320     43.257 0 3
2459097.70207 18.879 0.050    608.505     43.811 0 2
2459097.70396 18.871 0.052    614.895     46.167 0 3
2459097.82616 18.835 0.088    647.927     80.786 0 2
2459098.71543 18.908 0.049    583.104     41.525 0 2
2459098.71732 18.916 0.048    576.741     40.445 0 1
2459098.71826 18.870 0.046    616.119     40.743 0 3
2459099.67868 18.901 0.030    588.956     25.754 0 1
2459099.68151 18.834 0.028    648.113     25.672 0 3
2459099.68245 18.880 0.028    607.138     24.202 0 2
2459106.67285 19.005 0.054    504.346     42.289 0 3
2459106.67378 18.869 0.052    616.711     46.074 0 2
2459106.78316 19.234 0.160    342.618    101.148 0 2
2459107.66107 18.838 0.053    645.248     48.641 0 2
2459107.68204 18.921 0.059    572.143     50.128 0 2
2459108.76288 18.809 0.057    671.900     52.944 0 2
2459108.77948 18.842 0.067    641.527     60.738 0 2
2459109.69424 18.927 0.045    567.049     37.744 0 1
2459109.71779 18.862 0.044    623.267     39.140 0 2
2459110.65939 18.837 0.035    645.414     31.635 0 2
2459110.66085 18.845 0.035    638.620     31.934 0 1
2459111.61818 18.813 0.044    667.891     40.744 0 2
2459111.64328 18.941 0.033    555.051     27.617 0 1
2459111.66109 18.899 0.035    591.264     30.411 0 2
2459112.64386 18.896 0.028    593.267     24.392 0 2
2459112.65790 18.962 0.029    538.314     23.430 0 1
2459112.77640 18.926 0.037    567.938     31.373 0 2
2459113.68597 18.951 0.033    547.123     26.672 0 2
2459113.68690 18.876 0.032    611.305     27.923 0 1
2459113.70700 18.904 0.036    586.713     30.798 0 2
2459114.70316 18.928 0.038    565.909     31.970 0 2
2459114.71793 18.903 0.036    587.665     31.077 0 3
2459114.73977 18.920 0.042    572.899     35.092 0 2
2459115.71124 18.884 0.039    603.721     34.268 0 2
2459115.75851 18.893 0.041    595.809     35.239 0 2
2459116.71989 18.857 0.043    627.782     38.123 0 2
2459116.75246 18.951 0.051    546.903     41.868 0 2
2459117.72152 18.956 0.044    543.341     36.234 0 2
2459117.75199 18.936 0.053    559.647     44.281 0 2
2459118.69978 18.771 0.043    707.933     41.711 0 2
2459119.70394 18.908 0.058    583.055     49.714 0 2
2459119.75186 18.807 0.062    673.926     57.959 0 2
2459120.71913 19.008 0.081    501.535     62.894 0 2
2459120.75277 18.985 0.089    519.454     71.054 0 2
2459121.68079 18.803 0.054    677.595     50.739 0 2
2459121.68172 18.773 0.053    705.631     51.283 0 3
2459122.73597 18.910 0.104    581.340     88.640 0 2
2459124.63418 18.884 0.068    604.110     59.032 0 1
2459124.63512 18.938 0.072    558.227     59.816 0 2
2459124.63606 18.856 0.071    628.678     63.647 0 3
2459125.69966 18.739 0.060    739.038     59.515 0 3
2459126.70293 18.860 0.066    625.212     59.298 0 1
2459126.71655 18.922 0.079    571.015     66.698 0 3
2459128.65509 18.951 0.034    547.180     28.264 0 1
2459128.65604 18.974 0.037    528.223     29.644 0 2
2459128.65697 18.907 0.033    583.667     28.262 0 3
2459129.68061 19.005 0.257    503.987    200.894 0 2
2459130.68245 18.879 0.033    608.360     28.613 0 1
2459130.68338 18.978 0.035    525.543     28.098 0 2
2459131.67939 18.930 0.035    564.750     29.576 0 2
2459131.68086 18.940 0.036    556.462     30.046 0 3
2459131.70095 18.902 0.036    588.243     30.805 0 2
2459134.72148 18.956 0.045    543.504     36.403 0 2
2459135.59385 18.962 0.047    538.417     38.283 0 2
2459135.72114 18.788 0.040    691.639     37.925 0 1
2459135.72208 18.943 0.044    553.449     36.163 0 2
2459136.64481 18.905 0.032    585.645     27.535 0 2
2459136.71757 19.041 0.042    476.377     31.535 0 2
2459137.63657 18.898 0.032    591.826     27.767 0 2
2459137.65650 18.992 0.037    513.996     29.056 0 2
2459137.65744 18.969 0.036    532.377     28.873 0 1
2459138.70443 18.966 0.057    535.115     46.479 0 2
2459139.61683 19.003 0.035    505.811     27.187 0 2
2459139.67804 18.917 0.036    575.864     30.809 0 1
2459139.70641 18.964 0.050    536.820     40.456 0 2
2459140.66391 18.888 0.035    600.287     30.394 0 2
2459142.62211 18.906 0.033    584.573     28.574 0 2
2459143.65873 18.901 0.035    588.929     29.807 0 1
2459143.67639 18.944 0.035    552.836     28.882 0 2
2459144.63750 18.921 0.041    572.070     34.248 0 2
2459144.65229 18.819 0.076    662.334     70.002 0 2
2459145.64137 18.962 0.038    538.310     31.172 0 1
2459145.64240 18.860 0.037    625.479     32.906 0 2
2459151.63507 19.006 0.077    503.172     59.859 0 1
2459153.64076 19.069 0.104    455.818     76.570 0 2
2459153.64169 18.973 0.089    529.188     71.496 0 1
2459155.63647 18.933 0.073    562.117     60.870 0 1
2459155.63931 18.995 0.083    511.607     65.569 0 3
2459155.64025 18.812 0.071    668.934     66.581 0 2
2459155.65916 18.807 0.079    673.502     74.312 0 2
2459157.65772 18.958 0.076    541.201     61.621 0 2
2459157.65967 19.032 0.072    483.244     55.058 0 1
2459227.03387 18.874 0.033    612.714     29.313 0 1
2459227.03480 18.818 0.030    663.344     28.128 0 3
2459229.01234 18.850 0.030    634.266     26.874 0 1
2459230.99486 18.845 0.036    638.769     32.306 0 3
2459230.99579 18.958 0.038    541.098     30.849 0 1
2459233.03475 18.932 0.029    562.710     24.274 0 3
2459233.03569 18.901 0.029    589.512     24.941 0 1
2459248.98947 18.966 0.049    535.340     39.938 0 3
2459248.99235 18.884 0.045    604.260     39.301 0 2
2459250.03681 18.897 0.036    592.325     31.440 0 1
2459250.03775 18.984 0.038    520.613     30.600 0 3
2459250.99405 18.996 0.043    510.944     33.931 0 3
2459252.03544 18.915 0.036    576.826     30.812 0 2
2459252.03638 18.899 0.035    590.968     29.940 0 3
2459254.03750 18.972 0.027    530.336     21.929 0 1
2459256.03681 18.934 0.023    560.928     19.144 0 1
2459257.01512 18.950 0.028    548.377     22.642 0 2
2459257.01606 18.856 0.026    628.643     23.491 0 3
2459259.01501 18.889 0.033    599.745     28.889 0 1
2459263.03599 18.941 0.032    555.351     26.388 0 1
2459268.03594 19.003 0.034    505.545     26.702 0 1
2459269.01675 18.946 0.027    551.175     22.048 0 3
2459269.01768 18.967 0.026    533.968     21.059 0 2
2459269.99235 18.909 0.045    582.447     38.102 0 1
2459269.99329 18.862 0.041    623.502     36.478 0 3
2459269.99574 18.934 0.045    561.381     37.348 0 2
2459270.93507 19.058 0.093    463.591     68.816 0 3
2459272.02156 18.811 0.171    669.751    159.293 0 2
2459272.02252 18.630 0.141    854.008    155.855 0 3
2459272.93043 18.777 0.109    702.188    104.906 0 2
2459272.93137 18.999 0.133    508.589    104.025 0 3
2459277.01817 18.902 0.044    588.641     37.606 0 3
2459279.01782 18.950 0.041    548.293     33.406 0 1
2459279.02170 18.965 0.043    535.718     34.437 0 3
2459292.95710 18.947 0.027    550.367     22.556 0 1
2459301.96745 18.817 0.080    663.840     74.276 0 3
2459302.88489 18.732 0.067    745.772     66.854 0 3
2459302.88647 19.031 0.086    484.068     65.221 0 1
2459303.88474 18.827 0.072    655.352     66.386 0 3
2459305.92553 18.979 0.059    524.666     47.132 0 3
2459306.86050 18.962 0.043    537.926     35.155 0 3
2459307.93239 18.937 0.034    558.833     27.928 0 3
2459307.93866 19.006 0.036    502.849     28.033 0 1
2459308.90481 18.998 0.033    509.678     25.749 0 3
2459309.86487 18.917 0.031    575.915     26.312 0 3
2459309.86581 19.014 0.034    497.204     26.578 0 1
2459310.93677 18.897 0.026    592.866     22.364 0 3
2459311.95025 18.953 0.026    545.551     21.497 0 1
2459313.97252 19.050 0.039    469.445     29.313 0 1
2459315.82122 18.913 0.028    579.302     24.164 0 1
2459317.97157 19.069 0.026    455.299     18.769 0 1
2459320.95045 18.980 0.028    523.520     22.568 0 1
2459322.84822 18.974 0.030    528.614     23.773 0 1
2459324.89064 18.977 0.026    526.225     21.169 0 1
2459328.84442 18.951 0.062    547.240     51.126 0 1
2459329.89074 18.876 0.055    610.641     48.583 0 3
2459334.74895 18.931 0.035    564.044     29.490 0 1
2459335.90949 18.895 0.049    593.955     42.456 0 3
2459336.92423 18.989 0.038    516.777     29.912 0 1
2459336.92517 18.958 0.037    541.670     30.332 0 3
2459338.93674 18.968 0.032    533.540     25.838 0 3
2459339.91789 18.961 0.026    539.078     21.238 0 1
2459340.88980 18.982 0.025    521.878     19.836 0 3
2459342.88942 19.063 0.025    460.120     18.761 0 3
2459343.89266 18.953 0.027    545.862     22.451 0 1
2459344.95380 19.008 0.025    501.992     19.363 0 3
2459345.90937 18.989 0.026    516.654     20.463 0 3
2459345.91176 19.071 0.027    453.766     19.891 0 1
2459346.95679 19.032 0.025    483.215     19.183 0 3
2459348.89309 19.001 0.025    507.031     19.802 0 3
2459349.89420 19.017 0.025    494.863     19.087 0 3
2459349.89514 18.991 0.024    514.872     18.947 0 1
2459353.86721 19.012 0.032    498.276     24.840 0 3
2459353.86814 18.997 0.029    510.319     22.844 0 1
2459356.81001 18.978 0.054    525.364     43.112 0 1
2459356.81095 19.019 0.054    493.391     41.521 0 3
2459358.95118 18.926 0.056    568.038     46.884 0 3
2459362.89041 18.938 0.057    557.739     47.683 0 1
2459364.86587 19.084 0.046    444.874     33.037 0 1
2459365.95578 18.892 0.040    596.614     34.653 0 3
2459366.80024 18.963 0.028    537.105     22.569 0 1
2459367.79007 19.031 0.029    483.986     22.369 0 2
2459367.95914 18.972 0.041    529.905     33.330 0 2
2459368.85325 19.012 0.026    498.764     20.416 0 1
2459368.85419 19.017 0.027    494.935     20.666 0 2
2459368.95973 18.996 0.032    511.383     25.575 0 2
2459369.73995 19.060 0.029    462.223     21.445 0 2
2459369.88587 19.022 0.028    490.941     21.392 0 2
2459370.74216 19.039 0.030    477.625     22.500 0 2
2459370.91144 19.043 0.029    474.696     21.917 0 1
2459370.91242 18.977 0.028    526.152     22.692 0 2
2459371.88819 19.026 0.027    488.045     20.470 0 2
2459373.84893 19.044 0.031    474.163     23.397 0 2
2459373.92661 19.010 0.028    500.295     21.945 0 2
2459373.93153 19.022 0.029    490.922     22.453 0 1
2459374.87417 18.960 0.030    539.854     24.579 0 2
2459374.88641 18.987 0.030    518.399     23.559 0 2
2459375.78775 19.064 0.032    458.862     23.744 0 2
2459375.87482 18.976 0.032    527.255     25.736 0 1
2459375.92544 19.037 0.035    479.392     26.787 0 2
2459376.84547 19.065 0.029    458.457     21.722 0 2
2459376.86695 19.002 0.028    506.118     22.026 0 2
2459376.89397 18.957 0.029    542.638     23.723 0 2
2459377.80417 18.988 0.028    517.342     21.810 0 2
2459377.84300 18.987 0.026    518.080     20.641 0 1
2459377.95142 19.041 0.035    476.291     26.105 0 2
2459378.68870 19.048 0.030    471.108     22.469 0 2
2459378.84759 18.987 0.028    518.534     22.542 0 2
2459378.86609 19.035 0.029    480.731     21.806 0 2
2459379.78147 18.969 0.031    532.678     24.974 0 2
2459379.81431 18.952 0.031    546.645     25.057 0 1
2459379.82594 19.068 0.032    456.558     23.457 0 2
2459380.78029 19.012 0.053    498.576     40.796 0 2
2459382.81374 19.028 0.039    486.408     29.558 0 2
2459382.89112 18.990 0.035    515.725     27.789 0 2
2459382.90152 19.039 0.044    477.878     33.430 0 2
2459383.74807 19.019 0.048    492.758     37.203 0 2
2459385.69549 19.095 0.060    436.833     42.910 0 2
2459385.82358 19.069 0.059    455.242     43.373 0 1
2459385.90494 19.067 0.035    456.835     26.019 0 2
2459386.77835 19.041 0.056    476.022     41.883 0 2
2459386.84933 19.019 0.060    492.758     46.038 0 2
2459386.95470 19.047 0.034    471.923     25.855 0 2
2459387.79304 18.983 0.069    521.180     54.934 0 2
2459387.84764 18.928 0.064    565.867     53.425 0 1
2459387.89742 19.121 0.070    418.287     49.301 0 2
2459390.70916 18.957 0.067    541.921     54.896 0 2
2459390.72609 19.025 0.065    488.484     49.987 0 2
2459391.72970 19.102 0.065    431.661     46.284 0 1
2459391.95728 18.980 0.075    523.448     60.084 0 2
2459392.75178 19.032 0.044    483.062     33.258 0 2
2459392.76432 18.992 0.050    514.045     39.110 0 2
2459392.94410 19.119 0.090    419.391     63.145 0 2
2459393.75746 19.066 0.034    457.757     24.817 0 2
2459393.85044 18.992 0.054    513.838     42.443 0 1
2459393.85142 19.098 0.055    434.348     39.575 0 2
2459394.70852 19.048 0.034    471.151     25.170 0 2
2459394.84426 19.063 0.056    459.704     41.670 0 2
2459394.88105 18.982 0.052    522.339     41.240 0 2
2459395.89836 19.008 0.050    501.941     38.979 0 2
2459396.78180 19.078 0.032    448.846     23.689 0 2
2459396.80506 19.005 0.032    503.867     25.238 0 2
2459396.94326 19.048 0.051    470.961     37.932 0 2
2459397.81023 18.951 0.029    547.268     23.737 0 1
2459397.94733 19.058 0.044    463.639     32.450 0 2
2459399.79063 19.043 0.029    474.576     21.647 0 2
2459400.80979 19.043 0.034    475.111     25.913 0 1
2459400.81073 19.063 0.031    459.565     22.970 0 2
2459400.86324 18.912 0.031    579.711     26.472 0 2
2459401.74939 19.035 0.030    481.172     23.080 0 2
2459401.86494 19.056 0.036    464.966     27.117 0 2
2459401.86885 19.054 0.032    466.396     24.159 0 2
2459402.81275 18.958 0.029    541.658     23.607 0 2
2459402.81369 19.027 0.032    486.958     24.576 0 1
2459403.78507 18.929 0.028    565.832     23.407 0 2
2459403.87482 19.038 0.035    478.365     26.497 0 2
2459403.88469 19.029 0.036    485.328     27.676 0 2
2459404.82404 19.021 0.038    491.288     29.240 0 2
2459404.84844 19.024 0.037    489.653     28.406 0 2
2459404.84938 19.050 0.039    469.551     28.875 0 1
2459405.71900 19.101 0.034    432.189     23.941 0 2
2459405.82785 18.959 0.031    540.885     25.373 0 2
2459405.82883 18.964 0.030    536.494     24.626 0 2
2459406.69606 18.978 0.033    524.944     26.166 0 2
2459406.72234 19.020 0.032    492.704     24.441 0 1
2459407.74316 19.067 0.034    457.236     25.156 0 2
2459407.77103 18.999 0.034    508.842     26.697 0 2
2459407.79018 18.988 0.033    517.627     26.059 0 2
2459408.70275 19.028 0.037    485.884     27.996 0 2
2459408.85192 18.987 0.040    518.441     31.520 0 1
2459408.85286 18.923 0.039    570.076     32.575 0 2
2459409.74621 18.998 0.032    509.296     25.109 0 2
2459409.74716 19.000 0.034    508.129     27.037 0 2
2459409.82514 18.937 0.033    558.680     27.151 0 2
2459410.70599 18.980 0.035    523.527     27.701 0 2
2459410.85422 19.007 0.038    502.373     29.659 0 1
2459410.87122 19.075 0.045    451.379     33.088 0 2
2459411.70402 19.080 0.048    447.772     34.922 0 2
2459411.81309 18.977 0.036    526.032     28.618 0 2
2459411.82238 18.931 0.038    563.918     31.891 0 2
2459412.73907 19.003 0.043    505.361     33.295 0 2
2459412.82989 19.008 0.036    501.707     27.795 0 1
2459412.83084 18.952 0.034    546.054     27.897 0 2
2459414.75939 18.826 0.043    655.802     39.295 0 2
2459414.88977 19.063 0.035    459.573     26.102 0 2
2459414.89071 18.961 0.034    538.839     27.307 0 2
2459415.76059 18.870 0.046    616.331     40.316 0 2
2459415.77784 19.043 0.056    474.712     42.224 0 1
2459415.95291 18.888 0.046    600.549     40.296 0 2
2459418.82602 19.165 0.143    388.137     96.079 0 1
2459418.93127 18.942 0.149    554.332    122.779 0 2
2459423.72281 19.042 0.033    475.512     24.532 0 2
2459424.76160 19.038 0.033    478.354     24.931 0 2
2459424.76254 18.946 0.032    551.493     26.328 0 2
2459424.79347 18.935 0.038    560.229     31.299 0 2
2459425.74196 18.975 0.031    527.794     24.670 0 2
2459425.86803 18.951 0.046    546.960     38.013 0 1
2459425.86947 19.046 0.051    472.502     38.634 0 2
2459426.72651 19.017 0.045    494.703     34.664 0 3
2459426.72847 18.965 0.031    535.460     25.105 0 2
2459427.78114 19.029 0.036    485.347     27.209 0 2
2459427.78208 18.977 0.032    526.043     25.728 0 2
2459427.87619 19.018 0.041    494.187     31.380 0 2
2459428.74073 19.053 0.034    467.051     25.028 0 2
2459428.75943 18.960 0.032    540.131     26.249 0 2
2459429.78565 19.041 0.034    476.401     25.429 0 2
2459429.78659 18.952 0.032    546.688     25.941 0 2
2459429.83188 18.936 0.033    559.291     27.048 0 2
2459430.78277 18.976 0.030    527.128     23.826 0 2
2459430.78717 18.973 0.030    529.523     23.774 0 1
2459430.83103 18.989 0.033    516.863     25.975 0 2
2459434.72173 18.982 0.030    522.474     23.786 0 2
2459434.74111 19.023 0.029    490.390     22.504 0 2
2459434.75960 18.978 0.030    525.350     23.827 0 2
2459435.69988 18.987 0.030    518.049     23.412 0 1
2459435.70083 19.044 0.031    474.360     22.992 0 2
2459435.72633 18.937 0.028    558.647     23.254 0 2
2459436.75946 19.012 0.033    498.454     25.682 0 2
2459438.70592 18.971 0.033    530.620     26.247 0 2
2459438.72939 19.022 0.037    490.460     28.475 0 1
2459439.84575 19.023 0.050    490.012     38.175 0 2
2459440.70077 18.993 0.040    513.265     31.776 0 2
2459440.76411 18.983 0.035    521.642     28.081 0 1
2459440.78754 19.068 0.043    456.572     31.407 0 2
2459441.73850 19.000 0.042    507.670     33.128 0 2
2459441.73944 18.983 0.044    521.677     34.795 0 2
2459441.78914 18.991 0.038    514.847     29.843 0 2
2459442.78515 18.942 0.037    554.927     30.398 0 2
2459443.67984 19.072 0.064    453.339     46.744 0 2
2459443.82074 18.982 0.052    522.493     41.216 0 2
2459444.70600 19.287 0.110    309.906     66.177 0 2
2459446.78381 19.092 0.097    438.539     69.887 0 1
2459448.69685 19.047 0.087    471.957     64.960 0 1
2459449.69908 18.960 0.071    540.003     57.915 0 2
2459449.72007 19.065 0.080    458.788     59.337 0 2
2459449.77132 18.964 0.085    536.884     68.558 0 2
2459450.70131 19.051 0.101    469.105     75.257 0 2
2459450.72241 18.887 0.084    601.622     72.960 0 1
2459450.77061 18.843 0.092    640.412     83.776 0 2
2459451.70548 18.907 0.055    583.832     47.354 0 2
2459451.70642 18.907 0.054    583.767     45.998 0 2
2459451.74469 18.978 0.058    524.960     46.324 0 2
2459452.78455 18.963 0.049    537.666     39.807 0 2
2459452.80314 19.038 0.056    478.255     42.512 0 1
2459453.68035 18.969 0.028    532.651     22.464 0 2
2459453.69841 19.024 0.029    489.625     22.588 0 2
2459453.73019 18.916 0.037    576.211     31.696 0 2
2459454.70295 19.041 0.031    476.652     23.217 0 2
2459454.72144 18.999 0.031    508.300     24.466 0 1
2459454.73683 18.900 0.033    590.160     28.198 0 2
2459455.70428 18.972 0.028    529.826     22.865 0 2
2459455.72317 19.001 0.032    507.496     25.311 0 2
2459455.72412 19.120 0.033    418.906     23.484 0 2
2459456.83134 19.075 0.052    451.278     37.988 0 2
2459458.66541 19.027 0.031    486.798     23.597 0 2
2459458.68177 19.007 0.029    502.105     22.540 0 1
2459458.78034 19.053 0.034    467.462     25.088 0 2
2459459.67603 19.024 0.028    489.070     21.661 0 2
2459459.67697 19.039 0.029    477.796     21.984 0 2
2459459.78561 18.998 0.034    509.115     26.478 0 2
2459460.75939 18.996 0.033    510.737     25.714 0 2
2459460.80740 18.979 0.036    524.703     29.046 0 1
2459460.80981 19.017 0.038    494.609     29.072 0 2
2459461.70875 19.015 0.034    496.095     26.570 0 2
2459462.76127 18.947 0.035    550.329     28.749 0 2
2459462.78408 19.056 0.039    464.771     28.897 0 1
2459462.80049 18.986 0.039    519.159     30.798 0 2
2459463.70708 18.978 0.031    525.547     24.605 0 2
2459463.72843 18.996 0.032    510.977     24.884 0 2
2459464.65944 18.956 0.028    542.729     22.751 0 2
2459464.68679 18.982 0.030    522.064     23.680 0 1
2459464.75747 18.956 0.036    543.491     29.513 0 2
2459465.72183 18.929 0.036    565.645     30.112 0 2
2459465.72277 18.932 0.036    562.997     29.888 0 2
2459465.80365 18.987 0.049    518.532     38.718 0 2
2459466.72463 18.959 0.033    540.824     26.560 0 2
2459466.81088 18.966 0.042    535.364     34.257 0 1
2459466.81182 19.030 0.046    484.936     35.411 0 2
2459467.67756 18.983 0.037    521.486     29.408 0 2
2459467.67965 19.022 0.044    490.490     33.674 0 2
2459467.72318 18.870 0.044    615.927     38.520 0 2
2459468.65735 18.968 0.031    533.250     25.400 0 2
2459468.68224 18.939 0.030    557.318     25.295 0 1
2459468.68322 18.982 0.032    521.888     25.187 0 2
2459469.65747 18.991 0.032    514.867     25.500 0 2
2459469.74236 19.016 0.036    495.132     27.875 0 2
2459470.70424 18.899 0.034    590.738     28.907 0 2
2459470.72295 18.991 0.036    514.717     28.077 0 1
2459470.74120 19.005 0.037    504.351     28.514 0 2
2459471.65808 18.909 0.047    582.144     40.046 0 2
2459471.65997 18.978 0.055    525.320     43.719 0 2
2459471.76717 18.994 0.061    512.864     48.257 0 2
2459473.67780 18.948 0.045    549.368     36.778 0 2
2459473.78579 18.984 0.064    520.533     51.245 0 1
2459473.78673 19.027 0.063    486.690     48.159 0 2
2459474.64464 18.945 0.055    551.777     45.300 0 2
2459474.65706 19.116 0.059    421.308     41.254 0 2
2459476.65560 19.057 0.073    464.366     54.137 0 2
2459476.74483 18.965 0.092    536.078     74.256 0 1
2459476.78675 18.968 0.105    533.464     84.835 0 2
2459478.64478 19.106 0.097    428.696     68.748 0 2
2459478.64572 18.853 0.075    631.262     67.145 0 1
2459479.65912 19.065 0.080    458.538     58.888 0 2
2459479.72934 18.983 0.086    521.598     68.558 0 2
2459484.67849 18.980 0.028    524.032     22.355 0 1
2459484.67943 19.025 0.030    488.849     22.914 0 2
2459487.70039 19.025 0.046    488.737     35.118 0 3
2459488.64118 19.052 0.037    468.038     27.437 0 2
2459488.72573 19.056 0.047    465.421     35.254 0 1
2459488.74503 19.009 0.050    500.501     38.799 0 2
2459489.70417 19.005 0.043    503.709     33.907 0 2
2459489.74969 18.936 0.051    559.916     42.143 0 2
2459490.67874 19.071 0.040    453.954     29.643 0 2
2459491.64168 18.979 0.035    524.596     27.980 0 2
2459498.63710 19.055 0.046    466.079     34.227 0 2
2459498.63804 19.044 0.040    474.170     30.408 0 1
2459498.72832 18.991 0.048    515.204     37.678 0 2
2459502.63621 19.017 0.068    494.458     52.747 0 2
2459503.63878 18.967 0.064    533.948     51.966 0 3
2459504.69886 19.093 0.091    437.921     65.188 0 3
2459504.69982 19.039 0.087    477.893     65.891 0 1
2459505.67871 19.118 0.103    420.404     72.160 0 3
2459510.62536 18.856 0.104    628.180     93.264 0 1
2459521.62114 19.020 0.042    492.653     32.131 0 1
2459522.64033 18.892 0.038    597.131     33.165 0 3
2459523.65637 18.924 0.038    569.639     32.135 0 1
2459525.61875 18.970 0.034    531.965     27.611 0 1
2459525.61968 18.914 0.033    578.346     27.966 0 3
2459527.63585 18.993 0.044    513.670     35.076 0 1
2459529.61904 18.877 0.048    610.401     41.941 0 1
2459529.61997 18.887 0.050    600.875     43.853 0 3
2459638.95100 19.089 0.046    440.921     33.077 0 2
2459640.97393 19.123 0.034    416.632     23.758 0 3
2459640.97492 19.012 0.032    498.233     24.562 0 2
2459641.89461 19.034 0.037    481.757     28.030 0 3
2459641.93793 19.078 0.036    449.083     25.999 0 1
2459675.96746 19.113 0.033    423.550     23.473 0 1
2459679.78622 19.000 0.053    508.209     41.660 0 1
2459683.80778 19.171 0.096    383.780     64.068 0 1
2459685.89033 19.246 0.138    335.128     86.517 0 1
2459695.89065 19.152 0.056    396.474     37.914 0 1
2459695.89160 18.973 0.041    529.455     32.705 0 3
2459697.92744 19.078 0.026    448.643     18.667 0 3
2459697.92839 19.108 0.027    427.194     18.822 0 1
2459698.92818 19.077 0.036    449.624     26.086 0 3
2459699.97063 19.089 0.033    440.834     23.554 0 3
2459700.86308 19.158 0.035    392.761     23.807 0 3
2459700.86404 19.150 0.040    398.406     27.241 0 1
2459701.91411 19.085 0.028    443.804     20.235 0 3
2459701.94143 19.150 0.029    398.075     19.784 0 3
2459702.82876 19.134 0.030    409.189     20.931 0 1
2459710.94905 19.130 0.037    411.955     26.033 0 1
2459710.95001 19.090 0.038    440.032     27.218 0 3
2459711.91068 19.111 0.067    425.380     47.733 0 3
2459712.95849 19.097 0.047    435.275     33.724 0 1
2459712.95943 18.986 0.040    518.820     32.018 0 3
2459717.82558 19.113 0.072    423.806     50.712 0 3
2459722.86193 19.177 0.032    379.746     21.148 0 2
2459723.86700 19.171 0.032    383.663     21.748 0 1
2459725.84808 19.106 0.030    428.766     21.523 0 1
2459730.82746 19.197 0.029    366.793     18.910 0 2
2459730.89055 19.150 0.030    398.159     20.667 0 1
2459730.89149 19.135 0.029    408.225     19.944 0 2
2459731.83295 19.173 0.033    382.686     22.349 0 2
2459731.89491 19.178 0.036    379.185     24.199 0 2
2459732.78447 19.109 0.031    426.841     21.727 0 2
2459732.92950 19.093 0.030    438.193     21.926 0 1
2459732.93043 19.108 0.031    427.534     22.110 0 2
2459734.82216 19.101 0.029    432.214     20.608 0 1
2459734.82311 19.098 0.029    434.685     20.575 0 2
2459734.91260 19.230 0.051    345.700     32.267 0 2
2459735.78271 19.127 0.029    414.190     20.367 0 2
2459736.74488 19.107 0.038    427.727     27.178 0 2
2459736.95652 19.116 0.031    421.831     21.702 0 2
2459736.95748 19.186 0.032    373.901     20.997 0 1
2459738.90563 19.180 0.033    377.598     22.073 0 2
2459741.70663 18.996 0.064    510.731     49.984 0 2
2459741.90996 19.142 0.051    403.440     34.950 0 1
2459741.93342 19.232 0.039    343.865     24.846 0 2
2459742.84489 19.181 0.082    377.055     54.289 0 2
2459743.76888 19.183 0.079    375.846     52.579 0 2
2459744.95562 19.138 0.121    406.444     83.332 0 2
2459747.94443 19.116 0.068    421.695     47.845 0 2
2459748.76766 19.124 0.035    415.854     24.149 0 2
2459748.78783 19.092 0.043    439.103     30.660 0 1
2459749.79026 19.082 0.035    446.132     25.603 0 2
2459749.89077 19.092 0.047    438.708     33.843 0 2
2459750.76728 19.129 0.034    412.654     23.489 0 2
2459750.78741 19.124 0.034    415.775     23.436 0 1
2459750.82035 19.182 0.042    376.716     27.617 0 2
2459751.84123 19.151 0.038    397.486     25.832 0 2
2459751.94724 19.089 0.043    440.954     31.269 0 2
2459752.81104 19.127 0.033    414.141     22.900 0 1
2459753.79209 19.106 0.030    428.724     21.656 0 2
2459753.93738 19.067 0.037    456.808     27.007 0 2
2459755.77812 19.116 0.031    421.779     21.579 0 1
2459755.77906 19.084 0.031    444.206     22.399 0 2
2459755.89024 19.076 0.032    450.712     23.580 0 2
2459756.78653 19.068 0.031    456.066     22.928 0 2
2459759.76064 19.107 0.032    427.692     22.917 0 1
2459759.76157 19.101 0.029    432.287     20.673 0 2
2459759.86441 19.081 0.032    446.786     23.004 0 2
2459760.74774 19.035 0.030    480.895     22.791 0 2
2459761.76420 19.092 0.029    438.533     21.077 0 2
2459761.83181 19.136 0.030    407.465     20.719 0 2
2459762.82747 19.110 0.033    425.916     23.050 0 2
2459762.85729 19.117 0.033    421.159     22.956 0 2
2459763.87025 19.061 0.032    461.177     24.060 0 2
2459763.87235 19.069 0.034    455.610     24.769 0 1
2459763.90629 19.107 0.035    428.245     24.831 0 2
2459764.82741 19.077 0.030    449.936     22.060 0 2
2459764.90648 19.157 0.036    393.336     24.124 0 2
2459765.78258 19.091 0.031    439.304     22.025 0 1
2459765.78353 19.114 0.029    422.945     20.149 0 2
2459765.90526 19.100 0.034    433.189     24.180 0 2
2459766.80578 19.111 0.032    425.531     22.316 0 2
2459766.90343 19.117 0.032    420.757     22.414 0 2
2459768.74329 19.041 0.041    476.724     31.123 0 2
2459768.76956 19.128 0.040    413.472     27.788 0 2
2459768.84685 19.096 0.032    435.532     22.938 0 1
2459768.84779 19.109 0.031    426.427     22.168 0 2
2459768.87242 19.164 0.032    388.425     21.663 0 1
2459768.89449 19.124 0.032    416.292     22.375 0 2
2459768.92810 19.074 0.034    451.490     24.785 0 2
2459769.78549 19.076 0.043    450.106     31.214 0 2
2459769.80944 19.108 0.048    427.365     33.999 0 2
2459769.82204 19.107 0.045    427.737     31.836 0 2
2459769.87229 19.130 0.033    411.920     23.033 0 2
2459770.70799 19.085 0.060    443.574     43.380 0 2
2459770.71847 19.165 0.058    387.676     39.127 0 1
2459770.76800 19.075 0.059    450.964     43.274 0 2
2459770.82571 19.082 0.051    446.201     37.309 0 1
2459770.84744 19.183 0.055    375.804     36.355 0 2
2459770.88596 19.107 0.042    428.035     29.914 0 2
2459770.93260 19.145 0.043    401.484     29.471 0 2
2459771.70353 19.156 0.067    394.121     45.164 0 2
2459771.76710 19.102 0.060    431.624     42.719 0 2
2459771.84927 18.995 0.048    511.770     37.668 0 2
2459771.89757 19.137 0.058    407.128     39.744 0 2
2459771.92960 19.118 0.044    420.210     31.060 0 2
2459781.76800 19.098 0.033    434.606     23.432 0 2
2459781.76894 19.124 0.035    415.966     24.220 0 1
2459781.78618 19.036 0.036    479.986     27.157 0 2
2459781.82149 19.050 0.035    469.480     26.487 0 2
2459781.84483 18.987 0.046    518.149     36.242 0 1
2459781.84577 19.059 0.049    463.241     36.153 0 2
2459781.87900 19.066 0.053    457.375     39.014 0 2
2459782.78437 19.008 0.034    501.634     26.441 0 2
2459783.78164 19.066 0.031    457.802     22.589 0 2
2459783.80024 19.084 0.030    444.469     21.937 0 1
2459783.82165 19.034 0.031    481.490     23.248 0 2
2459784.84526 19.049 0.030    470.525     22.636 0 2
2459785.74460 19.137 0.033    407.027     22.772 0 2
2459785.82820 19.023 0.033    489.941     25.695 0 1
2459785.85071 19.071 0.035    454.246     25.887 0 2
2459786.72040 19.090 0.052    440.351     37.365 0 2
2459786.80716 19.184 0.034    375.428     22.299 0 2
2459787.72222 19.087 0.034    442.707     24.939 0 2
2459787.76340 19.054 0.032    466.903     24.074 0 2
2459787.76532 19.084 0.032    444.184     23.376 0 1
2459788.80383 19.013 0.034    497.926     26.709 0 2
2459789.78142 19.123 0.035    416.811     24.449 0 1
2459789.78329 19.120 0.036    418.526     25.608 0 2
2459789.86834 19.059 0.041    462.736     30.700 0 2
2459790.72444 19.168 0.038    385.635     25.185 0 2
2459792.76312 19.093 0.053    437.693     38.030 0 2
2459792.78352 19.041 0.056    476.426     42.323 0 2
2459793.76430 19.133 0.032    410.010     22.230 0 2
2459793.77775 19.099 0.031    434.055     22.252 0 2
2459794.82844 19.064 0.043    459.322     32.089 0 1
2459794.82939 19.122 0.043    417.443     29.915 0 2
2459795.81938 19.075 0.035    451.264     25.288 0 2
2459797.78994 19.064 0.035    459.455     25.937 0 2
2459797.80365 19.120 0.034    418.976     23.714 0 1
2459797.91358 19.019 0.042    492.930     32.183 0 2
2459798.76060 19.047 0.044    471.911     33.161 0 2
2459798.82646 19.131 0.047    411.154     32.391 0 2
2459806.76408 19.177 0.072    379.927     47.772 0 2
2459807.70188 19.099 0.032    433.632     23.077 0 2
2459807.76227 19.031 0.046    483.963     34.754 0 2
2459808.74741 19.022 0.039    491.134     29.873 0 2
2459809.73895 19.133 0.034    409.435     23.883 0 2
2459809.84649 19.076 0.064    450.486     46.541 0 1
2459809.86394 19.002 0.061    506.570     47.966 0 2
2459810.70342 19.140 0.037    405.199     25.512 0 2
2459812.74301 19.068 0.035    456.565     25.682 0 1
2459812.74489 19.061 0.033    461.739     24.649 0 2
2459813.78257 19.142 0.043    403.622     29.361 0 2
2459813.80328 19.148 0.046    399.267     31.322 0 2
2459814.78788 19.141 0.042    404.347     28.824 0 1
2459814.78882 19.110 0.038    426.077     26.883 0 2
2459816.70149 19.016 0.033    495.320     25.578 0 1
2459820.68299 19.135 0.044    408.123     30.295 0 1
2459823.75078 19.108 0.038    427.417     27.084 0 2
2459823.82120 19.167 0.047    386.227     31.522 0 1
2459823.82213 19.123 0.047    416.503     32.541 0 2
2459824.69626 19.174 0.039    382.055     25.916 0 2
2459824.72445 19.169 0.040    385.367     26.786 0 2
2459825.74098 19.132 0.050    410.462     34.362 0 2
2459825.74193 19.191 0.051    370.554     33.244 0 1
2459825.79631 19.101 0.048    432.042     34.336 0 2
2459826.69031 19.177 0.049    380.039     32.959 0 2
2459826.74664 19.103 0.046    430.798     32.590 0 2
2459827.78215 19.298 0.074    303.576     44.071 0 2
2459828.70104 19.103 0.073    430.770     52.100 0 2
2459838.66550 19.087 0.037    442.444     26.612 0 2
2459839.66623 19.158 0.040    392.736     26.918 0 2
2459839.67722 19.125 0.035    415.584     24.216 0 1
2459839.68135 19.194 0.037    368.382     24.335 0 2
2459839.69490 19.102 0.037    431.353     26.627 0 2
2459839.78680 19.142 0.053    403.388     36.580 0 1
2459839.78773 19.124 0.053    415.923     36.792 0 2
2459840.66279 19.195 0.033    367.795     21.359 0 2
2459840.69879 19.159 0.033    391.716     22.655 0 2
2459840.78063 19.114 0.040    423.058     28.540 0 2
2459841.64552 19.202 0.040    363.676     25.825 0 1
2459841.66285 19.135 0.040    408.199     27.757 0 2
2459841.66699 19.167 0.042    386.759     28.022 0 1
2459841.68537 19.112 0.038    424.785     26.979 0 2
2459841.76794 19.194 0.050    368.714     32.580 0 2
2459842.66069 19.175 0.042    381.159     27.835 0 2
2459842.77935 18.996 0.049    511.291     38.212 0 2
2459843.69959 19.124 0.042    416.329     29.248 0 2
2459843.70102 19.157 0.040    393.615     26.988 0 1
2459843.74496 19.161 0.045    390.698     30.226 0 2
2459844.67988 19.190 0.041    371.319     26.957 0 2
2459844.73624 19.156 0.045    394.177     30.836 0 2
2459845.71893 19.134 0.042    408.941     29.086 0 1
2459845.75030 19.082 0.042    445.652     30.279 0 2
2459846.68328 19.112 0.040    424.394     27.960 0 2
2459846.73602 19.022 0.045    490.651     34.193 0 2
2459847.66284 19.106 0.039    428.740     27.417 0 2
2459847.66427 19.096 0.042    435.834     29.907 0 1
2459849.69624 19.102 0.040    431.672     28.240 0 1
2459853.65968 19.153 0.035    396.345     24.022 0 2
2459853.66063 19.239 0.039    339.634     24.569 0 1
2459854.67553 19.158 0.041    392.456     27.776 0 2
2459854.72463 19.120 0.042    419.181     29.819 0 2
2459855.74512 19.184 0.061    375.502     40.132 0 2
2459856.74301 19.172 0.077    383.255     51.311 0 2
2459857.63982 19.186 0.073    373.721     48.283 0 2
2459857.73989 19.024 0.079    488.912     60.436 0 1
2459857.74084 19.162 0.086    390.006     57.922 0 2
2459858.65646 19.051 0.069    468.730     51.474 0 2
2459859.65878 19.081 0.078    446.600     57.013 0 2
2459859.68385 19.154 0.083    395.168     56.587 0 1
2459859.70460 18.995 0.082    511.791     64.753 0 2
2459861.68758 19.363 0.127    265.925     71.139 0 1
2459862.65909 19.056 0.098    464.924     72.916 0 2
2459862.71493 19.224 0.144    349.272     91.687 0 2
2459864.65411 19.078 0.073    449.074     53.008 0 2
2459874.67924 19.201 0.045    363.834     29.283 0 1
2459878.68623 19.151 0.056    397.113     38.191 0 1
2459887.65299 19.297 0.112    304.160     66.801 0 1
2459889.62519 19.186 0.102    373.835     67.402 0 1
2459970.01652 19.412 0.048    239.064     25.986 0 1
2459977.99705 19.492 0.100    197.653     49.622 0 1
2459985.95222 19.332 0.100    283.582     57.579 0 1
2459993.93606 19.327 0.117    286.407     67.740 0 1
2459996.93799 19.449 0.048    219.466     25.016 0 1
2460016.95336 19.429 0.067    230.061     35.130 0 1
2460032.81147 19.470 0.076    208.621     38.815 0 1
2460042.91103 19.420 0.081    234.905     43.229 0 1
2460044.96907 19.591 0.067    150.486     30.588 0 1
2460046.94656 19.531 0.084    178.818     40.518 0 1
2460050.97283 19.612 0.044    141.369     19.807 0 1
2460053.97476 19.516 0.048    186.135     23.182 0 1
2460056.92667 19.463 0.038    212.177     19.348 0 1
2460058.97562 19.523 0.041    182.750     19.961 0 1
2460060.90671 19.526 0.049    181.128     23.638 0 1
2460062.95244 19.483 0.041    202.368     20.384 0 1
2460065.95157 19.551 0.065    169.327     30.586 0 1
2460097.95551 19.619 0.074    138.030     32.949 0 2
2460098.94866 19.654 0.122    122.607     52.212 0 2
2460100.70361 19.431 0.092    229.113     48.479 0 2
2460100.94578 19.393 0.108    249.308     58.987 0 2
2460101.95202 19.662 0.145    119.286     61.830 0 2
2460104.76469 19.543 0.040    172.883     18.837 0 2
2460109.78397 19.490 0.040    198.715     19.725 0 2
2460109.90768 19.522 0.042    182.795     20.210 0 2
2460110.76965 19.580 0.042    155.431     19.415 0 2
2460110.80571 19.575 0.044    158.065     20.118 0 2
2460111.79033 19.530 0.040    179.230     19.032 0 2
2460112.86872 19.559 0.046    165.419     21.494 0 2
2460112.90756 19.562 0.051    164.062     23.782 0 2
2460113.78201 19.574 0.038    158.256     17.583 0 2
2460113.83372 19.590 0.042    150.907     19.036 0 2
2460114.79220 19.565 0.047    162.423     21.719 0 2
2460114.91317 19.490 0.051    198.923     25.631 0 2
2460115.76551 19.654 0.056    122.639     23.930 0 2
2460115.90822 19.531 0.050    178.672     24.145 0 2
2460116.84384 19.546 0.053    171.605     24.950 0 2
2460116.89606 19.547 0.064    171.239     30.290 0 2
2460117.82929 19.493 0.041    197.250     20.493 0 2
2460117.91933 19.584 0.057    153.908     25.906 0 2
2460119.75595 19.475 0.050    206.524     25.347 0 2
2460119.91368 19.448 0.052    220.338     26.754 0 2
2460120.82578 19.614 0.050    140.087     22.099 0 2
2460120.93217 19.581 0.053    155.261     24.365 0 2
2460121.89753 19.588 0.058    152.068     26.491 0 2
2460121.90741 19.559 0.061    165.408     28.501 0 2
2460122.83712 19.508 0.051    189.818     25.020 0 2
2460122.83759 19.498 0.048    194.928     23.930 0 2
2460126.88556 19.583 0.098    154.452     44.900 0 2
2460126.93131 19.524 0.069    181.893     33.367 0 2
2460127.70152 19.485 0.096    201.330     48.164 0 2
2460127.94336 19.354 0.103    270.963     58.032 0 2
2460128.85816 19.665 0.169    118.207     71.947 0 2
2460134.88745 19.587 0.065    152.488     29.802 0 2
2460135.74573 19.484 0.046    201.598     23.272 0 2
2460136.84635 19.550 0.048    169.530     22.822 0 2
2460136.95084 19.554 0.068    167.819     32.165 0 2
2460137.73071 19.435 0.046    226.708     23.943 0 2
2460137.87973 19.514 0.056    186.819     27.165 0 2
2460138.74573 19.526 0.058    180.876     27.990 0 2
2460138.90577 19.578 0.073    156.790     33.432 0 2
2460139.72905 19.459 0.047    214.516     24.296 0 2
2460139.93109 19.344 0.057    276.676     32.817 0 2
2460140.70510 19.501 0.048    193.420     23.848 0 2
2460140.83265 19.506 0.044    190.939     21.792 0 2
2460140.86541 19.423 0.044    233.241     23.223 0 2
2460141.80397 19.444 0.044    222.076     23.023 0 2
2460143.93230 19.518 0.068    184.758     33.037 0 2
2460144.75907 19.434 0.040    227.513     21.250 0 2
2460144.78634 19.527 0.045    180.638     21.886 0 2
2460145.72513 19.453 0.040    217.387     20.802 0 2
2460145.82442 19.462 0.043    213.124     22.021 0 2
2460147.82921 19.575 0.053    157.894     24.670 0 2
2460148.78841 19.500 0.048    193.675     23.491 0 2
2460148.80616 19.504 0.049    191.656     24.127 0 2
2460149.79719 19.490 0.048    198.680     23.825 0 2
2460149.84754 19.479 0.046    204.465     23.347 0 2
2460150.71947 19.616 0.064    139.439     28.407 0 2
2460150.79739 19.546 0.051    171.434     23.996 0 2
2460151.78454 19.436 0.046    226.532     24.402 0 2
2460151.84937 19.491 0.052    198.368     25.738 0 2
2460152.71965 19.445 0.054    221.619     28.009 0 2
2460152.85202 19.451 0.051    218.481     26.476 0 2
2460153.78228 19.478 0.064    204.761     32.081 0 2
2460153.90626 19.392 0.061    249.784     33.075 0 2
2460155.74693 19.485 0.087    201.361     43.618 0 2
2460155.92760 19.485 0.073    201.450     36.476 0 2
2460156.72700 19.327 0.088    286.311     50.875 0 2
2460156.82898 19.513 0.118    187.187     57.793 0 2
