jd mag magerr filt field flux fluxerr adjflux
2458204 17.848 0.025 zg 425 263.52768621210333 6.067949218632018 -1.7271665200272537
2458207 17.821 0.038 zg 425 270.16323556428546 9.45552235105751 4.908382832154871
2458207 17.877 0.04 zg 425 256.58203714439276 9.452831581739574 -8.67281558773783
2458223 17.84 0.012 zg 425 265.4766012128288 2.9341558295586467 0.22174848069823838
2458229 17.851 0.013 zg 425 262.8005373617617 3.14662711875209 -2.4543153703688745
2458243 17.818 0.011 zg 425 270.91075643360057 2.7446983049012976 5.655903701469981
2458246 17.835 0.014 zg 425 266.70198552784825 3.4389824904306883 1.447132795717664
2458249 17.844 0.014 zg 425 264.5003486974445 3.410593536013792 -0.7545040346860787
2458267 17.872 0.04 zg 425 257.7663660170545 9.496463869857868 -7.488486715076078
2458270 17.81 0.026 zg 425 272.91427281801066 6.53544669706304 7.659420085880072
2458274 17.844 0.011 zg 425 264.5003486974445 2.6797520640108363 -0.7545040346860787
2458277 17.848 0.013 zg 425 263.52768621210333 3.155333593688649 -1.7271665200272537
2458280 17.838 0.011 zg 425 265.9660778706753 2.6946019150472864 0.7112251385447053
2458283 17.866 0.012 zg 425 259.1947788127639 2.8647265626055645 -6.060073919366687
2458286 17.846 0.013 zg 425 264.01356952727247 3.1611512896165523 -1.2412832048581208
2458289 17.863 0.026 zg 425 259.9119508068561 6.224081587556235 -5.342901925274475
2458293 17.758 0.028 zg 425 286.30323083334645 7.383460575600444 21.04837810121586
2458299 17.821 0.021 zg 425 270.16323556428546 5.225420246637046 4.908382832154871
2458302 17.834 0.014 zg 425 266.94774029118554 3.4421513694564077 1.6928875590549524
2458305 17.849 0.018 zg 425 263.2850799848043 4.364901362741439 -1.9697727473262603
2458338 17.851 0.021 zg 425 262.8005373617617 5.083013037984146 -2.4543153703688745
2458472 17.816 0.038 zg 425 271.4102524005832 9.499167059202684 6.155399668452617
2458472 17.817 0.016 zg 425 271.16038940390354 3.995967170892089 5.90553667177295
2458488 17.83 0.013 zg 425 267.9330259598767 3.208080675779194 2.6781732277461288
2458492 17.884 0.016 zg 425 254.9331128332577 3.756833186050741 -10.321739898872892
2458495 17.837 0.012 zg 425 266.2111545257803 2.9422744127990215 0.9563017936496863
2458502 17.86 0.034 zg 425 260.63110716063136 8.161704108813009 -4.623745571499228
2458526 17.868 0.023 zg 425 258.71776386754834 5.480620930642368 -6.537088864582245
2458539 17.803 0.035 zg 425 274.6795004665641 8.854620923755064 9.424647734433506
2458543 17.835 0.012 zg 425 266.70198552784825 2.9476992775120183 1.447132795717664
2458547 17.836 0.014 zg 425 266.45645700880794 3.4358165287067446 1.201604276677358
2458560 17.873 0.041 zg 425 257.52906371883034 9.724914363359758 -7.725789013300243
2458568 17.826 0.016 zg 425 268.92194824990656 3.9629802830025675 3.6670955177759765
2458581 17.837 0.014 zg 425 266.2111545257803 3.4326534815988583 0.9563017936496863
2458584 17.865 0.017 zg 425 259.4336159980189 4.062102242366344 -5.821236734111665
2458587 17.824 0.032 zg 425 269.417777320528 7.940574180426714 4.162924588397402
2458597 17.816 0.015 zg 425 271.4102524005832 3.7496712075800063 6.155399668452617
2458600 17.856 0.014 zg 425 261.593078572789 3.373105809651896 -3.661774159341576
2458606 17.845 0.012 zg 425 264.2568470273209 2.920674608096242 -0.9980057048097137
2458617 17.804 0.025 zg 425 274.4266277673721 6.31890662217777 9.171775035241524
2458634 17.822 0.012 zg 425 269.9145205837953 2.983205527098632 4.659667851664722
2458634 17.848 0.013 zg 425 263.52768621210333 3.155333593688649 -1.7271665200272537
2458635 17.847 0.011 zg 425 263.77051599092766 2.6723578556050533 -1.4843367412029238
2458637 17.84 0.012 zg 425 265.4766012128288 2.9341558295586467 0.22174848069823838
2458640 17.857 0.014 zg 425 261.35225336466 3.3700004946600672 -3.9025993674706
2458643 17.837 0.017 zg 425 266.2111545257803 4.168222084798614 0.9563017936496863
2458649 17.777 0.038 zg 425 281.3366092508269 9.84658253513156 16.081756518696295
2458652 17.846 0.028 zg 425 264.01356952727247 6.808633546866421 -1.2412832048581208
2458658 17.846 0.012 zg 425 264.01356952727247 2.9179858057998946 -1.2412832048581208
2458667 17.83 0.013 zg 425 267.9330259598767 3.208080675779194 2.6781732277461288
2458679 17.816 0.033 zg 425 271.4102524005832 8.249276656676015 6.155399668452617
2458683 17.884 0.024 zg 425 254.9331128332577 5.635249779076112 -10.321739898872892
2458686 17.81 0.02 zg 425 272.91427281801066 5.027266690048492 7.659420085880072
2458692 17.838 0.019 zg 425 265.9660778706753 4.65431239871804 0.7112251385447053
2458831 17.888 0.033 zg 425 253.99563249969506 7.719974553447973 -11.259220232435524
2458872 17.831 0.015 zg 425 267.6863641326841 3.698223789898167 2.431511400553518
2458882 17.866 0.012 zg 425 259.1947788127639 2.8647265626055645 -6.060073919366687
2458884 17.865 0.023 zg 425 259.4336159980189 5.495785386730936 -5.821236734111665
2458887 17.847 0.029 zg 425 263.77051599092766 7.045307073867869 -1.4843367412029238
2458896 17.807 0.015 zg 425 273.6694055955675 3.7808825623973705 8.414552863436938
2458911 17.859 0.015 zg 425 260.87126786259125 3.604069755425156 -4.383584869539334
2458915 17.864 0.024 zg 425 259.6726732617848 5.740016894500793 -5.582179470345807
2458937 17.865 0.011 zg 425 259.4336159980189 2.6284190980017517 -5.821236734111665
2458944 17.708 0.033 zg 425 299.7962864048039 9.112045272140909 34.54143367267329
2458956 17.822 0.024 zg 425 269.9145205837953 5.966411054197264 4.659667851664722
2458963 17.842 0.012 zg 425 264.9880253743663 2.928755889834931 -0.2668273577642708
2458963 17.83 0.014 zg 425 267.9330259598767 3.454856112377594 2.6781732277461288
2458966 17.802 0.032 zg 425 274.9326061774096 8.103113223194958 9.677753445278995
2458972 17.819 0.02 zg 425 270.6613532779113 4.98576637845851 5.406500545780716
2458986 17.835 0.012 zg 425 266.70198552784825 2.9476992775120183 1.447132795717664
2458992 17.853 0.012 zg 425 262.31688647763997 2.8992333717313215 -2.937966254490618
2458995 17.862 0.015 zg 425 260.1514488362115 3.594125088066383 -5.103403895919087
2458998 17.845 0.013 zg 425 264.2568470273209 3.164064158770928 -0.9980057048097137
2459012 17.856 0.011 zg 425 261.593078572789 2.6502974218693467 -3.661774159341576
2459018 17.852 0.011 zg 425 262.55860055497715 2.6600794865711817 -2.69625217715344
2459024 17.824 0.012 zg 425 269.417777320528 2.977715317660018 4.162924588397402
2459027 17.855 0.02 zg 425 261.8341256913106 4.823162837231529 -3.4207270408199975
2459033 17.816 0.029 zg 425 271.4102524005832 7.24936433465468 6.155399668452617
2459039 17.833 0.019 zg 425 267.19372150729464 4.675795728640675 1.9388687751640532
2459043 17.858 0.018 zg 425 261.111649862629 4.328868906581547 -4.143202869501579
2459199 17.851 0.017 zg 425 262.8005373617617 4.114820078368118 -2.4543153703688745
2459217 17.936 0.059 zg 425 243.01117700840427 13.205472361207542 -22.243675723726312
2459218 17.927 0.028 zg 425 245.03394317917196 6.319168854229408 -20.22090955295863
2459225 17.852 0.014 zg 425 262.55860055497715 3.3855557101815044 -2.69625217715344
2459227 17.855 0.015 zg 425 261.8341256913106 3.617372127923647 -3.4207270408199975
2459227 17.851 0.017 zg 425 262.8005373617617 4.114820078368118 -2.4543153703688745
2459231 17.845 0.013 zg 425 264.2568470273209 3.164064158770928 -0.9980057048097137
2459250 17.869 0.017 zg 425 258.4795857029337 4.047164438003394 -6.775267029196868
2459252 17.861 0.012 zg 425 260.39116755301797 2.8779495396234918 -4.863685179112622
2459255 17.811 0.015 zg 425 272.6630252050705 3.766978903487131 7.408172472939896
2459256 17.88 0.012 zg 425 255.87405334197095 2.8280245483640916 -9.380799390159638
2459265 17.83 0.014 zg 425 267.9330259598767 3.454856112377594 2.6781732277461288
2459269 17.836 0.017 zg 425 266.45645700880794 4.1720629277153325 1.201604276677358
2459290 17.852 0.011 zg 425 262.55860055497715 2.6600794865711817 -2.69625217715344
2459292 17.869 0.012 zg 425 258.4795857029337 2.85682195623769 -6.775267029196868
2459300 17.811 0.048 zg 425 272.6630252050705 12.054332491158819 7.408172472939896
2459305 17.876 0.03 zg 425 256.81846679710077 7.0961564790310865 -8.436385935029818
2459306 17.866 0.018 zg 425 259.1947788127639 4.2970898439083465 -6.060073919366687
2459307 17.864 0.017 zg 425 259.6726732617848 4.065845300271396 -5.582179470345807
2459308 17.851 0.013 zg 425 262.8005373617617 3.14662711875209 -2.4543153703688745
2459309 17.868 0.012 zg 425 258.71776386754834 2.859454398596018 -6.537088864582245
2459316 17.86 0.01 zg 425 260.63110716063136 2.400501208474414 -4.623745571499228
2459319 17.841 0.016 zg 425 265.23220079486066 3.9086061550863977 -0.022651937269927203
2459322 17.838 0.014 zg 425 265.9660778706753 3.4294933464238193 0.7112251385447053
2459324 17.852 0.015 zg 425 262.55860055497715 3.627381118051612 -2.69625217715344
2459328 17.825 0.037 zg 425 269.1697486163632 9.17283650960509 3.914895884232635
2459334 17.848 0.014 zg 425 263.52768621210333 3.39805156243393 -1.7271665200272537
2459336 17.855 0.012 zg 425 261.8341256913106 2.8938977023389176 -3.4207270408199975
2459338 17.85 0.014 zg 425 263.04269710322853 3.3917978817567165 -2.212155628902053
2459340 17.858 0.013 zg 425 261.111649862629 3.1264053214200063 -4.143202869501579
2459342 17.859 0.012 zg 425 260.87126786259125 2.8832558043401253 -4.383584869539334
2459344 17.833 0.011 zg 425 267.19372150729464 2.707039632370917 1.9388687751640532
2459346 17.842 0.013 zg 425 264.9880253743663 3.172818880654508 -0.2668273577642708
2459348 17.849 0.011 zg 425 263.2850799848043 2.667439721675324 -1.9697727473262603
2459356 17.819 0.034 zg 425 270.6613532779113 8.475802843379467 5.406500545780716
2459362 17.894 0.021 zg 425 252.59587200614487 4.885637311238723 -12.658980725985714
2459366 17.874 0.013 zg 425 257.29197988347914 3.0806707226184398 -7.962872848651443
2459368 17.862 0.012 zg 425 260.1514488362115 2.8753000704531066 -5.103403895919087
2459370 17.853 0.013 zg 425 262.31688647763997 3.1408361527089315 -2.937966254490618
2459374 17.84 0.011 zg 425 265.4766012128288 2.6896428437620927 0.22174848069823838
2459376 17.882 0.014 zg 425 255.40314976861885 3.2932899180213058 -9.851702963511741
2459378 17.831 0.012 zg 425 267.6863641326841 2.9585790319185334 2.431511400553518
2459387 17.882 0.068 zg 425 255.40314976861885 15.995979601817773 -9.851702963511741
2459391 17.863 0.036 zg 425 259.9119508068561 8.61795912123171 -5.342901925274475
2459399 17.863 0.018 zg 425 259.9119508068561 4.308979560615855 -5.342901925274475
2459401 17.895 0.019 zg 425 252.3633297164919 4.41626911177887 -12.891523015638683
2459405 17.808 0.021 zg 425 273.4174627998293 5.288362581659985 8.162610067698722
2459407 17.841 0.026 zg 425 265.23220079486066 6.351485002015396 -0.022651937269927203
2459409 17.807 0.023 zg 425 273.6694055955675 5.797353262342635 8.414552863436938
2459419 17.847 0.05 zg 425 263.77051599092766 12.147081161841154 -1.4843367412029238
2459600 17.807 0.024 zg 425 273.6694055955675 6.049412099835793 8.414552863436938
2459673 17.889 0.014 zg 425 253.76180157651345 3.2721255922958004 -11.493051155617138
2459675 17.858 0.012 zg 425 261.111649862629 2.8859126043876984 -4.143202869501579
2459677 17.888 0.018 zg 425 253.99563249969506 4.210895210971621 -11.259220232435524
2459679 17.855 0.017 zg 425 261.8341256913106 4.099688411646801 -3.4207270408199975
2459682 17.865 0.031 zg 425 259.4336159980189 7.407362912550392 -5.821236734111665
2459684 17.903 0.051 zg 425 250.51068177437358 11.767172094384735 -14.744170957757007
2459687 17.963 0.046 zg 425 237.0425164139923 10.042914390492054 -28.212336318138284
2459696 17.872 0.015 zg 425 257.7663660170545 3.5611739511967 -7.488486715076078
2459699 17.862 0.015 zg 425 260.1514488362115 3.594125088066383 -5.103403895919087
2459701 17.875 0.014 zg 425 257.05511430988025 3.31459113601174 -8.199738422250334
2459711 17.881 0.033 zg 425 255.63849312574803 7.76990786176187 -9.61635960638256
2459715 17.837 0.04 zg 425 266.2111545257803 9.807581375996739 0.9563017936496863
2459722 17.858 0.014 zg 425 261.111649862629 3.3668980384523146 -4.143202869501579
2459724 17.876 0.016 zg 425 256.81846679710077 3.78461678881658 -8.436385935029818
2459730 17.869 0.014 zg 425 258.4795857029337 3.3329589489439715 -6.775267029196868
2459732 17.849 0.012 zg 425 263.2850799848043 2.909934241827626 -1.9697727473262603
2459736 17.854 0.016 zg 425 262.0753949247044 3.862085744602572 -3.179457807426161
2459738 17.837 0.024 zg 425 266.2111545257803 5.884548825598043 0.9563017936496863
2459742 17.9 0.056 zg 425 251.20382554066575 12.956567321443513 -14.05102719146484
2459753 17.86 0.016 zg 425 260.63110716063136 3.8408019335590624 -4.623745571499228
2459756 17.89 0.018 zg 425 253.52818592042058 4.20314559519012 -11.726666811710004
2459758 17.831 0.014 zg 425 267.6863641326841 3.4516755372382892 2.431511400553518
2459760 17.868 0.015 zg 425 258.71776386754834 3.5743179982450224 -6.537088864582245
2459762 17.887 0.015 zg 425 254.2296788883267 3.5123128128295455 -11.025173843803884
2459764 17.863 0.018 zg 425 259.9119508068561 4.308979560615855 -5.342901925274475
2459770 17.878 0.031 zg 425 256.3458251511904 7.319200137990427 -8.909027580940176
2459770 17.78 0.037 zg 425 280.5603204482489 9.561007370936604 15.3054677161183
2459935 17.857 0.018 zg 425 261.35225336466 4.332857778848657 -3.9025993674706
2459938 17.843 0.015 zg 425 264.744074744209 3.6575745597871023 -0.5107779879215855
2459969 17.88 0.016 zg 425 255.87405334197095 3.7706993978187886 -9.380799390159638
2459978 17.868 0.017 zg 425 258.71776386754834 4.050893731344359 -6.537088864582245
2460030 17.876 0.017 zg 425 256.81846679710077 4.021155338117616 -8.436385935029818
2460036 17.837 0.023 zg 425 266.2111545257803 5.639359291198124 0.9563017936496863
2460043 17.903 0.038 zg 425 250.51068177437358 8.767696854639606 -14.744170957757007
2460045 17.836 0.015 zg 425 266.45645700880794 3.6812319950429404 1.201604276677358
2460049 17.866 0.013 zg 425 259.1947788127639 3.103453776156028 -6.060073919366687
2460055 17.849 0.014 zg 425 263.2850799848043 3.394923282132231 -1.9697727473262603
2460057 17.844 0.013 zg 425 264.5003486974445 3.166979712012807 -0.7545040346860787
2460059 17.852 0.014 zg 425 262.55860055497715 3.3855557101815044 -2.69625217715344
2460061 17.882 0.016 zg 425 255.40314976861885 3.7637599063100637 -9.851702963511741
2460063 17.876 0.022 zg 425 256.81846679710077 5.203848084622797 -8.436385935029818
2460065 17.852 0.028 zg 425 262.55860055497715 6.771111420363009 -2.69625217715344
2458218 17.211 0.009 zr 425 473.83403117068457 3.92775543621682 -7.677437555305403
2458219 17.21 0.018 zr 425 474.27064948067124 7.8627493982793455 -7.2408192453187326
2458219 17.158 0.01 zr 425 497.53799181581235 4.582494252613133 16.026523089822376
2458219 17.17 0.01 zr 425 492.0692756246598 4.53212551509488 10.55780689866981
2458231 17.2 0.011 zr 425 478.65902176983155 4.849473763879037 -2.852446956158417
2458243 17.183 0.01 zr 425 486.2126444420196 4.478183948469635 4.701175716029638
2458256 17.19 0.009 zr 425 483.0879991678435 4.004464411757508 1.5765304418535493
2458256 17.202 0.009 zr 425 477.77811086532733 3.960449121014493 -3.733357860662636
2458270 17.207 0.014 zr 425 475.58291984732546 6.1323927936489895 -5.928548878664515
2458274 17.209 0.009 zr 425 474.7076701162331 3.934997297062464 -6.803798609756882
2458277 17.184 0.009 zr 425 485.76503221186505 4.026655158727727 4.253563485875077
2458283 17.18 0.008 zr 425 487.55795738915845 3.5924597908956883 6.046488663168475
2458286 17.198 0.01 zr 425 479.5415568676654 4.416740961258571 -1.969911858324565
2458293 17.197 0.016 zr 425 479.9834344246902 7.073297286338412 -1.5280343012997832
2458296 17.249 0.017 zr 425 457.53703019493975 7.163922027493518 -23.974438531050225
2458305 17.206 0.012 zr 425 476.02114968533374 5.261180175433617 -5.490319040656232
2458450 17.184 0.018 zr 425 485.76503221186505 8.053310317455454 4.253563485875077
2458450 17.172 0.017 zr 425 491.1636848576341 7.6904340170178545 9.652216131644138
2458450 17.181 0.017 zr 425 487.1091066504297 7.6269491399175005 5.597637924439709
2458450 17.167 0.021 zr 425 493.43079341929945 9.543797670552632 11.919324693309477
2458451 17.194 0.018 zr 425 481.3115116273806 7.979477124669386 -0.1999570986093886
2458451 17.186 0.016 zr 425 484.87104360110067 7.145323756930307 3.3595748751106953
2458451 17.203 0.015 zr 425 477.33826355126075 6.594671819812777 -4.173205174729219
2458451 17.197 0.015 zr 425 479.9834344246902 6.631216205942261 -1.5280343012997832
2458457 17.186 0.016 zr 425 484.87104360110067 7.145323756930307 3.3595748751106953
2458458 17.254 0.016 zr 425 455.43483849497056 6.711535807671488 -26.076630231019408
2458469 17.187 0.01 zr 425 484.4246664621171 4.461716062697135 2.913197736127131
2458474 17.211 0.025 zr 425 473.83403117068457 10.910431767268946 -7.677437555305403
2458477 17.189 0.012 zr 425 483.53314462362965 5.344205811738738 2.021675897639682
2458539 17.196 0.012 zr 425 480.42571915346406 5.309861276225811 -1.0857495725259128
2458557 17.191 0.01 zr 425 482.6432635174243 4.445308735236873 1.131794791434345
2458560 17.185 0.011 zr 425 485.31783205801355 4.916936664028268 3.8063633320235795
2458573 17.173 0.01 zr 425 490.71151465008654 4.519620074375275 9.200045924096571
2458584 17.211 0.01 zr 425 473.83403117068457 4.364172706907578 -7.677437555305403
2458587 17.194 0.012 zr 425 481.3115116273806 5.319651416446258 -0.1999570986093886
2458597 17.192 0.01 zr 425 482.1989372950981 4.441216339493055 0.6874685691081481
2458606 17.202 0.009 zr 425 477.77811086532733 3.960449121014493 -3.733357860662636
2458617 17.172 0.014 zr 425 491.1636848576341 6.3332986022499975 9.652216131644138
2458634 17.187 0.008 zr 425 484.4246664621171 3.5693728501577078 2.913197736127131
2458634 17.192 0.009 zr 425 482.1989372950981 3.997094705543749 0.6874685691081481
2458637 17.175 0.008 zr 425 489.80842266902835 3.6090418318740216 8.296953943038375
2458640 17.182 0.01 zr 425 486.6606691281885 4.482310408324298 5.149200402198517
2458643 17.193 0.009 zr 425 481.75502012394145 3.993414940124763 0.24355139795147807
2458649 17.212 0.021 zr 425 473.39781481588506 9.15632551218851 -8.113653910104915
2458652 17.209 0.018 zr 425 474.7076701162331 7.869994594124928 -6.803798609756882
2458658 17.19 0.009 zr 425 483.0879991678435 4.004464411757508 1.5765304418535493
2458661 17.174 0.009 zr 425 490.2597607149589 4.063913340181532 8.748291988968901
2458667 17.199 0.01 zr 425 479.10008610754636 4.4126748652936 -2.4113826184436107
2458670 17.204 0.011 zr 425 476.8988211650349 4.831640512516588 -4.612647560955054
2458676 17.206 0.021 zr 425 476.02114968533374 9.20706530700883 -5.490319040656232
2458686 17.214 0.012 zr 425 472.52658649202016 5.222556835679459 -8.984882233969813
2458873 17.182 0.011 zr 425 486.6606691281885 4.930541449156728 5.149200402198517
2458876 17.192 0.01 zr 425 482.1989372950981 4.441216339493055 0.6874685691081481
2458885 17.21 0.012 zr 425 474.27064948067124 5.241832932186231 -7.2408192453187326
2458888 17.209 0.012 zr 425 474.7076701162331 5.246663062749953 -6.803798609756882
2458899 17.205 0.008 zr 425 476.459783333873 3.510685422450397 -5.051685392116951
2458905 17.191 0.009 zr 425 482.6432635174243 4.0007778617131855 1.131794791434345
2458911 17.195 0.01 zr 425 480.86841142918263 4.428961743394255 -0.643057296807342
2458915 17.171 0.013 zr 425 491.6162717211822 5.886339153440224 10.104802995192244
2458940 17.179 0.013 zr 425 488.00722172513355 5.84312640089221 6.495752999143576
2458941 17.197 0.01 zr 425 479.9834344246902 4.4208108039615075 -1.5280343012997832
2458944 17.168 0.016 zr 425 492.97653608890374 7.264770708442567 11.465067362913771
2458956 17.203 0.009 zr 425 477.33826355126075 3.9568030918876658 -4.173205174729219
2458966 17.191 0.014 zr 425 482.6432635174243 6.223432229331623 1.131794791434345
2458980 17.192 0.007 zr 425 482.1989372950981 3.1088514376451384 0.6874685691081481
2458986 17.19 0.007 zr 425 483.0879991678435 3.1145834313669507 1.5765304418535493
2458992 17.199 0.008 zr 425 479.10008610754636 3.5301398922348803 -2.4113826184436107
2458995 17.179 0.007 zr 425 488.00722172513355 3.1462988312496516 6.495752999143576
2458998 17.197 0.008 zr 425 479.9834344246902 3.536648643169206 -1.5280343012997832
2459012 17.203 0.008 zr 425 477.33826355126075 3.5171583039001475 -4.173205174729219
2459015 17.213 0.008 zr 425 472.96200004623074 3.4849128027491205 -8.54946867975923
2459021 17.228 0.009 zr 425 466.4727181287048 3.866735257385649 -15.038750597285173
2459024 17.202 0.009 zr 425 477.77811086532733 3.960449121014493 -3.733357860662636
2459027 17.193 0.012 zr 425 481.75502012394145 5.324553253499684 0.24355139795147807
2459033 17.228 0.016 zr 425 466.4727181287048 6.874196013130043 -15.038750597285173
2459036 17.198 0.016 zr 425 479.5415568676654 7.066785538013715 -1.969911858324565
2459043 17.152 0.01 zr 425 500.2950995209114 4.607888153019293 18.783630794921407
2459184 17.235 0.025 zr 425 463.47493147939883 10.671904682009007 -18.036537246591138
2459185 17.152 0.026 zr 425 500.2950995209114 11.98050919785016 18.783630794921407
2459185 17.205 0.02 zr 425 476.459783333873 8.776713556125992 -5.051685392116951
2459189 17.234 0.015 zr 425 463.9020043107946 6.409043038416572 -17.60946441519536
2459189 17.21 0.018 zr 425 474.27064948067124 7.8627493982793455 -7.2408192453187326
2459189 17.216 0.019 zr 425 471.65696155280995 8.253830193955583 -9.854507173180025
2459190 17.195 0.012 zr 425 480.86841142918263 5.314754092073106 -0.643057296807342
2459190 17.2 0.011 zr 425 478.65902176983155 4.849473763879037 -2.852446956158417
2459190 17.17 0.012 zr 425 492.0692756246598 5.438550618113856 10.55780689866981
2459190 17.198 0.012 zr 425 479.5415568676654 5.300089153510286 -1.969911858324565
2459190 17.193 0.018 zr 425 481.75502012394145 7.986829880249526 0.24355139795147807
2459201 17.199 0.02 zr 425 479.10008610754636 8.8253497305872 -2.4113826184436107
2459218 17.189 0.01 zr 425 483.53314462362965 4.453504843115615 2.021675897639682
2459224 17.207 0.012 zr 425 475.58291984732546 5.256336680270563 -5.928548878664515
2459227 17.216 0.01 zr 425 471.65696155280995 4.344121154713465 -9.854507173180025
2459228 17.212 0.011 zr 425 473.39781481588506 4.796170506384456 -8.113653910104915
2459232 17.203 0.008 zr 425 477.33826355126075 3.5171583039001475 -4.173205174729219
2459256 17.236 0.009 zr 425 463.04825181552707 3.8383488070825886 -18.463216910462904
2459260 17.187 0.014 zr 425 484.4246664621171 6.246402487775988 2.913197736127131
2459265 17.19 0.012 zr 425 483.0879991678435 5.339285882343344 1.5765304418535493
2459269 17.196 0.011 zr 425 480.42571915346406 4.8673728365403255 -1.0857495725259128
2459273 17.187 0.031 zr 425 484.4246664621171 13.831319794361116 2.913197736127131
2459278 17.185 0.011 zr 425 485.31783205801355 4.916936664028268 3.8063633320235795
2459290 17.2 0.008 zr 425 478.65902176983155 3.5268900100938456 -2.852446956158417
2459292 17.204 0.008 zr 425 476.8988211650349 3.5139203727393373 -4.612647560955054
2459295 17.191 0.01 zr 425 482.6432635174243 4.445308735236873 1.131794791434345
2459297 17.194 0.012 zr 425 481.3115116273806 5.319651416446258 -0.1999570986093886
2459307 17.203 0.008 zr 425 477.33826355126075 3.5171583039001475 -4.173205174729219
2459307 17.217 0.009 zr 425 471.22274943010717 3.90610972194276 -10.2887192958828
2459308 17.203 0.009 zr 425 477.33826355126075 3.9568030918876658 -4.173205174729219
2459309 17.215 0.009 zr 425 472.09157378388755 3.9133116731623616 -9.419894942102417
2459309 17.207 0.01 zr 425 475.58291984732546 4.380280566892136 -5.928548878664515
2459310 17.186 0.013 zr 425 484.87104360110067 5.805575552505874 3.3595748751106953
2459311 17.207 0.008 zr 425 475.58291984732546 3.5042244535137086 -5.928548878664515
2459313 17.19 0.009 zr 425 483.0879991678435 4.004464411757508 1.5765304418535493
2459316 17.209 0.008 zr 425 474.7076701162331 3.497775375166635 -6.803798609756882
2459319 17.214 0.01 zr 425 472.52658649202016 4.352130696399549 -8.984882233969813
2459322 17.208 0.009 zr 425 475.14509344809613 3.9386232330582565 -6.366375277893837
2459324 17.206 0.011 zr 425 476.02114968533374 4.822748494147483 -5.490319040656232
2459328 17.193 0.015 zr 425 481.75502012394145 6.655691566874605 0.24355139795147807
2459334 17.203 0.013 zr 425 477.33826355126075 5.715382243837739 -4.173205174729219
2459338 17.217 0.01 zr 425 471.22274943010717 4.3401219132697335 -10.2887192958828
2459340 17.197 0.007 zr 425 479.9834344246902 3.0945675627730553 -1.5280343012997832
2459342 17.211 0.008 zr 425 473.83403117068457 3.4913381655260625 -7.677437555305403
2459344 17.195 0.007 zr 425 480.86841142918263 3.1002732203759784 -0.643057296807342
2459346 17.173 0.009 zr 425 490.71151465008654 4.067658066937747 9.200045924096571
2459348 17.213 0.008 zr 425 472.96200004623074 3.4849128027491205 -8.54946867975923
2459350 17.214 0.009 zr 425 472.52658649202016 3.916917626759594 -8.984882233969813
2459354 17.198 0.012 zr 425 479.5415568676654 5.300089153510286 -1.969911858324565
2459354 17.205 0.012 zr 425 476.459783333873 5.266028133675595 -5.051685392116951
2459355 17.198 0.015 zr 425 479.5415568676654 6.625111441887857 -1.969911858324565
2459356 17.204 0.017 zr 425 476.8988211650349 7.467080792071092 -4.612647560955054
2459362 17.186 0.01 zr 425 484.87104360110067 4.465827348081442 3.3595748751106953
2459364 17.196 0.009 zr 425 480.42571915346406 3.9823959571693575 -1.0857495725259128
2459366 17.196 0.008 zr 425 480.42571915346406 3.5399075174838734 -1.0857495725259128
2459368 17.199 0.008 zr 425 479.10008610754636 3.5301398922348803 -2.4113826184436107
2459376 17.21 0.009 zr 425 474.27064948067124 3.9313746991396727 -7.2408192453187326
2459378 17.216 0.008 zr 425 471.65696155280995 3.4752969237707716 -9.854507173180025
2459380 17.223 0.012 zr 425 468.62585836618143 5.179444395194441 -12.885610359808538
2459387 17.206 0.018 zr 425 476.02114968533374 7.891770263150425 -5.490319040656232
2459391 17.208 0.017 zr 425 475.14509344809613 7.439621662443375 -6.366375277893837
2459393 17.208 0.009 zr 425 475.14509344809613 3.9386232330582565 -6.366375277893837
2459396 17.215 0.008 zr 425 472.09157378388755 3.4784992650332107 -9.419894942102417
2459403 17.189 0.012 zr 425 483.53314462362965 5.344205811738738 2.021675897639682
2459405 17.174 0.011 zr 425 490.2597607149589 4.967005193555206 8.748291988968901
2459407 17.221 0.011 zr 425 469.4898946612282 4.7565779041364715 -12.02157406476175
2459415 17.213 0.016 zr 425 472.96200004623074 6.969825605498241 -8.54946867975923
2459601 17.197 0.013 zr 425 479.9834344246902 5.74705404514996 -1.5280343012997832
2459670 17.188 0.007 zr 425 483.97870026239934 3.120325993542336 2.467231536409372
2459673 17.196 0.009 zr 425 480.42571915346406 3.9823959571693575 -1.0857495725259128
2459675 17.203 0.008 zr 425 477.33826355126075 3.5171583039001475 -4.173205174729219
2459677 17.214 0.011 zr 425 472.52658649202016 4.787343766039504 -8.984882233969813
2459679 17.226 0.011 zr 425 467.33278453758544 4.734723413832027 -14.178684188404532
2459684 17.147 0.031 zr 425 502.6043567776105 14.350387314915837 21.092888051620548
2459690 17.213 0.01 zr 425 472.96200004623074 4.3561410034364005 -8.54946867975923
2459699 17.224 0.009 zr 425 468.19443670742845 3.8810071101069687 -13.31703201856152
2459699 17.193 0.008 zr 425 481.75502012394145 3.5497021689997896 0.24355139795147807
2459702 17.211 0.009 zr 425 473.83403117068457 3.92775543621682 -7.677437555305403
2459709 17.205 0.011 zr 425 476.459783333873 4.827192455869295 -5.051685392116951
2459709 17.254 0.015 zr 425 455.43483849497056 6.29206481969202 -26.076630231019408
2459719 17.231 0.009 zr 425 465.18558543468487 3.8560658201914086 -16.325883291305104
2459724 17.208 0.009 zr 425 475.14509344809613 3.9386232330582565 -6.366375277893837
2459726 17.214 0.008 zr 425 472.52658649202016 3.4817045571196394 -8.984882233969813
2459730 17.192 0.008 zr 425 482.1989372950981 3.552973071594444 0.6874685691081481
2459732 17.225 0.009 zr 425 467.7634122197763 3.8774342160910287 -13.748056506213686
2459736 17.212 0.008 zr 425 473.39781481588506 3.4881240046432413 -8.113653910104915
2459738 17.228 0.013 zr 425 466.4727181287048 5.58528426066816 -15.038750597285173
2459742 17.177 0.021 zr 425 488.9069927136274 9.456299607576756 7.395523987637432
2459750 17.21 0.008 zr 425 474.27064948067124 3.494555288124154 -7.2408192453187326
2459753 17.193 0.009 zr 425 481.75502012394145 3.993414940124763 0.24355139795147807
2459756 17.2 0.008 zr 425 478.65902176983155 3.5268900100938456 -2.852446956158417
2459760 17.194 0.011 zr 425 481.3115116273806 4.876347131742403 -0.1999570986093886
2459762 17.219 0.011 zr 425 470.35552403678105 4.765347919439777 -11.155944689208923
2459772 17.2 0.017 zr 425 478.65902176983155 7.494641271449422 -2.852446956158417
2459772 17.237 0.02 zr 425 462.62196495722924 8.521811521617039 -18.889503768760733
2459774 17.209 0.016 zr 425 474.7076701162331 6.99555075033327 -6.803798609756882
2459774 17.203 0.018 zr 425 477.33826355126075 7.9136061837753315 -4.173205174729219
2459776 17.226 0.009 zr 425 467.33278453758544 3.8738646113171127 -14.178684188404532
2459778 17.2 0.01 zr 425 478.65902176983155 4.408612512617307 -2.852446956158417
2459914 17.183 0.014 zr 425 486.2126444420196 6.269457527857489 4.701175716029638
2459914 17.194 0.023 zr 425 481.3115116273806 10.19599854818866 -0.1999570986093886
2459936 17.202 0.01 zr 425 477.77811086532733 4.400499023349438 -3.733357860662636
2459957 17.184 0.015 zr 425 485.76503221186505 6.711091931212878 4.253563485875077
2459977 17.205 0.014 zr 425 476.459783333873 6.143699489288195 -5.051685392116951
2459984 17.165 0.018 zr 425 494.3405642033868 8.195480740778288 12.829095477396834
2459996 17.204 0.009 zr 425 476.8988211650349 3.953160419331754 -4.612647560955054
2460030 17.214 0.009 zr 425 472.52658649202016 3.916917626759594 -8.984882233969813
2460036 17.174 0.013 zr 425 490.2597607149589 5.87009704692888 8.748291988968901
2460043 17.195 0.013 zr 425 480.86841142918263 5.757650266412531 -0.643057296807342
2460045 17.208 0.007 zr 425 475.14509344809613 3.0633736257119777 -6.366375277893837
2460049 17.199 0.009 zr 425 479.10008610754636 3.97140737876424 -2.4113826184436107
2460051 17.197 0.009 zr 425 479.9834344246902 3.9787297235653565 -1.5280343012997832
2460055 17.201 0.009 zr 425 478.2183634803615 3.9640985098051993 -3.2931052456284533
2460057 17.193 0.009 zr 425 481.75502012394145 3.993414940124763 0.24355139795147807
2460059 17.197 0.009 zr 425 479.9834344246902 3.9787297235653565 -1.5280343012997832
2460063 17.197 0.011 zr 425 479.9834344246902 4.862891884357658 -1.5280343012997832
