# Instrumental magnitude: -7.724 mag
# DoPHOT object type: 2
2458217.78837 18.552 0.029     -1.540     32.411 0 1
2458217.81063 18.555 0.027     -4.422     30.380 0 1
2458224.77274 18.570 0.035    -21.576     39.399 0 1
2458233.71391 18.533 0.042     20.628     48.559 0 1
2458243.67432 18.517 0.030     39.216     35.469 0 1
2458249.73680 18.538 0.028     15.277     32.625 0 1
2458267.79705 18.477 0.059     86.125     71.840 0 1
2458278.73599 18.555 0.031     -4.079     35.291 0 1
2458281.69300 18.575 0.026    -26.897     28.284 0 1
2458287.75559 18.570 0.032    -21.533     36.102 0 1
2458293.73771 18.455 0.062    113.585     77.180 0 1
2458296.73640 18.462 0.057    105.137     69.877 0 1
2458439.03766 18.410 0.046    170.892     59.555 0 2
2458439.03812 18.449 0.047    121.665     58.179 0 2
2458439.03857 18.576 0.050    -27.898     55.460 0 2
2458439.04052 18.582 0.053    -34.263     57.904 0 2
2458440.04101 18.706 0.077   -163.688     75.216 0 2
2458440.04773 18.496 0.056     63.687     66.433 0 2
2458442.03723 18.596 0.077    -49.879     83.673 0 2
2458443.03803 18.596 0.044    -49.712     47.382 0 2
2458443.04292 18.479 0.041     84.363     49.620 0 2
2458443.04781 18.587 0.050    -40.283     54.539 0 2
2458443.05271 18.573 0.048    -24.296     53.510 0 2
2458444.04004 18.578 0.047    -29.971     51.735 0 2
2458444.04485 18.534 0.039     19.316     44.669 0 2
2458444.04965 18.481 0.039     82.280     47.050 0 2
2458444.05447 18.543 0.059      9.249     67.592 0 2
2458450.03717 18.560 0.048    -10.703     54.236 0 1
2458475.98917 18.549 0.053      1.842     59.898 0 1
2458476.99324 18.539 0.046     14.029     52.944 0 1
2458488.04418 18.553 0.025     -1.832     28.460 0 1
2458503.02478 18.544 0.040      8.327     45.759 0 1
2458512.04542 18.594 0.042    -47.837     45.370 0 1
2458524.96506 18.583 0.029    -35.506     32.007 0 1
2458543.86245 18.528 0.026     26.267     29.624 0 1
2458547.81853 18.602 0.029    -56.822     31.424 0 1
2458560.84399 18.578 0.046    -30.543     50.477 0 1
2458573.79879 18.599 0.037    -52.861     39.582 0 1
2458580.78370 18.569 0.026    -20.101     28.977 0 1
2458583.77886 18.547 0.032      4.660     35.879 0 1
2458587.77987 18.507 0.039     51.371     46.499 0 1
2458593.75772 18.553 0.074     -2.350     84.036 0 1
2458600.78113 18.540 0.027     12.412     31.157 0 1
2458606.71509 18.589 0.024    -42.228     26.058 0 1
2458634.75757 18.617 0.027    -71.992     28.765 0 1
2458637.68907 18.582 0.026    -34.478     28.462 0 1
2458640.71574 18.553 0.025     -2.150     28.812 0 1
2458643.74024 18.504 0.031     53.920     37.136 0 1
2458648.69271 18.524 0.064     30.838     73.980 0 1
2458651.73479 18.550 0.064      1.332     72.654 0 1
2458654.67469 18.538 0.040     15.132     45.427 0 1
2458658.67717 18.557 0.030     -6.771     33.513 0 1
2458676.69286 18.569 0.053    -20.550     59.228 0 1
2458679.69095 18.442 0.060    129.295     74.616 0 1
2458804.03677 18.489 0.067     71.916     79.693 0 2
2458804.04155 18.549 0.070      2.304     79.050 0 2
2458804.04634 18.621 0.070    -76.711     73.897 0 2
2458804.05112 18.597 0.076    -50.529     82.709 0 2
2458812.04648 18.637 0.050    -93.376     52.274 0 2
2458812.05134 18.574 0.052    -26.034     57.245 0 2
2458812.05621 18.652 0.069   -109.312     70.919 0 2
2458873.04749 18.596 0.027    -49.745     29.653 0 1
2458887.98562 18.544 0.051      7.655     58.482 0 1
2458894.99796 18.573 0.032    -25.199     35.913 0 1
2458898.96532 18.606 0.026    -60.304     27.860 0 1
2458901.90251 18.645 0.024   -102.178     25.258 0 1
2458908.96085 18.576 0.023    -28.108     25.364 0 1
2458911.95499 18.569 0.033    -19.947     36.632 0 1
2458955.77576 18.600 0.029    -54.694     31.772 0 1
2458972.69808 18.543 0.048      9.198     54.590 0 1
2458976.75927 18.628 0.073    -83.741     77.035 0 1
2458992.73728 18.580 0.023    -32.329     24.972 0 1
2458995.75197 18.579 0.024    -31.131     26.436 0 1
2458998.73526 18.539 0.024     14.192     26.962 0 1
2459005.75800 18.512 0.056     44.818     66.021 0 1
2459009.67397 18.556 0.035     -5.346     39.051 0 1
2459017.73711 18.544 0.023      8.276     25.745 0 1
2459020.73795 18.607 0.026    -61.847     27.875 0 1
2459033.67356 18.672 0.070   -129.234     71.325 0 1
2459168.03364 18.536 0.056     16.974     63.771 0 2
2459172.04914 18.553 0.049     -2.600     55.586 0 2
2459172.05381 18.790 0.093   -243.071     84.577 0 2
2459174.05236 18.527 0.080     27.627     92.497 0 2
2459174.05706 18.558 0.093     -7.477    105.127 0 2
2459178.03803 18.583 0.043    -36.004     47.510 0 2
2459178.04270 18.538 0.036     14.660     41.581 0 2
2459178.05402 18.520 0.052     35.758     60.792 0 2
2459185.00310 18.511 0.066     45.620     77.912 0 1
2459186.03450 18.496 0.044     64.092     52.787 0 1
2459195.01339 18.597 0.033    -50.787     35.647 0 1
2459217.01546 18.596 0.068    -49.918     73.828 0 1
2459218.99920 18.543 0.040      8.713     45.765 0 1
2459222.02685 18.591 0.079    -44.066     85.727 0 1
2459223.98363 18.643 0.035    -99.389     36.104 0 1
2459228.00551 18.559 0.031     -8.900     34.359 0 1
2459251.96557 18.577 0.027    -28.568     29.794 0 1
2459253.98902 18.580 0.026    -32.938     28.439 0 1
2459255.92099 18.563 0.021    -13.536     23.235 0 1
2459262.88023 18.567 0.026    -17.877     29.495 0 1
2459265.01610 18.546 0.023      5.368     26.639 0 1
2459268.92190 18.631 0.032    -86.961     33.868 0 1
2459270.89329 18.551 0.051     -0.235     58.142 0 1
2459272.94663 18.543 0.080      9.356     91.608 0 1
2459276.88393 18.561 0.048    -11.432     53.427 0 1
2459278.92677 18.502 0.037     56.531     43.547 0 3
2459291.85647 18.590 0.025    -43.427     26.960 0 1
2459298.88425 18.621 0.093    -77.156     98.844 0 1
2459304.82445 18.686 0.090   -143.284     89.732 0 1
2459305.80505 18.590 0.041    -43.576     44.891 0 3
2459307.76357 18.565 0.027    -15.726     29.671 0 3
2459307.77782 18.552 0.023     -0.800     25.860 0 1
2459308.78192 18.552 0.023     -0.767     26.164 0 3
2459309.78034 18.558 0.024     -7.564     27.523 0 1
2459309.78128 18.615 0.025    -70.395     26.439 0 3
2459313.80707 18.542 0.052     10.393     59.500 0 1
2459321.80039 18.555 0.023     -3.989     25.903 0 1
2459323.84010 18.541 0.026     10.867     29.602 0 1
2459325.78325 18.511 0.026     46.181     30.052 0 1
2459334.78015 18.547 0.034      3.972     38.448 0 1
2459336.82063 18.554 0.021     -3.698     23.933 0 1
2459339.75875 18.579 0.024    -31.480     26.801 0 1
2459341.75495 18.583 0.023    -36.163     25.227 0 1
2459345.70022 18.610 0.025    -64.618     27.150 0 1
2459348.69658 18.555 0.023     -4.849     26.272 0 1
2459362.73948 18.564 0.034    -14.425     37.488 0 1
2459364.82609 18.507 0.035     50.990     41.329 0 1
2459368.71667 18.578 0.025    -29.928     27.823 0 1
2459370.77147 18.509 0.024     47.938     28.541 0 1
2459376.75798 18.554 0.030     -3.396     33.462 0 1
2459378.75269 18.520 0.026     35.158     30.573 0 1
2459382.69275 18.450 0.056    120.440     69.802 0 1
2459386.69642 18.518 0.068     38.123     79.402 0 1
2459392.69649 18.568 0.029    -19.384     32.288 0 1
2459396.69276 18.594 0.028    -47.198     30.178 0 1
2459532.04219 18.516 0.040     39.846     46.573 0 1
2459532.04463 18.581 0.047    -33.096     51.486 0 1
2459532.04708 18.472 0.049     92.599     59.357 0 1
2459537.04419 18.592 0.064    -45.805     70.135 0 1
2459537.04654 18.559 0.062     -8.651     69.805 0 1
2459537.04890 18.591 0.060    -44.701     65.560 0 1
2459537.05126 18.493 0.065     66.997     77.586 0 1
2459537.05362 18.605 0.081    -59.926     87.024 0 1
2459551.06426 18.591 0.045    -44.103     48.819 0 1
2459670.87585 18.585 0.022    -37.382     24.667 0 3
2459678.77533 18.575 0.027    -26.676     29.545 0 1
2459687.87686 18.678 0.086   -135.308     86.875 0 1
2459702.75158 18.471 0.026     93.784     31.944 0 1
2459709.72755 18.489 0.039     72.794     46.614 0 1
2459709.75807 18.610 0.042    -64.984     45.546 0 1
2459719.71536 18.565 0.023    -15.248     25.282 0 1
2459724.75748 18.585 0.027    -37.438     29.544 0 1
2459726.69653 18.590 0.024    -43.597     25.696 0 1
2459730.73766 18.557 0.028     -6.729     31.308 0 3
2459730.73861 18.552 0.028     -1.266     31.305 0 1
2459732.69597 18.612 0.028    -67.002     30.147 0 1
2459734.72238 18.556 0.048     -5.917     54.184 0 1
2459736.68714 18.560 0.026     -9.778     29.211 0 1
2459741.79384 18.597 0.084    -50.767     90.666 0 1
2459743.69263 18.624 0.059    -80.100     62.053 0 1
2459749.69454 18.667 0.037   -124.510     37.648 0 1
2459751.75525 18.575 0.036    -26.380     39.762 0 1
2459756.69755 18.545 0.029      6.473     32.529 0 1
2459896.04186 18.565 0.082    -15.243     91.672 0 1
2459896.04422 18.610 0.102    -65.255    108.908 0 1
2459896.04658 18.624 0.107    -79.589    113.266 0 1
2459897.05128 18.604 0.137    -58.159    147.595 0 1
2459898.04740 18.638 0.103    -94.342    108.105 0 1
2459898.04984 18.802 0.153   -253.791    137.022 0 1
2459899.04489 18.594 0.058    -47.662     62.780 0 1
2459899.04735 18.531 0.061     22.379     70.829 0 1
2459899.04979 18.561 0.064    -10.798     71.441 0 1
2459899.05223 18.667 0.079   -124.355     80.662 0 1
2459902.04289 18.561 0.046    -11.684     51.976 0 1
2459902.04509 18.583 0.053    -35.689     58.255 0 1
2459902.04745 18.702 0.062   -159.199     61.168 0 1
2459902.04980 18.619 0.061    -74.809     64.492 0 1
2459902.05215 18.443 0.054    128.064     67.967 0 1
2459907.03930 18.591 0.046    -44.274     50.666 0 1
2459910.04139 18.554 0.050     -2.860     56.365 0 1
2459910.04391 18.618 0.048    -73.974     50.712 0 1
2459910.04642 18.525 0.046     29.904     53.051 0 1
2459910.04894 18.550 0.053      1.484     60.128 0 1
2459933.04663 18.561 0.036    -11.779     40.023 0 1
2459936.99625 18.592 0.034    -45.960     36.537 0 1
2460016.90250 18.684 0.045   -141.304     44.597 0 1
2460020.85333 18.574 0.022    -26.106     24.320 0 1
2460030.86203 18.564 0.030    -14.727     33.206 0 1
2460036.94394 18.656 0.050   -112.796     51.358 0 1
2460043.85056 18.521 0.044     34.192     51.339 0 1
2460045.79128 18.576 0.022    -28.034     24.205 0 1
2460049.83279 18.520 0.027     36.148     30.900 0 1
2460051.78310 18.582 0.024    -35.137     26.415 0 1
2460057.79791 18.566 0.024    -17.185     27.249 0 1
2460059.81764 18.568 0.027    -18.768     30.630 0 1
2460061.78513 18.553 0.029     -2.810     32.906 0 1
2460063.76099 18.529 0.031     25.413     35.451 0 1
