# Instrumental magnitude: -8.258 mag
# DoPHOT object type: 2
2458198.86523 18.001 0.017     29.225     32.161 0 1
2458217.85392 18.034 0.025    -31.878     44.757 0 1
2458218.83201 18.059 0.021    -76.088     36.696 0 2
2458219.82163 18.101 0.048   -150.449     82.226 0 2
2458224.80993 18.044 0.040    -50.171     72.078 0 1
2458224.83023 18.010 0.040     12.293     75.157 0 1
2458230.75822 18.036 0.021    -34.429     38.755 0 1
2458231.76522 18.076 0.022   -106.738     38.721 0 2
2458233.71355 18.021 0.028     -6.559     52.301 0 1
2458243.77938 18.034 0.019    -31.724     35.155 0 1
2458256.74657 18.081 0.021   -115.837     37.270 0 1
2458256.78119 18.029 0.019    -21.764     35.128 0 2
2458279.67292 18.007 0.023     17.768     42.951 0 1
2458283.71374 17.999 0.017     34.008     31.818 0 1
2458286.78185 18.035 0.020    -32.196     35.598 0 1
2458289.71812 17.986 0.029     58.607     55.288 0 1
2458293.73722 18.044 0.039    -49.331     70.510 0 1
2458296.73637 18.013 0.036      7.293     67.461 0 1
2458305.68006 18.039 0.027    -39.782     48.948 0 1
2458312.69427 18.032 0.025    -27.011     45.690 0 1
2458450.03639 18.056 0.036    -70.226     63.749 0 1
2458450.04372 18.056 0.035    -70.231     63.106 0 2
2458450.04870 18.036 0.036    -35.447     65.716 0 2
2458450.05368 17.997 0.035     36.475     65.469 0 2
2458450.05866 17.922 0.037    183.799     75.228 0 2
2458451.04489 18.072 0.031    -99.912     54.444 0 2
2458451.04966 18.013 0.031      7.496     57.142 0 2
2458451.05444 18.040 0.031    -41.611     56.741 0 2
2458451.05921 18.029 0.039    -22.775     70.937 0 2
2458475.98921 18.017 0.040      0.177     74.576 0 1
2458477.01011 18.014 0.032      6.149     59.152 0 1
2458488.02886 18.041 0.018    -43.547     33.216 0 1
2458503.04386 18.022 0.030     -9.253     55.186 0 1
2458524.96559 18.068 0.019    -91.471     33.037 0 1
2458539.87991 17.982 0.024     66.460     46.176 0 1
2458543.88041 18.032 0.022    -28.101     39.944 0 1
2458547.98657 18.039 0.019    -41.084     34.993 0 1
2458561.86178 18.054 0.040    -66.615     71.870 0 1
2458573.79825 18.104 0.024   -154.413     41.852 0 1
2458584.80051 18.016 0.021      2.643     39.053 0 1
2458593.82100 18.055 0.049    -68.378     87.922 0 1
2458596.79916 18.024 0.023    -12.967     42.857 0 1
2458606.73667 18.057 0.020    -72.397     34.905 0 1
2458617.75833 18.025 0.029    -14.355     53.009 0 1
2458634.75745 18.028 0.017    -19.971     31.735 0 1
2458637.69436 18.043 0.017    -48.354     30.663 0 1
2458640.73684 18.038 0.017    -38.297     31.651 0 1
2458643.73822 18.021 0.022     -7.439     41.474 0 1
2458648.69356 17.986 0.047     57.440     89.647 0 1
2458651.73475 18.052 0.039    -63.740     70.731 0 1
2458654.67465 18.000 0.025     31.878     46.317 0 1
2458658.67714 17.994 0.020     43.435     38.231 0 1
2458667.71593 18.047 0.020    -54.040     36.763 0 1
2458672.69232 18.020 0.025     -5.614     45.362 0 1
2458676.69149 17.989 0.036     52.194     68.295 0 1
2458679.69095 18.055 0.040    -68.542     72.352 0 1
2458812.05352 18.072 0.043    -98.679     75.743 0 2
2458812.05839 18.179 0.056   -278.020     89.958 0 2
2458854.07960 18.021 0.031     -7.590     57.107 0 1
2458877.04660 18.037 0.019    -36.409     34.413 0 1
2458884.04530 17.976 0.022     77.688     41.729 0 1
2458887.04299 18.048 0.023    -57.319     40.863 0 1
2458895.00544 18.050 0.023    -59.863     41.073 0 1
2458898.98166 18.049 0.016    -57.722     28.606 0 1
2458901.92252 18.068 0.017    -92.459     30.762 0 1
2458904.98269 18.027 0.019    -18.696     35.753 0 1
2458908.98256 18.019 0.017     -3.586     31.156 0 1
2458911.96061 18.048 0.022    -56.278     40.417 0 1
2458914.90748 18.037 0.022    -37.428     39.472 0 1
2458937.92952 18.050 0.021    -60.980     37.555 0 1
2458940.90900 18.003 0.030     26.821     55.704 0 1
2458941.88132 18.039 0.023    -40.304     40.963 0 1
2458955.78454 18.083 0.022   -117.829     38.504 0 1
2458972.69872 18.055 0.030    -68.285     53.368 0 1
2458976.75854 18.004 0.046     24.244     86.234 0 1
2458980.75655 18.052 0.015    -64.607     26.970 0 1
2458986.75925 18.017 0.015      0.397     27.512 0 1
2458992.73664 18.009 0.016     14.585     29.040 0 1
2458998.72896 18.058 0.020    -73.900     36.377 0 1
2459009.67388 18.034 0.025    -31.402     45.593 0 1
2459017.73705 17.983 0.016     64.277     30.119 0 1
2459020.73791 18.045 0.018    -50.765     31.684 0 1
2459033.67353 18.049 0.036    -58.314     65.156 0 1
2459037.68908 18.037 0.025    -37.269     45.033 0 1
2459039.71203 18.049 0.021    -58.112     36.906 0 1
2459174.05351 18.038 0.067    -38.395    121.920 0 2
2459178.04099 18.025 0.027    -14.139     50.034 0 2
2459178.04567 18.048 0.026    -56.613     46.278 0 2
2459178.05232 17.985 0.033     59.893     63.147 0 2
2459182.04384 18.032 0.029    -27.977     52.696 0 2
2459182.04853 18.009 0.027     15.270     51.227 0 2
2459182.05322 18.072 0.031    -98.951     54.242 0 2
2459182.05790 18.047 0.036    -54.161     64.744 0 2
2459184.04881 18.004 0.051     24.774     96.377 0 2
2459184.05349 18.069 0.049    -93.216     86.502 0 2
2459184.05816 18.079 0.046   -110.856     80.339 0 2
2459184.06284 18.034 0.048    -31.124     86.657 0 2
2459185.04356 17.966 0.038     95.936     74.032 0 1
2459185.04825 18.118 0.043   -178.309     71.837 0 1
2459185.05293 17.992 0.038     45.876     71.856 0 1
2459185.05761 18.006 0.042     19.700     78.256 0 1
2459185.06229 17.964 0.048    100.412     92.937 0 1
2459186.04728 18.001 0.031     29.894     57.603 0 1
2459186.05198 18.066 0.037    -89.538     65.946 0 1
2459186.05667 18.066 0.038    -88.784     67.736 0 1
2459186.06138 17.989 0.045     52.968     85.616 0 1
2459201.04051 18.015 0.036      4.597     67.163 0 1
2459205.02008 18.050 0.020    -59.366     35.611 0 1
2459217.00681 18.016 0.035      1.233     65.690 0 1
2459218.99782 18.047 0.026    -55.266     46.303 0 1
2459232.00181 18.030 0.017    -23.161     30.863 0 1
2459251.98243 18.022 0.020     -9.414     36.559 0 1
2459253.98957 17.997 0.017     37.811     31.171 0 1
2459255.92395 18.055 0.017    -70.001     30.023 0 1
2459262.87800 18.003 0.018     26.952     33.313 0 1
2459265.01670 18.016 0.017      2.697     31.749 0 1
2459268.87915 18.041 0.024    -43.203     43.027 0 1
2459270.87959 17.971 0.031     87.376     59.799 0 1
2459278.92698 17.995 0.025     41.284     46.725 0 1
2459290.86335 18.026 0.017    -17.387     31.378 0 1
2459304.82768 18.017 0.046      0.799     85.087 0 1
2459305.84395 18.044 0.029    -49.942     52.014 0 3
2459307.84381 18.027 0.017    -19.065     31.298 0 3
2459307.84712 18.055 0.018    -70.015     32.077 0 1
2459308.78234 18.050 0.019    -59.401     33.347 0 3
2459309.79834 18.038 0.018    -39.363     33.456 0 1
2459310.84028 18.022 0.027     -8.340     50.265 0 3
2459317.82416 18.049 0.017    -58.524     30.138 0 1
2459321.81911 18.053 0.018    -65.939     31.473 0 1
2459323.83776 18.021 0.019     -6.883     34.788 0 1
2459325.78048 18.036 0.025    -35.036     45.476 0 1
2459334.78077 18.052 0.025    -63.862     44.508 0 1
2459338.79802 18.011 0.018     10.723     33.243 0 1
2459340.78014 18.019 0.016     -3.741     29.446 0 1
2459342.77972 18.035 0.018    -32.402     33.194 0 1
2459344.73723 18.042 0.017    -46.062     31.173 0 1
2459346.80108 18.047 0.018    -55.672     32.398 0 1
2459354.73923 18.032 0.028    -26.985     51.285 0 1
2459362.74075 18.041 0.023    -44.806     40.780 0 1
2459364.80001 18.084 0.020   -119.927     34.421 0 1
2459366.71569 18.034 0.018    -30.801     32.754 0 1
2459368.73069 18.036 0.016    -34.427     29.032 0 1
2459370.77464 18.032 0.018    -27.413     32.783 0 1
2459376.75697 18.005 0.019     22.434     36.356 0 1
2459386.69544 18.012 0.047      9.964     86.623 0 1
2459390.79121 18.021 0.043     -6.505     78.737 0 1
2459392.69598 18.030 0.017    -23.908     31.889 0 1
2459396.69226 18.033 0.017    -29.756     30.610 0 1
2459399.71002 18.048 0.022    -56.696     39.178 0 1
2459537.04439 18.035 0.046    -33.347     83.488 0 1
2459537.04675 18.101 0.049   -149.782     83.676 0 1
2459537.04911 17.978 0.043     73.584     83.001 0 1
2459537.05147 18.003 0.048     26.654     90.841 0 1
2459537.05383 18.157 0.065   -243.889    106.227 0 1
2459538.05060 18.238 0.114   -369.577    172.839 0 1
2459541.05444 17.995 0.040     40.257     75.949 0 1
2459541.05690 17.915 0.042    198.076     84.417 0 1
2459551.04132 18.033 0.020    -29.895     37.214 0 1
2459551.04375 18.025 0.021    -15.352     39.109 0 1
2459551.04619 18.011 0.019     10.541     36.063 0 1
2459551.04862 18.033 0.020    -29.797     35.953 0 1
2459551.05106 17.999 0.021     33.558     39.163 0 1
2459601.00412 18.004 0.032     24.382     60.413 0 1
2459636.96694 17.996 0.019     38.578     35.570 0 1
2459641.86434 18.031 0.018    -25.023     32.146 0 1
2459670.87674 18.049 0.017    -57.645     30.787 0 3
2459673.81806 18.038 0.019    -38.633     35.383 0 1
2459675.71808 18.051 0.022    -61.930     40.094 0 1
2459677.86687 18.057 0.022    -72.986     39.947 0 1
2459682.80212 18.034 0.030    -31.231     55.051 0 1
2459687.87787 18.029 0.046    -21.963     84.998 0 1
2459690.82192 18.019 0.022     -3.765     41.367 0 1
2459696.75900 18.021 0.017     -8.149     32.114 0 1
2459699.80697 18.071 0.019    -96.668     33.694 0 1
2459702.75815 17.993 0.017     44.481     32.535 0 2
2459709.72681 18.025 0.026    -14.646     47.930 0 1
2459709.77774 18.017 0.022      0.666     39.979 0 1
2459714.71691 17.996 0.049     38.314     93.285 0 1
2459717.73685 17.996 0.024     39.828     45.918 0 1
2459719.71412 18.060 0.018    -77.682     31.540 0 1
2459719.73817 18.067 0.019    -91.003     33.830 0 1
2459724.78020 18.046 0.019    -52.203     33.699 0 1
2459726.84280 18.008 0.019     16.374     35.305 0 1
2459730.71887 18.005 0.018     21.643     34.086 0 1
2459730.71982 18.043 0.019    -47.149     33.726 0 3
2459732.71002 18.027 0.019    -17.715     34.308 0 1
2459734.74112 18.036 0.019    -35.345     35.462 0 1
2459736.69705 18.019 0.018     -3.276     33.943 0 1
2459738.75367 18.025 0.028    -15.264     50.867 0 1
2459742.75639 17.952 0.044    123.647     86.806 0 1
2459747.69560 18.051 0.017    -61.663     29.689 0 1
2459751.75042 18.057 0.025    -72.176     44.446 0 1
2459753.69400 18.022 0.020     -9.816     37.047 0 1
2459756.69037 18.026 0.017    -17.467     31.982 0 1
2459761.69336 18.016 0.018      2.246     34.219 0 1
2459765.68887 18.010 0.020     12.425     37.048 0 1
2459902.04311 17.991 0.034     48.488     64.288 0 1
2459902.04531 17.923 0.034    180.914     68.516 0 1
2459902.04765 18.030 0.038    -23.424     70.297 0 1
2459902.05002 18.046 0.043    -52.611     76.726 0 1
2459902.05237 18.036 0.047    -35.108     85.956 0 1
2459904.04681 18.022 0.039     -9.467     71.339 0 1
2459904.04926 17.980 0.041     69.596     79.480 0 1
2459904.05172 18.024 0.049    -12.926     90.544 0 1
2459904.05416 18.040 0.062    -41.463    112.725 0 1
2459905.04617 18.014 0.034      4.982     62.982 0 1
2459905.05106 17.954 0.038    120.262     74.194 0 1
2459907.05093 18.054 0.041    -68.025     73.630 0 1
2459907.05333 18.021 0.043     -7.518     80.173 0 1
2459907.05811 17.991 0.061     48.217    115.470 0 1
2459914.04195 18.018 0.024     -2.390     44.731 0 1
2459914.04671 18.054 0.026    -67.486     47.119 0 1
2459914.04916 17.975 0.025     79.072     47.264 0 1
2459914.05161 18.057 0.030    -72.084     52.722 0 1
2459915.04058 18.031 0.029    -25.210     52.457 0 1
2459924.03891 18.059 0.030    -76.936     53.470 0 1
2460021.91844 17.966 0.020     96.646     38.033 0 1
2460046.82411 18.029 0.019    -21.699     34.013 0 1
2460055.77467 18.062 0.021    -81.550     37.491 0 1
2460059.81868 18.022 0.021     -9.408     38.717 0 1
2460061.78628 18.052 0.020    -63.802     35.958 0 1
2460063.76065 18.052 0.021    -64.187     37.013 0 1
