# Instrumental magnitude: -7.223 mag
# DoPHOT object type: 2
2458207.85688 18.893 0.097    164.252     84.125 0 1
2458207.86747 18.983 0.102     89.804     81.364 0 1
2458223.83743 19.089 0.035      9.226     24.956 0 1
2458229.79861 19.145 0.040    -30.423     27.699 0 1
2458243.75782 19.128 0.035    -18.124     24.342 0 1
2458246.80144 19.044 0.034     42.491     25.809 0 1
2458249.71647 19.101 0.037      0.379     26.594 0 1
2458267.66890 19.031 0.129     52.681     97.948 0 1
2458270.74218 19.111 0.080     -6.089     56.319 0 1
2458274.75797 19.055 0.029     34.528     21.436 0 1
2458277.71743 19.083 0.037     13.811     26.865 0 1
2458280.73610 19.089 0.030      9.308     21.401 0 1
2458283.73604 19.054 0.032     34.956     23.746 0 1
2458286.73938 19.145 0.035    -30.340     24.310 0 1
2458289.67717 19.299 0.097   -128.830     57.952 0 1
2458293.67667 18.989 0.087     85.377     68.728 0 1
2458299.67576 19.175 0.070    -50.256     47.009 0 1
2458302.69284 19.090 0.036      8.550     25.851 0 1
2458305.69435 19.009 0.049     69.526     38.219 0 1
2458338.67362 19.134 0.059    -22.459     40.582 0 1
2458472.01749 19.015 0.047     64.825     36.701 0 3
2458472.98239 18.992 0.137     82.624    107.909 0 1
2458472.98330 19.098 0.154      2.767    110.455 0 3
2458488.00103 19.043 0.037     43.186     28.163 0 1
2458492.02128 19.066 0.043     26.216     31.613 0 1
2458495.02311 19.079 0.035     16.432     25.691 0 1
2458502.95437 19.343 0.156   -154.313     89.156 0 1
2458539.90239 19.060 0.134     30.906     99.399 0 1
2458543.98729 19.190 0.038    -60.436     25.295 0 1
2458547.88073 19.061 0.035     29.571     25.633 0 1
2458568.73996 19.093 0.062      6.619     44.694 0 1
2458581.82213 19.098 0.041      3.035     29.032 0 1
2458587.88158 19.108 0.086     -4.576     61.207 0 1
2458597.79966 19.065 0.042     26.650     31.080 0 1
2458600.73932 19.061 0.038     29.543     28.188 0 1
2458606.90420 19.062 0.032     29.040     23.590 0 1
2458617.70158 19.111 0.083     -6.641     58.524 0 1
2458634.74157 19.121 0.035    -13.440     24.884 0 1
2458634.74252 19.032 0.035     51.234     26.406 0 3
2458635.71440 19.099 0.028      2.369     20.001 0 3
2458637.71635 19.091 0.031      7.607     22.016 0 1
2458640.69632 19.101 0.038      0.928     27.221 0 1
2458643.69710 19.079 0.046     16.726     33.487 0 1
2458649.71289 19.202 0.148    -68.385     96.153 0 1
2458652.67484 19.082 0.082     14.416     59.688 0 1
2458658.71192 19.078 0.032     17.185     23.572 0 1
2458667.69582 19.025 0.037     56.684     28.303 0 1
2458679.67096 18.960 0.089    108.514     72.405 0 1
2458683.67178 19.125 0.066    -16.395     46.040 0 1
2458686.67005 19.158 0.067    -39.036     45.230 0 1
2458692.69893 19.033 0.056     51.218     42.672 0 1
2458831.06394 19.181 0.119    -54.515     79.173 0 1
2458872.94142 19.139 0.043    -25.694     29.638 0 1
2458882.00342 19.195 0.040    -63.759     26.502 0 1
2458884.94094 19.138 0.082    -24.988     56.522 0 1
2458887.94368 19.286 0.114   -121.056     68.763 0 1
2458896.04538 19.140 0.051    -26.836     35.404 0 1
2458911.94258 19.094 0.043      5.457     31.233 0 1
2458915.98355 19.109 0.073     -5.290     51.508 0 1
2458937.89564 19.188 0.034    -59.027     22.672 0 1
2458944.94044 19.306 0.137   -132.557     81.210 0 1
2458956.86593 18.967 0.086    102.395     69.374 0 1
2458963.78080 19.086 0.038     11.542     27.394 0 1
2458963.86288 19.086 0.035     11.718     25.700 0 1
2458966.77761 19.060 0.093     30.273     69.221 0 1
2458972.76034 19.137 0.073    -24.313     50.338 0 1
2458986.72818 19.122 0.038    -13.901     26.298 0 1
2458992.69472 19.180 0.038    -53.589     25.226 0 1
2458995.80736 19.095 0.038      4.919     27.315 0 1
2458998.69482 19.105 0.043     -1.867     30.650 0 1
2459012.70089 19.165 0.035    -43.457     23.714 0 1
2459018.70616 19.121 0.031    -13.258     21.967 0 1
2459024.70313 19.114 0.031     -8.513     21.882 0 1
2459027.69608 19.052 0.058     36.646     43.558 0 1
2459033.69914 19.206 0.101    -70.796     65.408 0 1
2459039.67469 19.091 0.057      7.682     40.897 0 1
2459043.71034 19.093 0.049      6.336     35.076 0 1
2459218.97672 19.084 0.087     12.982     63.076 0 1
2459225.03748 19.179 0.048    -53.038     31.927 0 2
2459227.02649 19.094 0.043      5.873     31.224 0 2
2459231.94406 19.101 0.045      0.506     32.185 0 1
2459250.96479 18.974 0.051     97.319     40.805 0 1
2459252.98783 19.197 0.038    -64.708     24.548 0 1
2459255.02722 19.158 0.059    -39.069     40.285 0 1
2459256.99190 19.190 0.038    -60.397     24.936 0 1
2459265.92240 19.155 0.046    -36.838     31.108 0 1
2459269.96265 19.058 0.054     32.131     40.500 0 1
2459290.90553 19.114 0.034     -8.170     23.848 0 1
2459292.94275 19.151 0.037    -34.058     25.291 0 1
2459305.93934 19.317 0.112   -139.250     65.542 0 3
2459306.87527 18.979 0.056     92.941     44.637 0 3
2459308.86265 19.113 0.036     -7.811     25.726 0 3
2459309.84253 19.081 0.035     15.389     25.692 0 1
2459316.85378 19.144 0.030    -29.563     20.488 0 1
2459319.92003 19.211 0.047    -74.240     30.567 0 1
2459324.86901 19.088 0.046     10.293     33.080 0 1
2459334.72009 19.138 0.043    -25.493     29.719 0 1
2459336.78013 19.175 0.037    -50.461     24.548 0 1
2459338.80168 19.091 0.042      7.717     30.296 0 1
2459340.84286 19.162 0.036    -41.726     24.625 0 1
2459342.84369 19.098 0.032      3.091     22.746 0 1
2459344.77935 19.203 0.034    -68.841     22.341 0 1
2459346.86430 19.121 0.036    -13.257     25.255 0 1
2459348.77697 19.172 0.034    -48.243     23.051 0 1
2459356.71839 19.148 0.119    -32.057     81.708 0 1
2459362.73500 19.267 0.075   -109.539     46.103 0 1
2459366.73748 19.115 0.038     -9.349     26.851 0 1
2459368.69635 19.102 0.037     -0.007     26.126 0 1
2459370.71983 19.171 0.043    -48.039     28.796 0 1
2459374.72395 19.077 0.036     18.102     26.062 0 1
2459376.71657 19.152 0.041    -35.179     27.883 0 1
2459378.69506 19.077 0.036     18.284     26.304 0 1
2459382.71893 19.042 0.093     43.671     70.249 0 1
2459387.77760 19.285 0.229   -120.405    138.145 0 1
2459391.75214 19.107 0.093     -3.271     66.043 0 1
2459399.74262 19.017 0.047     63.221     36.017 0 1
2459401.71381 19.086 0.048     11.226     34.698 0 1
2459405.72612 19.000 0.053     76.660     41.883 0 1
2459407.73781 19.010 0.066     68.898     50.907 0 1
2459409.72792 19.045 0.060     42.047     45.500 0 1
2459419.69177 18.963 0.132    106.165    106.824 0 1
2459600.94124 19.305 0.112   -132.420     66.073 0 1
2459673.84165 19.061 0.039     29.996     29.079 0 1
2459675.86424 19.130 0.041    -19.848     28.524 0 1
2459677.82127 19.069 0.054     24.056     39.896 0 1
2459679.78046 19.115 0.055     -9.134     38.588 0 1
2459682.73570 19.123 0.110    -15.187     76.816 0 1
2459687.81866 19.150 0.174    -33.271    118.991 0 1
2459694.86221 19.072 0.050     21.552     36.898 0 1
2459696.72159 19.127 0.047    -17.389     33.127 0 1
2459699.90238 19.067 0.041     25.113     29.862 0 3
2459701.83740 19.038 0.036     46.841     27.406 0 1
2459711.73938 19.149 0.104    -32.781     70.959 0 1
2459715.75822 18.832 0.107    218.964     97.807 0 1
2459722.79864 19.154 0.042    -36.271     28.582 0 1
2459724.82357 19.180 0.050    -53.895     33.338 0 1
2459726.73686 19.179 0.039    -53.221     25.971 0 1
2459730.80367 19.183 0.043    -55.889     28.366 0 1
2459732.76083 19.091 0.038      8.038     27.575 0 1
2459734.69868 19.129 0.045    -18.732     31.108 0 1
2459736.75753 19.113 0.047     -8.089     32.988 0 1
2459742.79864 19.094 0.172      6.008    123.952 0 1
2459753.75219 19.181 0.047    -54.443     30.870 0 1
2459756.77056 18.982 0.041     90.328     32.723 0 1
2459758.71736 19.131 0.048    -20.464     33.307 0 1
2459760.71875 19.163 0.046    -42.177     31.127 0 1
2459762.71085 19.137 0.041    -24.731     28.310 0 1
2459764.73093 19.061 0.043     29.840     31.906 0 1
2459770.69253 19.311 0.103   -135.543     60.701 0 1
2459770.75449 19.265 0.139   -108.050     85.278 0 1
2459935.98635 19.158 0.067    -39.279     45.395 0 1
2459938.02678 19.078 0.051     17.567     37.013 0 1
2460036.99541 18.913 0.057    147.063     48.593 0 1
2460045.84352 19.073 0.053     20.648     38.482 0 1
2460051.84356 19.086 0.037     11.670     26.569 0 1
2460055.83106 19.185 0.046    -56.883     30.233 0 1
2460057.81796 19.116 0.039    -10.084     27.337 0 1
2460059.83695 19.146 0.042    -30.448     29.003 0 1
2460061.86242 19.194 0.050    -62.973     32.622 0 1
2460063.72018 19.034 0.066     50.065     50.409 0 1
2460065.83317 19.017 0.076     63.125     58.919 0 1
