# Instrumental magnitude: -5.450 mag
# DoPHOT object type: 1
2458202.88220 20.833 0.158      5.932     22.817 0 2
2458203.88626 20.781 0.215     13.661     32.651 0 2
2458203.91675 20.951 0.212    -10.199     27.512 0 2
2458203.91770 20.758 0.178     17.263     27.610 0 1
2458204.89288 20.683 0.264     29.246     43.868 0 2
2458204.90484 20.886 0.278     -1.482     38.357 0 2
2458204.94041 21.126 0.319    -31.211     35.325 0 2
2458204.96118 20.364 0.119     91.052     26.473 0 2
2458204.96429 21.012 0.200    -17.977     24.511 0 2
2458205.92514 19.861 0.462    233.787    163.966 0 2
2458205.96040 20.974 0.360    -13.173     45.801 0 2
2458205.96376 21.006 0.351    -17.243     43.322 0 2
2458205.98888 20.582 0.199     46.942     36.311 0 2
2458206.00808 21.279 0.220    -47.075     21.144 0 2
2458206.85008 20.829 0.314      6.529     45.710 0 2
2458206.88773 20.945 0.294     -9.417     38.416 0 2
2458206.90524 20.865 0.309      1.407     43.415 0 1
2458206.90619 20.739 0.281     20.147     44.371 0 2
2458206.93658 20.217 0.167    126.106     42.646 0 2
2458206.96212 20.380 0.199     87.390     43.714 0 2
2458207.00702 20.618 0.200     40.400     35.315 0 1
2458207.00798 20.896 0.270     -2.942     36.930 0 2
2458207.86871 20.331 0.228     98.366     52.517 0 2
2458207.88551 20.539 0.305     54.897     57.955 0 2
2458207.90610 20.640 0.339     36.651     58.647 0 2
2458207.94211 20.681 0.362     29.543     60.264 0 2
2458207.98279 20.825 0.381      7.125     55.599 0 2
2458207.98570 21.356 0.607    -54.196     54.293 0 2
2458208.86658    nan   nan   -156.956     88.870 0 2
2458208.88709 21.902 2.074    -92.576    112.296 0 2
2458208.90836 20.330 0.484     98.657    111.473 0 2
2458208.92548 19.682 0.268    302.878    112.004 0 2
2458208.94447    nan   nan   -170.279     94.094 0 2
2458208.98619 20.841 0.725      4.758    104.299 0 2
2458209.96420 22.622 2.697   -121.066     75.245 0 2
2458210.86237 21.063 0.593    -24.016     69.606 0 2
2458210.86328 20.963 0.523    -11.755     67.225 0 1
2458210.89065    nan   nan   -166.907     69.023 0 2
2458210.91894    nan   nan   -170.275     60.488 0 2
2458210.93878 21.070 0.548    -24.898     63.846 0 2
2458210.94460 21.537 0.824    -69.108     62.451 0 2
2458210.94552 20.894 0.448     -2.664     61.373 0 1
2458223.83120 20.894 0.110     -2.638     15.018 0 2
2458227.83564 20.804 0.119     10.232     17.669 0 2
2458227.84689 20.770 0.123     15.386     18.962 0 2
2458229.82428 20.747 0.115     18.874     18.053 0 2
2458229.82624 20.812 0.116      9.107     17.072 0 1
2458229.82719 20.719 0.106     23.363     17.126 0 3
2458229.85467 20.836 0.105      5.560     15.200 0 2
2458230.86344 20.988 0.124    -14.960     15.626 0 2
2458230.89268 20.702 0.113     26.197     18.501 0 3
2458230.89363 21.000 0.144    -16.402     17.851 0 2
2458230.91960 21.064 0.144    -24.167     16.815 0 2
2458231.88809 20.835 0.124      5.632     17.949 0 2
2458231.88901 20.963 0.150    -11.774     19.242 0 3
2458231.93979 20.797 0.124     11.264     18.644 0 2
2458231.97926 20.706 0.108     25.467     17.554 0 2
2458232.79144 20.922 0.244     -6.353     32.567 0 2
2458232.95525 21.049 0.142    -22.433     16.875 0 1
2458232.95621 21.032 0.138    -20.326     16.594 0 2
2458232.95716 20.908 0.121     -4.484     16.338 0 3
2458233.81431 20.859 0.208      2.233     29.362 0 2
2458234.82186 20.281 0.199    110.191     48.009 0 2
2458234.82282 21.272 0.523    -46.319     50.636 0 3
2458234.84504 20.860 0.334      2.111     47.152 0 2
2458234.86621 20.938 0.366     -8.550     48.081 0 2
2458234.89152    nan   nan   -185.827     56.798 0 2
2458234.89245 20.494 0.249     63.718     49.385 0 3
2458234.93887 20.796 0.251     11.351     37.688 0 2
2458235.80859 20.986 0.366    -14.766     46.097 0 2
2458235.87016 20.466 0.282     69.201     57.315 0 2
2458235.87115 21.099 0.505    -28.263     57.299 0 1
2458235.87210 21.706 0.899    -80.972     58.269 0 3
2458236.79915 20.775 0.426     14.531     65.029 0 2
2458236.91969 22.460 2.291   -116.209     74.152 0 2
2458236.97076 21.723 0.933    -82.016     59.611 0 2
2458236.97171 20.404 0.277     82.199     59.637 0 3
2458236.99020 20.662 0.334     32.759     56.684 0 2
2458237.80702 21.576 0.989    -71.964     72.327 0 2
2458237.92674 20.045 0.257    173.871     76.862 0 3
2458242.88470 20.566 0.172     49.855     31.907 0 1
2458242.88568 20.628 0.187     38.659     32.793 0 2
2458242.89948 20.976 0.248    -13.392     31.576 0 3
2458242.90665 20.737 0.202     20.477     31.924 0 2
2458242.93138 20.757 0.203     17.380     31.525 0 2
2458243.76014 20.541 0.091     54.606     17.279 0 3
2458243.76109 20.655 0.107     33.940     18.250 0 2
2458244.73717 20.994 0.152    -15.678     18.952 0 2
2458244.77226 20.630 0.114     38.257     19.990 0 2
2458244.79238 20.888 0.122     -1.792     16.795 0 3
2458244.79334 20.762 0.110     16.569     17.020 0 2
2458245.80170    nan   nan   -334.944     25.138 0 2
2458245.82512    nan   nan   -256.859     26.440 0 2
2458245.82608 20.665 0.137     32.253     23.174 0 1
2458245.82703 21.037 0.191    -21.024     22.913 0 3
2458246.85147 20.746 0.122     19.080     19.215 0 2
2458247.82568 21.082 0.135    -26.292     15.528 0 2
2458247.85259 20.941 0.120     -8.862     15.727 0 3
2458248.84865 20.847 0.127      3.900     18.189 0 2
2458254.90923 20.788 0.104     12.642     15.749 0 2
2458254.91014 20.636 0.089     37.296     15.466 0 1
2458254.91204 20.677 0.092     30.323     15.429 0 3
2458254.92847 20.711 0.095     24.706     15.476 0 2
2458255.85716 20.420 0.085     78.794     18.122 0 2
2458255.87545 20.737 0.113     20.545     17.848 0 3
2458255.87640 20.881 0.126     -0.783     17.492 0 2
2458258.79996 20.723 0.103     22.727     16.550 0 2
2458258.83122 20.850 0.108      3.463     15.429 0 2
2458259.89561 20.857 0.109      2.529     15.491 0 2
2458261.74062 21.064 0.296    -24.180     34.629 0 2
2458262.78877 20.756 0.261     17.545     40.533 0 2
2458266.90547 20.454 0.312     71.679     64.062 0 1
2458269.78419 20.438 0.294     74.990     61.319 0 2
2458269.81314 21.679 0.850    -79.149     56.533 0 2
2458270.78162 20.463 0.229     69.808     46.703 0 2
2458272.71581 20.894 0.107     -2.652     14.685 0 2
2458272.74983 20.769 0.109     15.471     16.778 0 1
2458272.75078 20.831 0.113      6.272     16.359 0 2
2458272.76511 20.611 0.097     41.632     17.322 0 2
2458273.76940 20.819 0.101      8.068     14.818 0 2
2458273.78388 20.761 0.103     16.793     15.948 0 2
2458274.75041 20.739 0.082     20.199     12.997 0 2
2458274.76908 20.637 0.077     37.106     13.333 0 2
2458274.78471 20.923 0.099     -6.495     13.250 0 2
2458277.83212 20.631 0.096     38.165     16.672 0 2
2458277.84575 20.623 0.091     39.563     16.038 0 2
2458277.86302 20.631 0.095     38.122     16.584 0 2
2458278.72779 20.359 0.079     92.152     17.747 0 2
2458278.84956 20.999 0.125    -16.357     15.505 0 2
2458278.85051 20.612 0.087     41.447     15.496 0 1
2458279.81075 20.827 0.135      6.840     19.646 0 2
2458279.82407 20.596 0.092     44.260     16.604 0 2
2458279.84633 20.652 0.098     34.533     16.749 0 2
2458280.75047 20.756 0.096     17.509     14.884 0 2
2458280.76581 20.567 0.085     49.579     15.654 0 2
2458280.78218 20.559 0.077     51.039     14.437 0 2
2458281.77164 20.466 0.080     69.222     16.227 0 2
2458281.77255 20.618 0.085     40.499     15.086 0 1
2458281.79037 21.026 0.141    -19.700     17.058 0 2
2458282.77126 20.614 0.094     41.151     16.701 0 2
2458282.78605 20.938 0.142     -8.565     18.703 0 2
2458283.76890 20.689 0.091     28.242     15.104 0 2
2458283.77995 20.656 0.089     33.760     15.171 0 2
2458283.80123 20.726 0.086     22.334     13.828 0 2
2458284.73235 20.481 0.084     66.168     16.854 0 2
2458284.74894 20.561 0.090     50.736     16.729 0 2
2458284.76854 20.598 0.093     44.003     16.726 0 1
2458284.76951 20.612 0.091     41.428     16.224 0 2
2458286.74827 20.612 0.078     41.492     13.873 0 2
2458286.76199 20.780 0.088     13.773     13.384 0 2
2458288.84347 20.648 0.102     35.182     17.554 0 2
2458288.86021 20.614 0.105     41.075     18.683 0 2
2458289.70389 20.768 0.190     15.747     29.209 0 2
2458289.86379 20.738 0.132     20.359     20.873 0 2
2458290.70810 20.527 0.187     57.181     35.983 0 2
2458290.70904 21.311 0.386    -50.038     36.032 0 1
2458290.72896 20.776 0.207     14.380     31.611 0 2
2458290.75136 20.507 0.175     61.028     34.152 0 2
2458292.72400 20.474 0.215     67.678     43.284 0 2
2458292.84216 21.318 0.478    -50.745     44.271 0 2
2458293.71991 20.599 0.291     43.772     52.256 0 1
2458294.69869 20.446 0.216     73.334     44.609 0 2
2458294.72687 20.754 0.284     17.797     44.288 0 2
2458295.70841 20.879 0.415     -0.579     57.674 0 2
2458295.72436 20.601 0.361     43.511     64.870 0 2
2458298.70455 20.836 0.321      5.530     46.436 0 2
2458298.72677 20.376 0.226     88.303     49.936 0 2
2458299.68410 20.502 0.126     62.123     24.792 0 2
2458299.68505 20.709 0.155     25.014     25.255 0 1
2458299.70762 20.533 0.172     56.038     32.888 0 2
2458299.72919 20.371 0.180     89.397     39.994 0 2
2458300.70609 20.495 0.094     63.368     18.512 0 2
2458300.72279 20.730 0.166     21.589     26.435 0 2
2458300.80418 20.512 0.215     60.081     41.844 0 2
2458303.71091 20.556 0.091     51.666     17.065 0 2
2458303.71988 20.560 0.081     50.988     15.125 0 2
2458304.70385 20.492 0.092     63.968     18.256 0 2
2458304.71580 20.693 0.111     27.691     18.250 0 2
2458304.80954 20.555 0.105     51.797     19.554 0 2
2458305.70131 20.734 0.146     20.926     23.115 0 2
2458305.70229 20.587 0.125     45.927     22.794 0 1
2458305.72985 20.461 0.100     70.320     20.488 0 2
2458305.80555 20.636 0.114     37.214     19.767 0 2
2458306.72381 20.388 0.090     85.721     19.636 0 2
2458306.80343 20.667 0.122     31.910     20.516 0 2
2458306.82145 20.751 0.154     18.301     23.988 0 2
2458307.72217 20.712 0.119     24.490     19.348 0 2
2458307.74798 20.614 0.106     41.127     18.710 0 2
2458307.82207 20.430 0.104     76.775     21.824 0 2
2458308.69774 20.459 0.110     70.605     22.566 0 1
2458308.69872 20.611 0.123     41.739     21.895 0 2
2458308.71444 20.556 0.100     51.743     18.619 0 2
2458308.88634 20.642 0.192     36.248     33.195 0 2
2458311.73776 20.911 1.649     -4.998    222.268 0 2
2458311.83057 20.590 0.131     45.409     23.829 0 2
2458312.83175 20.579 0.160     47.444     29.279 0 2
2458312.84587 20.532 0.159     56.248     30.429 0 2
2458313.73775 20.810 0.138      9.271     20.470 0 2
2458313.82184 20.335 0.115     97.612     26.417 0 2
2458313.85321 20.738 0.202     20.401     31.892 0 2
2458314.74362 20.596 0.134     44.419     24.191 0 1
2458314.74457 20.567 0.124     49.643     22.993 0 2
2458314.82064 20.817 0.183      8.332     26.877 0 2
2458314.84098 20.933 0.234     -7.914     30.979 0 2
2458315.67701 20.969 0.270    -12.524     34.577 0 2
2458315.88594 20.265 0.229    114.165     56.012 0 2
2458317.85435 20.459 0.156     70.665     31.927 0 2
2458320.69545 20.828 0.301      6.640     43.862 0 2
2458321.67699 20.129 0.283    149.632     78.545 0 2
2458324.75775 20.048 0.227    172.774     67.765 0 1
2458324.76960 20.546 0.357     53.519     67.330 0 2
2458324.77727 21.364 0.819    -54.892     72.806 0 2
2458325.68602 20.309 0.260    103.446     61.020 0 2
2458325.70645 20.831 0.399      6.277     57.992 0 2
2458326.67476 20.487 0.313     65.112     62.474 0 2
2458326.69362 20.510 0.350     60.435     68.352 0 2
2458327.67519 20.432 0.277     76.333     58.005 0 2
2458327.67616 20.517 0.315     59.094     60.967 0 1
2458327.69411 20.459 0.319     70.606     65.212 0 2
2458328.67748 20.765 0.298     16.183     45.988 0 2
2458329.67904 21.344 0.908    -53.089     82.211 0 2
2458330.67412 20.734 0.178     21.022     28.194 0 2
2458330.70201 20.550 0.132     52.781     24.882 0 2
2458331.74094 20.376 0.171     88.300     37.694 0 2
2458331.76525 20.527 0.351     57.240     67.456 0 2
2458331.78478 20.363 0.222     91.101     49.529 0 2
2458332.68405 20.915 0.176     -5.414     23.673 0 2
2458332.69500 20.420 0.101     78.699     21.484 0 2
2458332.71500 20.451 0.102     72.380     20.989 0 2
2458333.67924 20.911 0.157     -4.977     21.155 0 1
2458336.68673 20.636 0.136     37.338     23.559 0 1
2458343.68101 20.367 0.104     90.368     23.141 0 1
2458346.65749 20.221 0.115    125.024     29.326 0 1
2458350.73773 20.417 0.203     79.495     43.096 0 1
2458350.73866 20.413 0.204     80.233     43.490 0 2
2458350.75637 21.022 0.386    -19.172     46.960 0 2
2458350.77664 21.080 0.442    -25.986     51.056 0 2
2458351.74567 20.587 0.239     45.967     43.389 0 2
2458351.75621 20.637 0.274     37.153     47.498 0 2
2458351.78270 20.637 0.317     37.127     55.079 0 2
2458352.65308 20.073 0.184    165.578     53.755 0 2
2458352.67351 20.809 0.352      9.428     52.083 0 2
2458352.69238 20.373 0.208     88.972     46.061 0 2
2458359.63616 20.527 0.235     57.153     45.058 0 2
2458360.64084 20.537 0.159     55.302     30.282 0 2
2458362.69344 20.618 0.143     40.443     25.204 0 1
2458365.71717 20.683 0.149     29.256     24.775 0 1
2458369.74160 20.355 0.156     92.994     35.215 0 1
2458473.03498 20.322 0.128    100.623     29.634 0 1
2458488.01391 20.297 0.103    106.459     24.398 0 1
2458495.03664 20.245 0.065    119.001     16.161 0 1
2458512.01387 20.483 0.249     65.810     49.841 0 1
2458538.93668 19.314 0.495    485.929    290.508 0 2
2458538.95309 19.662 0.329    311.283    140.023 0 2
2458539.03898 19.837 0.186    242.398     67.472 0 2
2458539.03991 20.064 0.233    168.128     68.557 0 1
2458539.90409 20.333 0.237     97.917     54.500 0 2
2458539.96396 20.925 1.931     -6.759    257.193 0 2
2458540.92682 20.104 0.143    156.455     40.428 0 2
2458540.96700 20.143 0.083    145.759     22.759 0 2
2458540.99719 20.057 0.080    170.145     23.652 0 2
2458541.94494 20.207 0.074    128.799     19.033 0 2
2458541.98028 20.372 0.093     89.240     20.639 0 2
2458541.98121 20.307 0.104    103.992     24.480 0 1
2458543.99551 20.425 0.089     77.744     18.742 0 2
2458544.01629 20.171 0.077    138.148     20.601 0 2
2458547.88264 20.253 0.099    117.042     24.596 0 2
2458547.89501 20.405 0.113     81.982     24.308 0 1
2458556.97462 19.985 0.075    192.207     23.687 0 2
2458556.97555 19.914 0.068    215.502     22.948 0 1
2458558.92421 20.189 0.106    133.347     27.813 0 2
2458558.98057 20.171 0.069    138.137     18.427 0 2
2458561.00017 20.292 0.130    107.516     30.939 0 2
2458561.02272 20.447 0.106     73.166     21.959 0 2
2458561.02837 20.544 0.102     53.964     19.378 0 2
2458561.02931 20.233 0.078    122.052     19.646 0 1
2458562.04441 20.116 0.230    153.262     64.543 0 2
2458568.89255 20.228 0.380    123.211     96.169 0 2
2458568.90686 20.316 0.133    101.936     31.071 0 2
2458568.92820 20.484 0.163     65.555     32.604 0 2
2458569.90683 20.229 0.152    123.053     38.330 0 2
2458569.93330 19.624 0.333    327.525    146.712 0 2
2458572.88804 20.256 0.122    116.262     30.127 0 1
2458572.88897 20.143 0.110    145.644     30.215 0 2
2458573.00228 20.148 0.088    144.338     24.019 0 2
2458573.01492 20.141 0.079    146.283     21.572 0 2
2458573.88457 20.321 0.085    100.661     19.802 0 2
2458574.86748 20.432 0.110     76.184     22.971 0 2
2458574.89784 20.071 0.069    166.033     20.218 0 2
2458574.90657 20.397 0.099     83.668     21.428 0 2
2458575.82398 20.297 0.081    106.405     19.343 0 2
2458575.85476 20.297 0.123    106.447     29.194 0 2
2458575.99045 20.047 0.120    173.129     35.791 0 1
2458575.99184 20.473 0.144     67.888     29.015 0 2
2458580.91600 20.150 0.074    143.793     20.133 0 2
2458580.91693 20.434 0.095     75.805     19.828 0 1
2458580.92988 20.180 0.080    135.636     21.204 0 2
2458580.95752 20.119 0.155    152.378     43.444 0 2
2458581.82493 20.377 0.097     88.090     21.431 0 2
2458582.83951 20.345 0.082     95.192     18.552 0 2
2458582.86520 20.236 0.100    121.341     25.172 0 2
2458582.88574 20.324 0.088     99.993     20.331 0 2
2458583.87467 20.168 0.094    138.837     25.228 0 2
2458583.91528 20.199 0.089    130.866     23.091 0 2
2458584.96665 20.358 0.080     92.293     18.053 0 2
2458585.00324 20.446 0.105     73.378     21.743 0 2
2458585.78308 20.471 0.132     68.138     26.737 0 2
2458586.91874 20.418 0.095     79.147     20.180 0 2
2458586.93645 20.351 0.090     93.936     20.360 0 2
2458586.93735 20.425 0.095     77.639     19.935 0 1
2458586.94616 20.307 0.081    103.930     18.989 0 2
2458587.86385 20.865 0.515      1.465     72.449 0 2
2458587.94712 20.349 0.094     94.357     21.256 0 2
2458587.98163 20.267 0.138    113.547     33.578 0 2
2458588.83433 20.589 0.978     45.584    177.381 0 2
2458588.96886 20.285 0.079    109.372     19.078 0 2
2458588.98854 20.232 0.100    122.277     25.262 0 2
2458589.90910 20.877 0.719     -0.261    100.074 0 2
2458589.91001 20.441 0.456     74.378     94.803 0 1
2458591.73191 21.645 1.502    -76.898    102.979 0 2
2458591.74450 20.080 0.359    163.444    104.181 0 2
2458591.77096 19.986 0.225    191.974     71.151 0 2
2458592.93317 20.028 0.238    178.936     72.370 0 2
2458592.93970 20.320 0.293    101.002     68.155 0 1
2458592.94559 21.692 1.143    -80.063     75.047 0 2
2458592.97664 20.161 0.259    140.854     69.584 0 2
2458594.77491 20.240 0.284    120.237     71.013 0 2
2458594.78042 20.275 0.325    111.695     78.729 0 2
2458596.94790 20.208 0.149    128.302     38.286 0 2
2458596.96177 20.207 0.155    128.669     39.940 0 1
2458596.96877 20.208 0.153    128.525     39.515 0 2
2458596.98949 20.124 0.141    150.833     39.172 0 2
2458597.79314 20.175 0.087    137.040     22.979 0 2
2458597.80433 20.339 0.108     96.609     24.667 0 2
2458597.97157 20.468 0.164     68.784     33.294 0 2
2458598.76119 20.264 0.076    114.462     18.509 0 2
2458598.78124 20.461 0.081     70.179     16.599 0 2
2458598.93440 20.445 0.130     73.547     26.887 0 2
2458598.93485 20.164 0.092    140.079     24.686 0 2
2458599.70126 20.355 0.100     92.883     22.566 0 2
2458606.91708 20.305 0.069    104.522     16.311 0 2
2458606.92421 20.204 0.066    129.479     17.036 0 2
2458606.95990 20.347 0.076     94.817     17.169 0 2
2458606.96083 20.132 0.063    148.760     17.458 0 1
2458607.81589 20.361 0.075     91.575     16.893 0 2
2458607.90835 20.314 0.074    102.373     17.298 0 2
2458608.80246 20.345 0.087     95.333     19.737 0 2
2458608.82709 20.363 0.088     91.140     19.562 0 2
2458612.78341 20.177 0.060    136.515     16.017 0 2
2458612.80325 20.439 0.073     74.815     15.192 0 2
2458616.74109 20.098 0.142    158.383     40.501 0 2
2458616.75816 20.322 0.157    100.496     36.309 0 2
2458616.78454 20.471 0.160     68.169     32.431 0 1
2458616.78824 20.383 0.153     86.671     33.442 0 2
2458617.88883 20.251 0.126    117.429     31.137 0 2
2458617.91466 20.342 0.120     95.932     27.245 0 2
2458617.92875 20.273 0.095    112.219     23.007 0 2
2458618.91748 18.791 0.510    880.420    484.898 0 2
2458618.92672 20.002 0.140    186.867     43.487 0 2
2458619.76811 20.158 0.280    141.487     75.590 0 2
2458628.72173 20.272 0.087    112.497     21.066 0 2
2458632.69381 20.298 0.095    106.079     22.547 0 2
2458632.85127 20.363 0.091     91.215     20.282 0 1
2458632.85267 20.305 0.087    104.405     20.393 0 2
2458633.71563 20.378 0.081     87.842     17.877 0 2
2458633.73588 20.353 0.076     93.436     17.115 0 2
2458633.77023 20.483 0.093     65.911     18.659 0 2
2458634.74847 20.336 0.075     97.268     17.204 0 2
2458635.71134 20.246 0.065    118.875     16.064 0 2
2458635.72597 20.383 0.075     86.712     16.399 0 2
2458635.72690 20.427 0.076     77.213     15.992 0 1
2458635.93604 20.402 0.087     82.606     18.755 0 2
2458636.73634 20.400 0.080     83.002     17.192 0 2
2458636.77293 20.360 0.073     91.930     16.278 0 2
2458636.78863 20.478 0.078     66.887     15.607 0 2
2458637.73272 20.287 0.069    108.818     16.582 0 2
2458637.75151 20.222 0.069    124.884     17.589 0 2
2458637.76324 20.285 0.068    109.282     16.298 0 2
2458638.82968 20.352 0.077     93.691     17.281 0 2
2458638.83154 20.362 0.073     91.514     16.277 0 1
2458638.84573 20.274 0.078    111.966     18.817 0 2
2458638.86401 20.492 0.088     63.974     17.526 0 2
2458639.71666 20.292 0.075    107.609     17.799 0 2
2458639.75205 20.424 0.081     78.027     17.161 0 2
2458639.77007 20.278 0.076    110.835     18.377 0 2
2458640.82653 20.441 0.080     74.368     16.613 0 2
2458640.84352 20.075 0.064    164.768     18.594 0 2
2458640.86484 20.318 0.073    101.359     17.092 0 2
2458641.70474 20.366 0.081     90.464     18.127 0 2
2458641.72413 20.243 0.107    119.448     26.617 0 2
2458641.73116 20.371 0.098     89.502     21.765 0 1
2458641.74653 20.568 0.101     49.499     18.622 0 2
2458642.80636 20.176 0.059    136.870     15.730 0 2
2458642.89363 20.394 0.069     84.403     15.029 0 2
2458643.70752 20.397 0.109     83.754     23.633 0 2
2458643.83233 20.263 0.081    114.477     19.810 0 2
2458643.85233 20.322 0.083    100.437     19.144 0 2
2458644.68884 20.160 0.120    140.994     32.274 0 2
2458644.70876 20.042 0.101    174.671     30.230 0 1
2458644.70969 20.309 0.124    103.512     29.119 0 2
2458644.72506 20.370 0.116     89.686     25.859 0 2
2458645.71959 20.297 0.135    106.412     31.986 0 2
2458645.74411 20.475 0.175     67.420     35.311 0 2
2458646.68001 19.704 0.445    293.664    182.489 0 2
2458646.70561 20.318 0.157    101.411     36.571 0 2
2458646.82453 20.193 0.152    132.197     39.627 0 2
2458647.72549 20.234 0.163    121.894     40.956 0 1
2458647.72642 20.337 0.184     97.051     42.162 0 2
2458647.84618 20.381 0.197     87.245     43.387 0 2
2458648.82498 20.191 0.187    132.781     48.918 0 2
2458648.84380 20.536 0.266     55.489     50.664 0 2
2458648.86624 19.977 0.166    194.808     53.045 0 2
2458649.70731 19.939 0.167    207.145     55.251 0 2
2458649.84524 20.316 0.255    102.029     59.569 0 2
2458650.69845 20.406 0.284     81.806     61.054 0 2
2458650.69938 20.571 0.294     48.983     54.245 0 1
2458650.72342 20.247 0.222    118.665     55.239 0 2
2458651.69074 20.810 0.460      9.370     68.052 0 2
2458651.70902 20.849 0.498      3.644     71.129 0 2
2458651.72427 20.182 0.245    135.287     64.561 0 2
2458652.68257 20.348 0.202     94.525     45.706 0 2
2458652.70700 19.912 0.148    216.121     50.069 0 2
2458652.72593 20.209 0.207    128.108     53.391 0 2
2458653.76998 20.273 0.180    112.248     43.704 0 2
2458653.79238 20.154 0.180    142.807     48.760 0 1
2458653.79334 20.508 0.254     60.853     49.652 0 2
2458653.80532 20.604 0.255     42.867     45.560 0 2
2458654.75279 20.261 0.135    114.977     33.001 0 2
2458654.76356 20.187 0.137    133.935     36.020 0 2
2458654.79351 20.102 0.130    157.244     36.827 0 2
2458655.74713 20.327 0.098     99.321     22.678 0 2
2458655.78352 20.187 0.140    133.885     36.715 0 2
2458657.70889 20.191 0.078    132.699     20.310 0 2
2458657.72843 20.379 0.090     87.540     19.819 0 1
2458657.72936 20.270 0.077    112.940     18.630 0 2
2458658.72655 20.396 0.075     83.876     16.357 0 2
2458660.68254 20.414 0.169     80.159     36.055 0 2
2458660.70083 20.334 0.067     97.850     15.337 0 1
2458662.72035 20.455 0.089     71.493     18.193 0 2
2458663.72402 20.286 0.080    109.025     19.084 0 2
2458663.72771 20.336 0.083     97.222     18.897 0 1
2458665.70552 20.568 0.098     49.518     18.161 0 2
2458665.72912 20.481 0.082     66.274     16.431 0 2
2458666.72670 20.451 0.090     72.370     18.455 0 2
2458666.72811 20.472 0.090     68.114     18.288 0 1
2458666.75213 20.512 0.092     60.012     17.958 0 2
2458667.82988 20.308 0.096    103.883     22.673 0 2
2458667.85617 20.181 0.082    135.482     21.656 0 2
2458668.70378 20.343 0.075     95.596     16.952 0 2
2458669.71082 20.356 0.088     92.695     19.777 0 2
2458670.78772 20.557 0.093     51.490     17.439 0 2
2458671.78923 20.235 0.076    121.519     19.117 0 2
2458672.67888 20.382 0.141     87.073     31.042 0 2
2458672.80562 20.183 0.069    134.930     18.099 0 2
2458675.80634 20.403 0.177     82.440     38.131 0 1
2458678.75772 20.337 0.188     97.101     43.017 0 1
2458680.68381 20.858 0.483      2.434     68.414 0 2
2458680.69565 20.270 0.233    112.825     56.697 0 2
2458680.71455 20.450 0.233     72.425     47.997 0 2
2458681.67479 20.115 0.183    153.511     51.369 0 1
2458681.67572 21.162 0.529    -35.129     56.599 0 2
2458681.70937 20.860 0.393      2.100     55.481 0 2
2458681.71474 20.433 0.261     76.055     54.726 0 2
2458682.67868 20.247 0.126    118.464     31.258 0 2
2458682.70671 20.431 0.205     76.440     43.045 0 2
2458682.71581 20.347 0.165     94.879     37.529 0 2
2458683.68414 20.356 0.097     92.726     21.830 0 2
2458683.69741 20.294 0.116    107.210     27.547 0 2
2458684.70208 20.362 0.087     91.434     19.449 0 2
2458684.70301 20.398 0.087     83.465     18.726 0 1
2458684.72748 20.603 0.182     43.151     32.621 0 2
2458685.67820 20.325 0.095     99.754     22.049 0 2
2458685.69736 20.277 0.077    111.188     18.666 0 2
2458691.71788 20.177 0.082    136.501     21.694 0 1
2458694.72414 20.273 0.083    112.115     20.241 0 1
2458697.70071 20.302 0.083    105.135     19.554 0 1
2458708.67881 20.410 0.190     80.865     40.603 0 1
2458709.67266 20.184 0.187    134.595     49.222 0 2
2458711.65822 20.094 0.141    159.445     40.498 0 2
2458711.72390 20.335 0.251     97.432     57.595 0 2
2458712.65233 20.383 0.135     86.693     29.636 0 2
2458712.67643 20.406 0.187     81.716     40.096 0 2
2458712.69331 20.360 0.211     91.972     47.216 0 2
2458714.65914 20.116 0.071    153.221     19.778 0 1
2458718.67881 20.495 0.099     63.363     19.616 0 1
2458721.65741 21.012 1.259    -17.943    154.719 0 1
2458724.76468 20.279 0.150    110.802     36.267 0 1
2458725.67455 20.372 0.129     89.184     28.550 0 2
2458725.70712 20.155 0.102    142.475     27.477 0 2
2458728.63688 20.205 0.123    129.199     31.730 0 2
2458729.63630 20.232 0.130    122.406     32.691 0 2
2458732.63035 20.277 0.179    111.282     43.297 0 1
2458732.64108 20.373 0.157     88.879     34.818 0 2
2458732.66286 20.275 0.147    111.599     35.486 0 2
2458732.67061 20.160 0.144    140.963     38.712 0 2
2458733.65215 20.396 0.181     83.977     39.199 0 2
2458733.68506 20.655 0.269     34.018     45.903 0 2
2458733.69917 20.405 0.246     82.066     52.870 0 2
2458734.66345 20.192 0.168    132.488     43.963 0 2
2458734.67146 20.487 0.224     64.924     44.719 0 2
2458734.70540 20.363 0.267     91.132     59.701 0 2
2458735.63220 20.334 0.202     97.792     46.436 0 1
2458738.63585 20.220 0.246    125.382     62.643 0 1
2458745.63428 20.418 0.130     79.300     27.715 0 1
2458749.63242 20.348 0.138     94.513     31.248 0 1
2458758.63139 20.295 0.145    106.817     34.468 0 1
2458772.61657 20.393 0.290     84.559     62.997 0 1
2458775.61432 20.492 0.215     64.034     42.630 0 1
2458778.61614 20.242 0.203    119.720     50.607 0 1
2458854.03595 20.439 0.119     74.735     24.713 0 1
2458857.04958 20.634 0.127     37.673     22.107 0 1
2458864.96992 20.321 0.174    100.736     40.292 0 1
2458872.95114 20.468 0.207     68.863     42.029 0 1
2458882.00914 20.294 0.080    107.204     19.132 0 1
2458887.96546 20.324 0.258    100.134     59.715 0 1
2458894.00032 20.288 0.145    108.452     34.713 0 1
2458899.05136 20.160 0.060    141.172     16.285 0 1
2458904.03875 20.509 0.089     60.695     17.374 0 1
2458907.03291 20.373 0.147     89.065     32.463 0 1
2458914.99874 20.172 0.084    137.961     22.457 0 1
2458936.97758 20.281 0.074    110.251     17.721 0 1
2458939.95181 20.275 0.241    111.566     58.318 0 1
2458940.87795 20.173 0.135    137.689     36.064 0 1
2458940.98070 20.205 0.107    129.289     27.709 0 1
2458942.00389 20.491 0.096     64.270     19.121 0 1
2458943.96229 20.197 0.130    131.159     33.813 0 1
2458945.00313 20.406 0.151     81.728     32.402 0 1
2458955.91552 20.221 0.077    125.020     19.692 0 1
2458956.86988 20.436 0.138     75.333     28.746 0 1
2458956.87779 19.788 0.060    260.464     22.653 0 2
2458956.88971 19.946 0.074    204.802     24.260 0 2
2458962.85742 20.290 0.081    107.980     19.416 0 2
2458962.87028 20.143 0.075    145.699     20.431 0 1
2458962.87120 20.254 0.077    116.824     19.000 0 2
2458963.80531 20.239 0.075    120.458     18.737 0 2
2458963.82932 20.082 0.066    162.796     19.079 0 2
2458963.84337 19.929 0.066    210.432     21.954 0 2
2458963.87214 20.167 0.071    139.172     18.968 0 2
2458963.89373 20.210 0.071    127.921     18.317 0 1
2458963.89464 20.085 0.060    162.094     17.189 0 2
2458963.93200 20.179 0.068    135.885     18.095 0 1
2458963.93293 20.193 0.076    132.312     19.967 0 2
2458964.85821 20.166 0.068    139.334     18.225 0 2
2458964.86927 20.269 0.071    113.011     17.187 0 2
2458964.87020 20.287 0.075    108.795     17.928 0 1
2458965.91189 20.030 0.056    178.373     17.086 0 1
2458965.91285 20.212 0.067    127.287     17.198 0 2
2458965.92389 20.048 0.059    172.798     17.609 0 2
2458966.90789 20.243 0.069    119.572     17.303 0 2
2458966.91765 20.124 0.064    150.952     17.863 0 1
2458966.92746 20.244 0.065    119.210     16.199 0 2
2458967.77479 20.407 0.095     81.583     20.434 0 2
2458967.79327 20.092 0.063    160.033     17.934 0 2
2458967.92943 20.175 0.067    137.178     17.723 0 1
2458968.94602 20.215 0.062    126.611     15.777 0 1
2458968.96060 20.074 0.062    165.153     18.093 0 2
2458968.96439 20.140 0.064    146.566     17.476 0 2
2458969.89619    nan   nan   -206.071    278.274 0 2
2458969.89713 20.504 0.824     61.571    161.660 0 1
2458970.78455 20.075 0.090    164.827     26.112 0 2
2458970.81378 20.099 0.088    157.889     24.953 0 2
2458970.81472 20.151 0.082    143.522     22.380 0 1
2458971.81531 20.114 0.109    153.776     30.662 0 2
2458971.92695 20.128 0.065    149.938     18.166 0 1
2458972.76213 19.976 0.116    195.120     37.142 0 2
2458972.78906 20.076 0.130    164.502     37.933 0 2
2458972.95508 20.176 0.067    136.760     17.749 0 1
2458973.76101 20.040 0.150    175.218     45.249 0 2
2458973.94954 20.154 0.139    142.624     37.510 0 2
2458974.71921 20.077 0.213    164.339     61.914 0 2
2458974.94951 20.062 0.161    168.566     47.360 0 2
2458974.97195 20.191 0.196    132.831     51.375 0 1
2458975.69989 19.819 0.185    248.786     68.331 0 2
2458975.80177 19.974 0.193    195.747     61.859 0 1
2458975.92848 19.789 0.156    260.267     59.047 0 2
2458976.71957 20.234 0.325    121.877     81.837 0 2
2458976.94989 20.269 0.287    113.085     69.968 0 2
2458976.97974 19.985 0.233    192.252     73.753 0 1
2458977.70119    nan   nan   -258.957    210.197 0 2
2458977.86128 19.904 0.333    218.934    113.738 0 1
2458977.92892 20.078 0.305    164.043     88.597 0 2
2458978.71896 19.757 0.118    272.496     46.235 0 2
2458978.88830 20.205 0.244    129.276     62.989 0 1
2458978.94857 20.404 0.372     82.122     80.046 0 2
2458979.70944 20.064 0.072    168.015     21.034 0 2
2458979.76530 19.953 0.110    202.358     35.891 0 1
2458979.92885 19.894 0.140    222.084     48.078 0 2
2458980.71924 20.170 0.062    138.500     16.483 0 2
2458980.90959 20.055 0.129    170.857     38.148 0 1
2458980.94873 19.976 0.147    195.216     46.851 0 2
2458981.69809 19.929 0.062    210.475     20.704 0 2
2458981.92859 20.076 0.111    164.487     32.430 0 2
2458985.81102 20.280 0.078    110.478     18.789 0 1
2458986.71909 20.160 0.075    141.137     20.208 0 2
2458986.94837 20.013 0.066    183.579     20.379 0 2
2458987.69949 20.241 0.065    119.936     16.221 0 2
2458987.92710 20.127 0.053    149.968     14.650 0 2
2458991.70099 20.033 0.065    177.196     19.757 0 2
2458991.83628 20.142 0.064    145.823     17.392 0 1
2458991.92715 20.074 0.065    165.077     19.007 0 2
2458992.71871 20.087 0.059    161.382     17.053 0 2
2458992.94919 20.120 0.069    151.964     19.151 0 2
2458994.72055 20.196 0.073    131.443     18.970 0 2
2458994.77000 20.040 0.058    175.223     17.574 0 1
2458995.69822 20.117 0.071    152.954     19.772 0 2
2458995.92844 20.263 0.070    114.657     17.223 0 2
2458996.71869 20.250 0.077    117.744     19.107 0 2
2458996.94763 20.145 0.069    145.021     18.801 0 2
2458997.70073 20.076 0.071    164.481     20.734 0 2
2458997.92742 20.235 0.073    121.597     18.310 0 2
2458998.72220 19.970 0.067    196.875     21.587 0 2
2458998.86915 20.123 0.056    151.248     15.635 0 1
2458998.94736 20.060 0.065    169.247     19.153 0 2
2458999.69971 19.962 0.114    199.629     36.893 0 2
2458999.74620 20.088 0.146    161.097     42.122 0 1
2458999.92728 20.036 0.070    176.506     20.991 0 2
2459000.73055 20.107 0.141    155.703     39.926 0 2
2459000.78366 19.864 0.093    232.792     32.860 0 1
2459001.69777 19.942 0.125    206.062     41.299 0 2
2459001.86523 19.913 0.102    215.679     34.370 0 1
2459001.92705 19.943 0.083    205.814     27.364 0 2
2459002.92661 19.559 0.138    357.309     64.482 0 2
2459004.71743 20.536 0.297     55.459     56.514 0 2
2459004.88577 20.171 0.233    138.100     62.084 0 2
2459005.69691 20.003 0.200    186.527     62.109 0 2
2459009.69817 19.954 0.075    202.102     24.425 0 2
2459009.88619 20.055 0.163    170.705     48.219 0 2
2459010.88608 19.861 0.103    233.705     36.506 0 2
2459011.69836 19.949 0.059    203.723     19.313 0 2
2459011.88575 19.906 0.105    218.275     35.864 0 2
2459012.71691 20.008 0.059    184.966     18.183 0 2
2459012.80299 20.167 0.062    139.291     16.679 0 1
2459012.88565 20.051 0.086    171.809     25.653 0 2
2459013.70960 20.046 0.061    173.441     18.219 0 2
2459013.88547 20.131 0.088    148.997     24.278 0 2
2459014.71685 20.029 0.056    178.479     16.933 0 2
2459014.88464 20.125 0.078    150.524     21.796 0 2
2459015.69776 20.018 0.061    181.927     18.756 0 2
2459015.88560 20.146 0.087    144.833     23.853 0 2
2459016.70745 20.028 0.062    178.981     18.946 0 1
2459016.72053 20.024 0.060    180.111     18.249 0 2
2459016.88429 20.068 0.090    166.794     26.366 0 2
2459017.69827 20.021 0.055    180.878     16.923 0 2
2459017.88701 20.140 0.082    146.492     22.580 0 2
2459018.72316 20.116 0.055    153.222     15.317 0 2
2459018.88411 20.150 0.068    143.706     18.483 0 2
2459019.69755 20.040 0.056    175.330     16.913 0 2
2459019.76368 20.118 0.057    152.508     15.820 0 1
2459019.88454 19.980 0.061    193.759     19.378 0 2
2459020.71689 20.095 0.053    159.051     15.289 0 2
2459020.88326 20.141 0.067    146.135     18.347 0 2
2459021.69612 20.091 0.054    160.345     15.466 0 2
2459022.70871 20.083 0.055    162.599     15.798 0 1
2459022.71672 19.982 0.053    193.265     16.735 0 2
2459022.88331 20.005 0.066    186.051     20.610 0 2
2459023.73228 20.071 0.058    165.903     16.852 0 2
2459023.82533 20.133 0.067    148.410     18.375 0 2
2459024.77902 19.960 0.058    200.115     18.834 0 2
2459025.72554 20.113 0.094    153.961     26.436 0 2
2459025.74107 19.955 0.059    201.848     19.250 0 1
2459026.87495 19.879 0.063    227.276     21.997 0 2
2459027.71086 20.237 0.116    121.094     29.006 0 2
2459028.85338 20.023 0.081    180.419     24.900 0 1
2459030.85006 20.004 0.141    186.212     43.869 0 2
2459031.68756 19.955 0.138    201.836     44.994 0 2
2459031.70611 19.727 0.112    284.386     45.038 0 1
2459031.82323 19.972 0.135    196.293     43.354 0 2
2459032.88823 20.086 0.203    161.633     58.487 0 2
2459033.73016 19.824 0.136    247.156     49.841 0 1
2459033.74756 19.873 0.144    229.553     50.513 0 2
2459034.73402 20.126 0.175    150.354     48.521 0 2
2459035.72235 19.907 0.190    217.716     64.642 0 2
2459035.73078 20.232 0.246    122.365     61.998 0 1
2459036.70876 19.919 0.126    213.869     42.474 0 2
2459036.73311 19.765 0.119    269.256     46.055 0 2
2459037.72413 19.803 0.117    254.973     43.654 0 1
2459037.76921 19.869 0.109    230.797     38.297 0 1
2459037.83990 20.590 0.258     45.505     46.692 0 2
2459038.73881 19.761 0.066    270.992     25.804 0 2
2459038.77758 19.803 0.094    254.992     35.009 0 2
2459039.68838 19.879 0.054    227.365     18.863 0 2
2459040.72843 20.041 0.056    174.941     16.977 0 2
2459040.73696 20.019 0.055    181.736     16.833 0 1
2459040.73789 19.978 0.053    194.511     16.919 0 2
2459041.70884 19.872 0.066    229.822     23.156 0 2
2459041.88187 19.895 0.141    221.736     48.299 0 2
2459042.70371 19.921 0.049    212.925     16.562 0 2
2459042.81887 19.867 0.071    231.508     25.105 0 2
2459043.69845 19.859 0.056    234.429     19.908 0 2
2459043.71821 19.867 0.056    231.712     19.716 0 1
2459043.72009 19.914 0.054    215.577     18.413 0 2
2459044.70110 19.972 0.055    196.299     17.663 0 1
2459044.70206 19.909 0.054    217.258     18.494 0 2
2459045.75072 20.012 0.059    183.731     18.328 0 2
2459045.75166 20.042 0.058    174.672     17.533 0 1
2459045.78745 19.918 0.059    214.029     19.999 0 2
2459046.71576 19.966 0.058    198.397     18.700 0 2
2459046.71669 20.016 0.061    182.490     18.674 0 1
2459046.85291 19.915 0.074    215.066     24.968 0 2
2459047.74548 19.949 0.055    203.802     18.028 0 2
2459047.74641 20.007 0.058    185.402     18.013 0 1
2459048.86320 20.098 0.084    158.338     23.965 0 2
2459049.70268 19.961 0.054    199.739     17.423 0 2
2459049.70362 20.014 0.056    183.274     17.376 0 1
2459049.80229 19.957 0.071    201.266     23.153 0 2
2459050.70559 19.944 0.059    205.537     19.390 0 1
2459050.70652 20.090 0.065    160.405     18.722 0 2
2459050.89345 19.884 0.140    225.849     48.647 0 2
2459051.68215 19.968 0.062    197.531     20.060 0 2
2459051.80120 19.994 0.066    189.350     20.770 0 1
2459051.80400 19.863 0.062    233.219     21.881 0 2
2459052.77985 19.904 0.052    218.834     17.795 0 2
2459052.78651 19.972 0.060    196.279     19.130 0 1
2459052.82128 19.875 0.060    228.922     20.889 0 2
2459053.70623 19.899 0.048    220.647     16.564 0 2
2459053.70716 19.828 0.047    245.749     17.232 0 1
2459053.86323 19.916 0.076    214.639     25.757 0 2
2459054.76346 19.901 0.060    219.906     20.498 0 2
2459054.76439 19.838 0.058    242.180     20.935 0 1
2459055.81359 20.057 0.081    170.244     23.927 0 2
2459056.76644 20.034 0.076    177.032     22.989 0 1
2459056.76737 19.764 0.066    269.883     25.509 0 2
2459057.76678 19.872 0.080    229.990     28.075 0 1
2459059.78580 19.816 0.121    249.955     44.756 0 2
2459059.79441 19.914 0.125    215.325     42.202 0 2
2459060.71501 20.045 0.119    173.833     35.507 0 2
2459060.83610 20.180 0.201    135.761     53.188 0 2
2459061.67210 20.049 0.130    172.593     38.664 0 2
2459062.68589 19.848 0.111    238.417     39.831 0 2
2459062.69756 19.959 0.140    200.529     45.363 0 1
2459062.84357 19.992 0.258    189.988     81.118 0 2
2459063.73920 19.661 0.123    311.601     52.543 0 2
2459063.74014 19.819 0.152    248.906     56.035 0 1
2459064.70202 20.355 0.344     92.921     77.489 0 1
2459065.70574 19.738 0.134    279.821     53.144 0 2
2459065.70667 20.149 0.206    144.091     56.184 0 1
2459065.76508 19.982 0.243    193.029     76.996 0 2
2459066.69778 19.802 0.096    255.107     36.034 0 1
2459066.69966 19.767 0.108    268.493     41.701 0 2
2459066.81835 19.647 0.224    317.613     96.578 0 2
2459067.71379 19.813 0.086    251.114     31.962 0 2
2459067.71472 19.782 0.089    262.964     34.009 0 1
2459067.81682 19.700 0.162    295.319     66.605 0 2
2459068.68351 19.859 0.054    234.483     19.314 0 1
2459068.72632 19.881 0.096    226.867     33.387 0 2
2459069.68596 19.836 0.051    242.582     18.614 0 1
2459069.79806 20.101 0.166    157.516     47.346 0 2
2459070.71976 20.011 0.057    184.206     17.600 0 1
2459070.72069 19.833 0.057    244.006     20.900 0 2
2459070.82159 19.727 0.119    284.263     47.697 0 2
2459071.71566 19.911 0.056    216.492     19.115 0 2
2459072.71536 19.914 0.062    215.417     21.079 0 1
2459072.73988 20.086 0.077    161.541     22.259 0 2
2459073.73761 19.996 0.075    188.686     23.458 0 2
2459073.73855 19.948 0.066    203.994     21.740 0 1
2459073.81951 20.087 0.158    161.276     45.515 0 2
2459074.69826 19.827 0.062    245.958     22.592 0 2
2459074.72700 19.819 0.061    248.943     22.456 0 2
2459075.68410 19.829 0.198    245.208     72.294 0 2
2459075.70694 19.819 0.071    248.979     26.213 0 2
2459076.68380 19.864 0.062    232.873     21.803 0 2
2459077.72419 20.053 0.115    171.287     34.299 0 2
2459077.74358 19.928 0.087    210.683     28.917 0 2
2459078.70622 19.888 0.066    224.481     22.952 0 2
2459078.72123 20.008 0.079    184.903     24.467 0 2
2459079.66615 19.932 0.069    209.522     23.063 0 2
2459079.66709 20.021 0.071    180.865     21.813 0 1
2459079.68193 20.050 0.078    172.189     23.107 0 2
2459080.70350 19.599 0.379    338.855    171.102 0 2
2459081.71626 19.792 0.089    259.054     33.597 0 2
2459081.74741 19.883 0.104    226.182     36.251 0 2
2459082.69713 19.874 0.240    229.088     84.139 0 2
2459082.78535 19.870 0.169    230.461     59.582 0 2
2459083.64514 20.112 0.389    154.253    109.509 0 2
2459084.67261 19.885 0.089    225.338     30.890 0 2
2459085.74962 19.991 0.089    190.187     28.055 0 2
2459085.76199 19.840 0.082    241.392     29.793 0 2
2459086.69381 20.019 0.101    181.581     30.913 0 2
2459086.78487 19.959 0.139    200.374     45.162 0 2
2459087.68262 20.121 0.149    151.873     41.629 0 2
2459088.75932 20.327 0.396     99.475     91.582 0 2
2459088.77432 20.593 0.573     44.899    103.556 0 2
2459089.74208 20.342 0.406     95.945     92.524 0 2
2459090.73912 19.602 0.153    337.512     68.693 0 2
2459090.75072 19.707 0.178    292.421     72.943 0 2
2459091.71411 19.714 0.131    289.431     53.043 0 2
2459091.75100 20.089 0.228    160.883     65.599 0 2
2459092.75391 20.482 0.397     65.989     79.482 0 2
2459093.65402 19.536 0.124    367.939     59.483 0 2
2459093.66398 20.175 0.227    136.966     60.289 0 1
2459094.68463 19.807 0.224    253.292     83.640 0 1
2459094.68556 20.127 0.285    150.131     79.174 0 2
2459095.68181 19.848 0.181    238.234     64.803 0 1
2459095.68274 19.745 0.160    277.259     63.012 0 2
2459097.70727 19.808 0.164    252.990     61.255 0 2
2459109.69674 19.898 0.202    220.890     69.167 0 2
2459109.71226 19.973 0.193    195.939     61.641 0 2
2459111.61737 19.980 0.133    193.876     42.223 0 2
2459111.65648 19.793 0.091    258.598     34.317 0 2
2459128.65054 19.854 0.116    236.333     41.256 0 1
2459218.04940 19.611 0.170    333.580     75.863 0 1
2459222.01544 19.869 0.093    230.912     32.620 0 1
2459225.04735 19.738 0.065    279.775     25.662 0 1
2459225.04829 19.767 0.065    268.469     24.980 0 2
2459227.97832 19.613 0.071    332.608     31.523 0 1
2459230.99693 19.651 0.058    315.833     24.983 0 2
2459232.05412 19.724 0.052    285.376     20.968 0 1
2459233.03026 19.805 0.052    254.010     19.286 0 2
2459248.99467 19.530 0.074    371.001     35.400 0 1
2459250.98858 19.688 0.070    300.361     29.048 0 1
2459253.04234 19.685 0.043    301.630     18.024 0 1
2459257.02014 19.742 0.043    278.505     17.213 0 1
2459264.99278 19.618 0.042    330.185     18.826 0 1
2459269.01344 19.638 0.045    321.783     19.432 0 1
2459270.93865 19.715 0.131    289.153     53.322 0 1
2459272.93070 19.758 0.230    272.161     89.792 0 1
2459275.96038 19.672 0.110    306.831     46.273 0 3
2459276.95739 19.681 0.101    303.142     42.273 0 1
2459291.99752 19.611 0.043    333.360     18.993 0 1
2459292.96082 19.645 0.043    318.729     18.485 0 3
2459295.82761 19.743 0.109    278.079     42.977 0 1
2459300.89076 19.205 0.124    553.117     80.585 0 1
2459300.89171 19.709 0.198    291.613     80.740 0 3
2459301.97725 19.489 0.141    391.050     70.668 0 3
2459302.89092 19.567 0.151    353.424     70.084 0 1
2459302.89760 19.505 0.135    383.239     66.561 0 3
2459303.87662 19.495 0.131    388.126     65.247 0 3
2459305.91274 19.530 0.075    370.864     35.996 0 3
2459306.85155 19.628 0.067    326.153     29.561 0 3
2459307.89203 19.549 0.053    362.162     25.171 0 1
2459307.89297 19.661 0.057    311.530     24.478 0 3
2459308.87519 19.579 0.042    347.997     19.378 0 3
2459309.87086 19.574 0.048    350.497     22.115 0 3
2459309.87180 19.808 0.064    252.926     23.840 0 1
2459310.89462 19.629 0.045    325.476     19.862 0 3
2459311.87544 19.640 0.039    320.552     17.155 0 1
2459313.97273 19.694 0.056    297.677     23.343 0 1
2459315.82866 19.460 0.041    405.695     21.021 0 1
2459317.97715 19.606 0.039    335.590     17.518 0 1
2459322.85293 19.548 0.042    362.432     19.959 0 1
2459324.89578 19.654 0.043    314.496     18.489 0 1
2459328.83230 19.519 0.112    376.359     54.327 0 1
2459329.84463 19.561 0.119    356.457     55.451 0 3
2459334.72688 19.552 0.047    360.702     22.207 0 1
2459336.79103 19.703 0.050    294.059     20.447 0 1
2459339.87311 19.626 0.045    326.783     19.651 0 1
2459341.82956 19.720 0.042    287.255     16.915 0 1
2459343.78788 19.661 0.048    311.560     20.307 0 1
2459344.81017 19.687 0.039    300.671     16.061 0 2
2459345.89323 19.729 0.043    283.413     17.285 0 1
2459348.86733 19.741 0.043    278.849     17.036 0 2
2459348.89285 19.669 0.040    308.447     17.009 0 2
2459349.74288 19.695 0.045    297.499     18.724 0 2
2459349.87286 19.657 0.037    313.277     15.972 0 1
2459349.92006 19.764 0.040    269.703     15.574 0 2
2459353.85038 19.691 0.052    299.220     21.590 0 2
2459354.87883 19.590 0.053    343.105     24.313 0 2
2459356.93377 19.675 0.058    305.650     24.440 0 2
2459358.77390 19.675 0.137    305.710     57.689 0 2
2459358.93048 19.493 0.132    389.050     65.840 0 1
2459358.93142 19.592 0.142    341.862     64.691 0 2
2459361.81037 19.631 0.113    324.448     49.453 0 1
2459363.78567 19.746 0.076    276.612     29.921 0 1
2459365.80525 19.753 0.049    273.952     19.066 0 1
2459365.80808 19.808 0.051    252.942     19.055 0 3
2459367.78948 19.727 0.046    284.487     18.642 0 1
2459369.86425 19.670 0.048    307.900     20.152 0 1
2459371.87388 19.731 0.045    282.657     18.170 0 1
2459376.85183 19.754 0.050    273.619     19.567 0 1
2459378.72635 19.805 0.052    254.015     19.517 0 1
2459382.80832 19.680 0.069    303.520     28.827 0 1
2459386.80049 19.657 0.109    313.440     46.601 0 1
2459390.74046 19.733 0.132    282.113     52.552 0 1
2459392.72994 19.834 0.074    243.544     26.782 0 1
2459394.72185 19.914 0.068    215.303     23.113 0 1
2459395.77885 19.708 0.098    292.013     39.906 0 3
2459396.78979 19.708 0.057    292.032     23.163 0 1
2459399.76219 19.933 0.062    208.960     20.616 0 1
2459401.75653 19.751 0.059    274.881     23.196 0 1
2459403.76224 19.902 0.058    219.547     19.913 0 1
2459405.72205 19.750 0.056    275.090     21.810 0 1
2459407.76535 19.873 0.068    229.637     23.963 0 1
2459408.69712 19.962 0.075    199.656     24.269 0 2
2459409.74294 19.808 0.065    252.918     24.255 0 1
2459410.70072 19.732 0.070    282.458     27.829 0 2
2459411.69874 19.774 0.089    265.877     34.327 0 1
2459414.73773 19.721 0.118    286.589     47.778 0 1
2459415.77503 19.663 0.117    310.708     49.752 0 2
2459419.68834 19.940 0.197    206.637     65.046 0 1
2459423.72629 19.825 0.060    246.864     22.099 0 1
2459424.74486 19.895 0.062    221.869     21.425 0 3
2459424.74674 19.747 0.056    276.264     22.178 0 2
2459425.74479 19.875 0.065    228.945     22.653 0 3
2459425.74574 19.754 0.061    273.491     23.823 0 1
2459427.76187 19.826 0.068    246.499     25.067 0 3
2459427.76328 19.777 0.064    264.809     24.451 0 1
2459428.73622 19.754 0.061    273.627     23.830 0 2
2459428.73765 19.822 0.062    247.987     22.638 0 3
2459429.77775 19.902 0.086    219.486     29.465 0 3
2459429.78247 19.578 0.067    348.592     30.648 0 1
2459430.69710    nan   nan        nan        nan 1 3
2459430.69804 19.934 0.066    208.569     21.984 0 2
2459434.72560 19.837 0.058    242.403     21.011 0 1
2459434.72748 19.847 0.061    238.726     21.956 0 3
2459436.76468 19.866 0.082    232.162     29.018 0 1
2459439.68213 19.911 0.096    216.575     32.561 0 1
2459440.70254 19.974 0.109    195.660     34.917 0 3
2459441.72045 19.835 0.107    243.087     38.969 0 3
2459441.72140 19.983 0.117    192.870     37.143 0 1
2459447.68761 19.683 0.187    302.518     78.290 0 1
2459448.68346 20.050 0.221    172.109     65.759 0 3
2459449.69522 19.989 0.200    191.043     62.984 0 3
2459450.69881 20.224 0.280    124.390     71.186 0 1
2459450.70314 19.454 0.158    409.076     81.787 0 3
2459451.71470 19.899 0.176    220.561     60.344 0 3
2459452.78202 19.539 0.158    366.767     75.368 0 1
2459453.67390 19.904 0.065    218.707     22.118 0 3
2459454.69704 19.955 0.075    201.959     24.500 0 3
2459454.69799 19.706 0.064    293.053     26.228 0 1
2459455.69927 19.804 0.067    254.515     24.949 0 3
2459457.72490 19.809 0.088    252.481     32.581 0 1
2459459.68277 19.927 0.060    211.060     20.191 0 3
2459460.76047 19.996 0.133    188.615     41.586 0 1
2459461.69558 19.791 0.091    259.526     34.561 0 3
2459462.67633 19.849 0.073    238.116     26.177 0 1
2459463.69937 19.873 0.082    229.628     28.705 0 3
2459465.72696 19.870 0.133    230.643     46.868 0 3
2459466.71978 19.870 0.100    230.639     35.267 0 1
2459467.68428 19.825 0.147    246.710     53.784 0 3
2459468.65339 19.836 0.072    242.593     26.190 0 1
2459470.69784 19.943 0.111    205.891     36.448 0 3
2459470.70023 19.631 0.088    324.842     38.568 0 1
2459473.68004 19.608 0.104    334.727     46.717 0 1
2459476.65865 19.390 0.141    442.892     77.123 0 1
2459478.66204 20.349 0.423     94.399     95.723 0 1
2459479.65442 19.609 0.171    334.291     76.481 0 3
2459480.65728 19.893 0.167    222.707     57.677 0 1
2459487.68200 19.999 0.199    187.855     62.024 0 1
2459488.64105 19.835 0.093    243.261     33.907 0 3
2459490.67997 20.009 0.160    184.554     49.516 0 3
2459491.63675 19.905 0.093    218.599     31.586 0 1
2459600.94690 19.635 0.137    323.083     59.786 0 3
2459600.95170 19.651 0.117    315.807     50.326 0 1
2459637.99359 19.979 0.086    194.036     27.390 0 1
2459640.97193 19.956 0.064    201.653     20.812 0 3
2459641.93542 19.849 0.054    237.997     19.393 0 3
2459641.93829 19.811 0.053    251.766     19.585 0 1
2459670.91430 19.877 0.051    227.964     17.838 0 3
2459673.85231 19.884 0.060    225.642     20.703 0 1
2459675.89012 19.971 0.061    196.637     19.617 0 1
2459679.80131 19.849 0.091    238.152     32.608 0 1
2459683.81160 19.994 0.191    189.481     59.847 0 1
2459688.90684 20.234 0.422    121.680    106.085 0 1
2459694.89310 20.023 0.084    180.259     25.744 0 3
2459697.93447 19.996 0.052    188.654     16.248 0 1
2459700.84988 19.953 0.065    202.510     21.230 0 1
2459702.80841 20.047 0.060    173.196     17.839 0 1
2459710.70033 19.989 0.173    190.834     54.469 0 2
2459710.85415 20.279 0.179    110.590     43.271 0 2
2459710.93379 19.981 0.080    193.508     25.437 0 2
2459711.72003 19.948 0.168    204.098     55.095 0 2
2459711.75133 19.961 0.135    200.005     43.650 0 1
2459712.76714 19.745 0.121    277.252     47.902 0 2
2459712.95446 19.865 0.120    232.178     42.548 0 2
2459713.93603 19.858 0.153    234.789     54.338 0 1
2459713.95975 19.823 0.197    247.645     72.529 0 2
2459714.75177 19.888 0.190    224.240     65.752 0 2
2459714.95127 19.585 0.155    345.213     70.686 0 2
2459715.73258 19.787 0.102    261.073     38.890 0 2
2459715.78749 20.090 0.290    160.437     83.335 0 1
2459722.81355 19.873 0.062    229.432     21.717 0 2
2459722.84754 20.139 0.078    146.743     21.293 0 2
2459722.88617 19.889 0.086    224.096     29.843 0 2
2459722.93624 19.806 0.064    253.919     23.839 0 2
2459722.95233 19.885 0.070    225.277     24.237 0 2
2459723.77355 19.978 0.064    194.407     20.451 0 2
2459723.86524 20.072 0.092    165.838     26.940 0 1
2459723.88741 19.982 0.065    193.191     20.477 0 2
2459724.85232 19.877 0.060    228.050     20.843 0 2
2459724.86538 19.962 0.068    199.408     21.817 0 2
2459725.78140 19.961 0.062    199.777     20.164 0 2
2459725.84672 20.074 0.062    165.053     18.143 0 2
2459726.78295 19.856 0.049    235.613     17.412 0 2
2459726.82935 20.026 0.064    179.566     19.473 0 2
2459727.78815 20.134 0.097    148.218     26.727 0 2
2459727.85720 20.114 0.132    153.716     36.973 0 1
2459727.87291 19.927 0.118    211.141     39.315 0 2
2459729.90965 19.975 0.070    195.496     22.376 0 2
2459730.71368 20.001 0.067    187.316     20.828 0 2
2459730.86679 19.854 0.053    236.310     18.797 0 2
2459730.86772 19.958 0.055    200.712     17.915 0 1
2459732.78391 19.907 0.063    217.861     21.284 0 1
2459734.82965 19.982 0.054    193.162     17.220 0 1
2459736.80818 20.025 0.064    179.671     19.578 0 1
2459738.71132 19.940 0.118    206.832     38.915 0 2
2459738.88753 19.889 0.058    223.849     19.970 0 1
2459738.88846 20.059 0.068    169.441     20.072 0 2
2459742.84586 19.785 0.158    261.533     59.898 0 1
2459747.79398 19.909 0.109    217.012     36.831 0 1
2459749.80588 19.950 0.073    203.530     23.764 0 1
2459751.83152 19.879 0.070    227.432     24.596 0 1
2459753.78615 19.904 0.055    218.765     18.858 0 1
2459756.79014 19.998 0.066    188.192     20.792 0 1
2459760.74348 19.975 0.063    195.307     20.247 0 1
2459760.74494 19.929 0.060    210.237     20.134 0 3
2459762.83243 19.872 0.065    229.964     22.655 0 1
2459764.83215 19.838 0.065    242.066     23.476 0 1
2459766.80080 20.064 0.073    168.070     21.600 0 1
2459768.72052 19.823 0.093    247.461     34.298 0 2
2459769.71664 19.845 0.100    239.521     35.961 0 2
2459769.77176 19.789 0.098    260.110     37.305 0 1
2459769.82174 19.880 0.100    227.213     34.783 0 1
2459770.73783 20.207 0.143    128.785     36.851 0 2
2459771.69597 19.909 0.139    217.068     47.331 0 2
2459771.76576 19.789 0.119    260.075     45.038 0 1
2459771.84801 19.822 0.137    247.868     50.390 0 1
2459781.80243 20.005 0.080    186.026     24.870 0 2
2459782.78991 20.017 0.080    182.369     24.674 0 1
2459785.71756 20.003 0.063    186.594     19.699 0 3
2459786.72332 19.959 0.075    200.472     24.262 0 1
2459786.72428 19.964 0.077    198.887     24.702 0 3
2459787.72420 19.956 0.064    201.585     20.814 0 3
2459789.69866 19.952 0.068    202.894     22.241 0 3
2459791.74196 19.894 0.079    222.222     27.226 0 3
2459792.76633 19.684 0.106    302.102     44.408 0 1
2459794.80374 19.997 0.112    188.351     35.009 0 1
2459797.74513 20.045 0.109    173.595     32.657 0 1
2459807.69739 19.717 0.060    288.439     24.302 0 1
2459809.74147 19.982 0.086    193.065     27.349 0 1
2459812.71951 19.839 0.083    241.543     29.918 0 1
2459816.69807 19.916 0.078    214.805     26.411 0 1
2459823.74614 19.798 0.104    256.766     39.241 0 1
2459825.71816 19.826 0.125    246.341     45.796 0 1
2459828.71252 19.826 0.168    246.461     61.603 0 1
2459838.64488 20.060 0.098    169.396     28.921 0 1
2459839.63954 20.029 0.096    178.466     29.116 0 2
2459840.63966 19.919 0.071    213.610     23.981 0 1
2459840.66005 19.989 0.070    191.008     22.131 0 1
2459855.67092 19.729 0.166    283.568     66.436 0 1
2459864.65048 20.006 0.274    185.672     84.952 0 1
2459929.03784 20.330 0.254     98.768     58.617 0 1
2459935.99572 20.120 0.120    152.101     33.676 0 1
2459938.03797 19.989 0.096    191.072     30.406 0 1
2459970.01134 20.117 0.089    152.956     25.027 0 1
2460032.82676 20.130 0.120    149.205     33.218 0 1
2460042.88996 19.942 0.204    206.236     67.298 0 1
2460044.84852 19.923 0.108    212.559     36.308 0 1
2460046.81210 20.149 0.068    144.169     18.615 0 1
2460050.97180 19.980 0.063    193.941     20.081 0 1
2460053.97373 19.948 0.070    204.056     22.866 0 1
2460056.92995 20.047 0.064    173.034     19.130 0 1
2460060.94150 19.967 0.063    198.035     20.381 0 1
2460062.94186 20.074 0.065    165.128     18.902 0 1
2460064.97923 19.975 0.061    195.248     19.470 0 1
2460075.96863 19.953 0.099    202.389     32.378 0 2
2460077.89682 20.216 0.081    126.314     20.651 0 2
2460077.90569 20.054 0.073    170.981     21.670 0 2
2460079.84967 20.069 0.067    166.489     19.671 0 2
2460081.80995 19.969 0.065    197.274     20.982 0 2
2460081.86327 20.072 0.070    165.852     20.360 0 2
2460082.90356 20.050 0.071    172.137     21.276 0 2
2460083.82872 20.099 0.069    158.048     19.714 0 2
2460084.86373 19.987 0.070    191.625     22.206 0 2
2460085.84338 20.002 0.063    186.750     19.768 0 2
2460085.86516 19.994 0.063    189.239     19.873 0 2
2460086.79727 20.061 0.069    169.006     20.301 0 2
2460086.87167 20.143 0.067    145.601     18.340 0 2
2460087.76429 20.211 0.072    127.519     18.508 0 2
2460087.93978 20.108 0.062    155.320     17.394 0 2
2460088.82821 20.134 0.059    148.169     16.284 0 2
2460101.93194 19.667 0.171    309.270     72.529 0 2
2460103.74862 20.077 0.076    164.309     22.025 0 2
2460103.83213 20.185 0.101    134.407     26.691 0 2
2460104.81594 20.102 0.061    157.138     17.393 0 2
2460109.78265 20.020 0.060    181.378     18.492 0 2
2460109.80332 20.070 0.062    166.469     18.014 0 2
2460110.76829 20.045 0.064    173.750     19.265 0 2
2460110.80345 20.029 0.064    178.479     19.590 0 2
2460111.78849 20.069 0.059    166.599     17.308 0 2
