jd mag magerr filt field flux fluxerr adjflux
2458207 18.785 0.096 zg 424 111.17989227730843 9.830444643779106 -5.699450526102822
2458207 18.588 0.085 zg 425 133.2988028066995 10.435682432726413 5.701790126800191
2458207 18.663 0.085 zg 425 124.40168101044252 9.739145512093545 -3.195331669456806
2458207 18.795 0.097 zg 424 110.16058889809378 9.841780237489212 -6.71875390531747
2458223 18.596 0.02 zg 425 132.32023055143526 2.4374287229541616 4.723217871535937
2458230 18.751 0.03 zg 424 114.71659527963192 3.1697366665189386 -2.1627475237793305
2458246 18.664 0.024 zg 425 124.28715557695428 2.747344816148417 -3.3098571029450454
2458246 18.704 0.025 zg 424 119.7915678087366 2.7583027830278235 2.9122250053253538
2458249 18.628 0.024 zg 425 128.4772549594256 2.8399661957603404 0.8802422795262856
2458267 18.631 0.082 zg 425 128.1227491783379 9.676443860471757 0.525736498438576
2458270 18.612 0.05 zg 425 130.38458496634777 6.0044320339945605 2.7875722864484516
2458270 18.709 0.053 zg 424 119.24117554984926 5.820734609793983 2.3618327464380116
2458273 18.727 0.025 zg 424 117.28061884602714 2.700486046519787 0.40127604261589056
2458274 18.669 0.02 zg 425 123.71610796851239 2.2789349277723083 -3.8809047113869326
2458277 18.637 0.023 zg 425 127.41666946799026 2.6991670581866845 -0.18034321190906155
2458279 18.694 0.023 zg 424 120.89998553861838 2.5611190408886495 4.020642735207133
2458280 18.644 0.022 zg 425 126.59782631642834 2.5652199555985833 -0.999186363470983
2458283 18.709 0.024 zg 424 119.24117554984926 2.635804351604823 2.3618327464380116
2458286 18.738 0.029 zg 424 116.09840382937078 3.10098686614378 -0.7809389740404669
2458286 18.674 0.025 zg 425 123.14768408550395 2.8355802161202153 -4.449328594395368
2458289 18.783 0.046 zg 424 111.38488195188998 4.719106305318751 -5.494460851521268
2458293 18.796 0.066 zg 424 110.05917395663684 6.69030419111447 -6.820168846774408
2458293 18.641 0.067 zg 425 126.94811275338117 7.8338766978589645 -0.6488999265181548
2458299 18.569 0.044 zg 425 135.65201489917027 5.4973654092092685 8.055002219270946
2458299 18.71 0.05 zg 424 119.13140092937329 5.48620375774944 2.252058125962037
2458302 18.59 0.025 zg 425 133.05348335462827 3.063669673432985 5.456470674728948
2458302 18.752 0.03 zg 424 114.6109860330693 3.16681857519713 -2.2683567703419527
2458305 18.701 0.037 zg 424 120.12302185250377 4.093583495756003 3.2436790490925205
2458338 18.629 0.045 zg 425 128.35897751174087 5.320034427068865 0.7619648318415528
2458469 18.693 0.028 zg 425 121.01138983609542 3.120757049973747 -6.585622843803904
2458472 18.678 0.083 zg 425 122.6948259586371 9.379507204363243 -4.902186721262225
2458472 18.649 0.033 zg 425 126.01616214030003 3.830150760751597 -1.5808505395992967
2458472 18.923 0.094 zg 424 97.90981927026166 8.476757955635158 -18.969523533149584
2458472 18.558 0.081 zg 425 137.03334180603414 10.223202134777718 9.436329126134822
2458487 18.734 0.027 zg 424 116.52691501783846 2.8977818844887158 -0.352427785572786
2458488 18.586 0.024 zg 425 133.54457457036844 2.951978367897236 5.947561890469117
2458495 18.629 0.022 zg 425 128.35897751174087 2.600905719900334 0.7619648318415528
2458495 18.748 0.021 zg 424 115.03400726520127 2.2249549586562583 -1.84533553820998
2458502 18.628 0.071 zg 425 128.4772549594256 8.401566662457673 0.8802422795262856
2458503 18.713 0.081 zg 424 118.80268305357613 8.86312649902229 1.923340250164884
2458511 18.674 0.043 zg 424 123.14768408550395 4.87719797172677 6.268341282092706
2458539 18.752 0.087 zg 425 114.6109860330693 9.183773868071677 -12.986026646830027
2458543 18.607 0.024 zg 425 130.98641286608796 2.8954306718420892 3.389400186188638
2458547 18.684 0.025 zg 425 122.01865933147964 2.809583460437839 -5.578353348419682
2458547 18.717 0.026 zg 424 118.36580305121258 2.8344922697103088 1.4864602478013325
2458560 18.595 0.082 zg 425 132.44215812868828 10.002666318907355 4.845145448788955
2458561 18.835 0.113 zg 424 106.17597283949135 11.050460395704778 -10.703369963919897
2458573 18.781 0.029 zg 424 111.59024957940798 2.9805741243783475 -5.289093224003267
2458581 18.64 0.028 zg 425 127.0650901479964 3.276875643044877 -0.5319225319029215
2458581 18.751 0.031 zg 424 114.71659527963192 3.2753945554029036 -2.1627475237793305
2458584 18.711 0.036 zg 425 119.02172736851284 3.9464302346084033 -8.57528531138648
2458584 18.795 0.039 zg 424 110.16058889809378 3.95700442538226 -6.71875390531747
2458587 18.704 0.043 zg 424 119.7915678087366 4.744280786807856 2.9122250053253538
2458587 18.583 0.075 zg 425 133.91408212481687 9.250457077277511 6.31706944491755
2458597 18.698 0.03 zg 425 120.45539300408697 3.3283055076233996 -7.1416196758123505
2458600 18.627 0.025 zg 425 128.59564139484826 2.961024068997857 0.9986287149489357
2458600 18.765 0.027 zg 424 113.24688079845079 2.816214259189534 -3.632462004960459
2458606 18.615 0.024 zg 425 130.02481631196721 2.8741747560885584 2.427803632067892
2458617 18.681 0.057 zg 425 122.35627556599685 6.423574784277821 -5.240737113902469
2458617 18.849 0.076 zg 424 104.81567824170179 7.336949354234648 -12.063664561709459
2458634 18.718 0.024 zg 424 118.25683430742619 2.6140456686810856 1.377491504014941
2458634 18.655 0.024 zg 425 125.32169175284923 2.770213048885493 -2.275320927050089
2458634 18.606 0.024 zg 425 131.10711138593786 2.8980986905225965 3.5100987060385336
2458635 18.678 0.02 zg 425 122.6948259586371 2.2601222179188536 -4.902186721262225
2458637 18.655 0.023 zg 425 125.32169175284923 2.6547875051819307 -2.275320927050089
2458637 18.767 0.029 zg 424 113.03846435238137 3.0192559222516935 -3.84087845102988
2458640 18.622 0.024 zg 425 129.18921190624252 2.8557038737052447 1.5921992263431974
2458640 18.739 0.026 zg 424 115.99152247601747 2.777635645896401 -0.8878203273937828
2458643 18.777 0.04 zg 424 112.00212148196168 4.126310644929171 -4.877221321449568
2458643 18.584 0.032 zg 425 133.79079947959087 3.9432281659067074 6.193786799691551
2458649 18.509 0.077 zg 425 143.35942450555493 10.166996033246239 15.762411825655605
2458651 18.682 0.094 zg 424 122.2436331532471 10.583511414694941 5.364290349835855
2458652 18.64 0.056 zg 425 127.0650901479964 6.553751286089754 -0.5319225319029215
2458654 18.652 0.048 zg 424 125.66844722373132 5.555756030151797 8.789104420320072
2458658 18.664 0.023 zg 425 124.28715557695428 2.632872115475566 -3.3098571029450454
2458658 18.725 0.024 zg 424 117.49685683114772 2.5972465057253418 0.6175140277364761
2458662 18.757 0.032 zg 424 114.08439638531719 3.3624195898887064 -2.7949464180940566
2458667 18.724 0.028 zg 424 117.60512528736614 3.032913053479527 0.7257824839548874
2458667 18.683 0.022 zg 425 122.13109444023019 2.4747116895522736 -5.465918239669136
2458672 18.713 0.057 zg 424 118.80268305357613 6.237014943756425 1.923340250164884
2458676 18.72 0.074 zg 424 118.03919768065134 8.045140790265977 1.1598548772400932
2458679 18.553 0.068 zg 425 137.66585897295838 8.622056047441646 10.068846293059053
2458683 18.639 0.048 zg 425 127.18217533240534 5.622677395487071 -0.41483734749398593
2458686 18.639 0.047 zg 425 127.18217533240534 5.50553828308109 -0.41483734749398593
2458692 18.602 0.041 zg 425 131.591018677197 4.969192094839445 3.994005997297691
2458831 18.571 0.063 zg 425 135.40236466025738 7.856741753855882 7.805351980358054
2458836 18.847 0.103 zg 424 105.00893379658413 9.961830630357987 -11.870409006827117
2458857 18.789 0.033 zg 424 110.77104400593532 3.3667887615575953 -6.108298797475925
2458872 18.715 0.03 zg 425 118.58404186177495 3.276598164694859 -9.012970818124373
2458873 18.752 0.03 zg 424 114.6109860330693 3.16681857519713 -2.2683567703419527
2458877 18.793 0.028 zg 424 110.3636992160428 2.846164256572435 -6.515643587368444
2458882 18.693 0.024 zg 425 121.01138983609542 2.6749346142632118 -6.585622843803904
2458884 18.592 0.045 zg 425 132.80861538173212 5.504456483984811 5.211602701832803
2458887 18.633 0.062 zg 425 127.88695559306566 7.302870818917216 0.28994291316634246
2458894 18.764 0.049 zg 424 113.35123307889681 5.115616847375243 -3.5281097245144366
2458896 18.647 0.033 zg 425 126.24850642072785 3.83721266144213 -1.3485062591714723
2458898 18.762 0.02 zg 424 113.56022619722376 2.091856671990075 -3.3191166061874924
2458915 18.58 0.05 zg 425 134.28461207821482 6.184034919795714 6.687599398315498
2458937 18.646 0.02 zg 425 126.36483915726762 2.327726359376918 -1.2321735226316974
2458937 18.795 0.023 zg 424 110.16058889809378 2.3336179944562048 -6.71875390531747
2458940 18.697 0.158 zg 424 120.56638762807485 17.545227986092165 3.6870448246636016
2458944 18.403 0.071 zg 425 158.06155453628148 10.336185090720083 30.464541856382155
2458955 18.737 0.026 zg 424 116.20538366943656 2.782756955294143 -0.6739591339746909
2458956 18.636 0.061 zg 425 127.53407861808878 7.165256865903704 -0.0629340618105374
2458963 18.734 0.025 zg 424 116.52691501783846 2.683131374526589 -0.352427785572786
2458963 18.627 0.028 zg 425 128.59564139484826 3.3163469572775996 0.9986287149489357
2458963 18.711 0.024 zg 424 119.02172736851284 2.630953489738936 2.142384565101594
2458963 18.644 0.023 zg 425 126.59782631642834 2.6818208626712465 -0.999186363470983
2458966 18.632 0.069 zg 425 128.00479809222603 8.134877541760877 0.40778541232670307
2458966 18.674 0.037 zg 424 123.14768408550395 4.196658719857918 6.268341282092706
2458972 18.749 0.058 zg 424 114.92810580598568 6.139456442121799 -1.9512369974255677
2458972 18.625 0.044 zg 425 128.83274163071118 5.22101096648435 1.2357289508118612
2458977 18.543 0.14 zg 425 138.9396654826842 17.915542543696453 11.342652802784883
2458980 18.806 0.023 zg 424 109.05014538474559 2.310094600196088 -7.829197418665657
2458986 18.609 0.021 zg 425 130.74534907289132 2.528839250729757 3.148336392991993
2458986 18.748 0.025 zg 424 115.03400726520127 2.6487559031622125 -1.84533553820998
2458992 18.756 0.025 zg 424 114.18952040146826 2.6293108745256033 -2.6898224019429904
2458992 18.63 0.022 zg 425 128.24080895145957 2.598511300045128 0.6437962715602481
2458995 18.661 0.03 zg 425 124.6310485659005 3.443683134624713 -2.9659641139988224
2458995 18.753 0.025 zg 424 114.50547401143632 2.6365859752495044 -2.373868791974928
2458998 18.657 0.025 zg 425 125.0910531566567 2.8803279426544357 -2.5059595232426233
2458998 18.754 0.03 zg 424 114.40005912522744 3.160990449352634 -2.479283678183805
2459014 18.774 0.025 zg 424 112.31202272755662 2.586079892964804 -4.567320075854624
2459017 18.747 0.022 zg 424 115.14000630819794 2.3330530267659735 -1.7393364952133084
2459018 18.642 0.022 zg 425 126.83124304932647 2.5699496202272973 -0.7657696305728479
2459020 18.845 0.027 zg 424 105.20254566943497 2.616168384757436 -11.67679713397628
2459023 18.755 0.027 zg 424 114.29474128501883 2.8422723688973517 -2.584601518392418
2459024 18.646 0.022 zg 425 126.36483915726762 2.56049899531461 -1.2321735226316974
2459026 18.728 0.057 zg 424 117.17264913368874 6.151439890602258 0.2933063302774883
2459027 18.617 0.04 zg 425 129.78552221463283 4.7814753398057785 2.1885095347335124
2459033 18.87 0.077 zg 424 102.80784336747523 7.2910932734891105 -14.071499435936019
2459033 18.624 0.064 zg 425 128.9514556322845 7.601195506144805 1.3544429523851846
2459039 18.758 0.042 zg 424 113.97936914738847 4.409112897968389 -2.8999736560227802
2459039 18.645 0.038 zg 425 126.48127908957584 4.426755398172048 -1.1157335903234866
2459043 18.757 0.036 zg 424 114.08439638531719 3.7827220386247946 -2.7949464180940566
2459043 18.687 0.039 zg 425 121.68197467747444 4.370856375263534 -5.915038002424879
2459199 18.656 0.034 zg 425 125.20631934825762 3.9208555809273204 -2.3906933316416996
2459204 18.802 0.039 zg 424 109.45264193818738 3.9315747387646893 -7.426700865223864
2459217 18.699 0.074 zg 424 120.34450056286157 8.202262209387815 3.465157759450321
2459218 18.738 0.062 zg 424 116.09840382937078 6.629696058652219 -0.7809389740404669
2459218 18.564 0.05 zg 425 136.27815615078651 6.275841017070318 8.681143470887193
2459227 18.738 0.035 zg 424 116.09840382937078 3.742570355690769 -0.7809389740404669
2459231 18.82 0.029 zg 424 107.65302775362875 2.875410980285687 -9.2263150497825
2459251 18.821 0.031 zg 424 107.55392129807555 3.0708854928376446 -9.325421505335697
2459253 18.809 0.038 zg 424 108.74924459900318 3.8061467202180252 -8.130098204408071
2459255 18.762 0.023 zg 424 113.56022619722376 2.4056351727885863 -3.3191166061874924
2459258 18.704 0.037 zg 424 119.7915678087366 4.082288118881178 2.9122250053253538
2459264 18.763 0.024 zg 424 113.45568151561957 2.507917065344119 -3.423661287791674
2459265 18.652 0.025 zg 425 125.66844722373132 2.893622932370728 -1.928565456168002
2459269 18.601 0.035 zg 425 131.71227431610174 4.2459020716643785 4.115261636202419
2459270 18.653 0.064 zg 424 125.5527555925803 7.400855127342086 8.67341278916905
2459272 18.742 0.116 zg 424 115.67146842996964 12.358333708569289 -1.2078743734416122
2459292 18.72 0.027 zg 424 118.03919768065134 2.935389207259208 1.1598548772400932
2459300 18.637 0.111 zg 425 127.41666946799026 13.026414932987914 -0.18034321190906155
2459304 18.684 0.103 zg 424 122.01865933147964 11.575483857003894 5.139316528068392
2459306 18.698 0.041 zg 424 120.45539300408697 4.5486841937519795 3.5760502006757235
2459307 18.73 0.022 zg 424 116.95700781150126 2.3698704718299686 0.07766500809000831
2459307 18.778 0.028 zg 424 111.89901120716411 2.8857583454155655 -4.98033159624714
2459308 18.764 0.025 zg 424 113.35123307889681 2.610008595599614 -3.5281097245144366
2459309 18.721 0.03 zg 424 117.93052961304022 3.2585409539505514 1.0511868096289732
2459313 18.748 0.032 zg 424 115.03400726520127 3.3904075560476317 -1.84533553820998
2459323 18.798 0.041 zg 424 109.85662407860353 4.14844928950871 -7.022718724807717
2459325 18.761 0.042 zg 424 113.6648672123943 4.396946884518835 -3.2144755910169494
2459328 18.54 0.075 zg 425 139.32410083824632 9.624167930548357 11.727088158347001
2459334 18.715 0.028 zg 424 118.58404186177495 3.0581582870485353 1.7046990583637012
2459336 18.756 0.025 zg 424 114.18952040146826 2.6293108745256033 -2.6898224019429904
2459338 18.77 0.03 zg 424 112.7265586449406 3.114749922244312 -4.152784158470652
2459340 18.8 0.026 zg 424 109.65444696779709 2.6258824276729795 -7.224895835614163
2459342 18.766 0.025 zg 424 113.14262458575952 2.6052052075339156 -3.7367182176517275
2459344 18.773 0.024 zg 424 112.4155135752561 2.4849243434846833 -4.463829228155149
2459346 18.777 0.029 zg 424 112.00212148196168 2.991575217573649 -4.877221321449568
2459348 18.764 0.022 zg 424 113.35123307889681 2.29680756412766 -3.5281097245144366
2459366 18.731 0.026 zg 424 116.84933601872262 2.7981776081268146 -0.03000678468862361
2459368 18.735 0.024 zg 424 116.41963917279351 2.5734348066337924 -0.45970363061773867
2459370 18.747 0.027 zg 424 115.14000630819794 2.8632923510309674 -1.7393364952133084
2459374 18.698 0.026 zg 424 120.45539300408697 2.8845314399402793 3.5760502006757235
2459376 18.764 0.031 zg 424 113.35123307889681 3.2364106585435213 -3.5281097245144366
2459379 18.713 0.029 zg 424 118.80268305357613 3.173218129279585 1.923340250164884
2459387 18.698 0.155 zg 425 120.45539300408697 17.196245122720896 -7.1416196758123505
2459390 18.769 0.072 zg 424 112.83043147020955 7.482288082734454 -4.048911333201701
2459392 18.734 0.077 zg 424 116.52691501783846 8.264044633541893 -0.352427785572786
2459394 18.752 0.034 zg 424 114.6109860330693 3.589061051890081 -2.2683567703419527
2459399 18.682 0.04 zg 424 122.2436331532471 4.503621878593592 5.364290349835855
2459401 18.728 0.034 zg 424 117.17264913368874 3.6692799347452065 0.2933063302774883
2459419 18.531 0.105 zg 425 140.48380090396998 13.585988042282239 12.886788224070656
2459641 18.744 0.024 zg 424 115.45858983947925 2.5521909870959876 -1.420752963932003
2459675 18.73 0.028 zg 424 116.95700781150126 3.016198782329051 0.07766500809000831
2459677 18.705 0.039 zg 424 119.68128649163509 4.298991000501424 2.8019436882238438
2459679 18.758 0.036 zg 424 113.97936914738847 3.7792396268300474 -2.8999736560227802
2459682 18.903 0.097 zg 424 99.73009871462355 8.909917098576935 -17.149244088787697
2459684 18.518 0.099 zg 425 142.17598603826283 12.963943318923972 14.578973358363513
2459687 18.522 0.08 zg 425 141.6531540321168 10.43739010719813 14.056141352217466
2459694 18.758 0.039 zg 424 113.97936914738847 4.094176262399218 -2.8999736560227802
2459696 18.752 0.026 zg 424 114.6109860330693 2.7445760985041794 -2.2683567703419527
2459699 18.839 0.034 zg 424 105.78552577152277 3.3126903758662234 -11.093817031888477
2459701 18.724 0.03 zg 424 117.60512528736614 3.2495497001566362 0.7257824839548874
2459717 18.687 0.069 zg 424 121.68197467747444 7.733053587004714 4.802631874063195
2459722 18.715 0.028 zg 424 118.58404186177495 3.0581582870485353 1.7046990583637012
2459724 18.764 0.031 zg 424 113.35123307889681 3.2364106585435213 -3.5281097245144366
2459730 18.706 0.028 zg 424 119.57110670061817 3.0836136558264116 2.6917638972069255
2459730 18.748 0.027 zg 424 115.03400726520127 2.8606563754151892 -1.84533553820998
2459734 18.756 0.032 zg 424 114.18952040146826 3.3655179193927722 -2.6898224019429904
2459736 18.742 0.033 zg 424 115.67146842996964 3.5157328653688493 -1.2078743734416122
2459747 18.765 0.053 zg 424 113.24688079845079 5.528124286557233 -3.632462004960459
2459749 18.859 0.043 zg 424 103.8547223274796 4.113110570054596 -13.024620475931641
2459751 18.751 0.036 zg 424 114.71659527963192 3.8036839998227263 -2.1627475237793305
2459753 18.714 0.032 zg 424 118.69331211368446 3.4982585742215613 1.8139693102732082
2459756 18.747 0.036 zg 424 115.14000630819794 3.8177231347079563 -1.7393364952133084
2459758 18.768 0.033 zg 424 112.93440000995729 3.432542070528837 -3.9449427934539614
2459761 18.749 0.04 zg 424 114.92810580598568 4.234107891118482 -1.9512369974255677
2459763 18.702 0.034 zg 424 120.01243539548939 3.7582082881316827 3.1330925920781425
2459769 18.683 0.064 zg 424 122.13109444023019 7.199161278697524 5.251751636818938
2459771 18.782 0.085 zg 424 111.48751847800855 8.728122935480267 -5.391824325402695
2460042 18.874 0.128 zg 424 102.42978211751914 12.075688416380297 -14.44956068589211
2460044 18.772 0.05 zg 424 112.51909978545793 5.1816960368621 -4.360243017953323
2460046 18.789 0.025 zg 424 110.77104400593532 2.550597546634542 -6.108298797475925
2460050 18.767 0.029 zg 424 113.03846435238137 3.0192559222516935 -3.84087845102988
2460059 18.71 0.028 zg 424 119.13140092937329 3.072274104339686 2.252058125962037
2460061 18.734 0.032 zg 424 116.52691501783846 3.434408159394034 -0.352427785572786
2460065 18.885 0.074 zg 424 101.39726687532747 6.910884721253053 -15.482075928083773
2458198 17.881 0.014 zr 424 255.63849312574803 3.2963245474141263 1.4219627718771335
2458217 17.926 0.022 zr 424 245.2597317446243 4.9696363395966365 -8.95679860924659
2458218 17.924 0.018 zr 424 245.71193323149876 4.073562969333101 -8.504597122372132
2458218 17.818 0.016 zr 425 270.91075643360057 3.992288443492797 -0.9043882023127594
2458219 17.796 0.027 zr 425 276.45614572482833 6.874889040135857 4.641001088915004
2458219 17.789 0.016 zr 425 278.24428244265977 4.100359276565078 6.429137806746439
2458219 17.795 0.015 zr 425 276.71088854022634 3.822902202131173 4.895743904313008
2458224 17.902 0.035 zr 424 250.74151692616658 8.082951506964678 -3.4750134277043117
2458224 17.91 0.034 zr 424 248.90077502496106 7.794366913217106 -5.31575532890983
2458230 17.93 0.019 zr 424 244.3578238968354 4.276175588226013 -9.858706457035481
2458231 17.855 0.017 zr 424 261.8341256913106 4.099688411646801 7.617595337439695
2458231 17.824 0.019 zr 425 269.417777320528 4.714715919628362 -2.3973673153853383
2458233 17.883 0.024 zr 424 255.16802307094238 5.640442426866362 0.9514927170714884
2458243 17.86 0.017 zr 424 260.63110716063136 4.080852054406504 6.414576806760465
2458243 17.823 0.019 zr 425 269.66603457280615 4.719060333835619 -2.149110063107173
2458246 17.83 0.018 zr 425 267.9330259598767 4.441957858771191 -3.8821186760366118
2458246 17.869 0.019 zr 424 258.4795857029337 4.523301430709676 4.2630553490628245
2458256 17.822 0.016 zr 425 269.9145205837953 3.9776073694648426 -1.9006240521180189
2458256 17.865 0.016 zr 424 259.4336159980189 3.823155051638912 5.217085644148028
2458256 17.859 0.017 zr 424 260.87126786259125 4.084612389481844 6.654737508720359
2458256 17.856 0.016 zr 425 261.593078572789 3.8549780681735952 -10.222066063124316
2458270 17.784 0.024 zr 425 279.52859969657806 6.178928512577671 7.713455060664728
2458274 17.823 0.016 zr 425 269.66603457280615 3.973945544282627 -2.149110063107173
2458277 17.822 0.016 zr 425 269.9145205837953 3.9776073694648426 -1.9006240521180189
2458279 17.898 0.02 zr 424 251.66698654394176 4.635877212918508 -2.5495438099291334
2458283 17.882 0.016 zr 424 255.40314976861885 3.7637599063100637 1.1866194147479519
2458283 17.822 0.015 zr 425 269.9145205837953 3.7290069088732896 -1.9006240521180189
2458286 17.894 0.016 zr 424 252.59587200614487 3.72239033237236 -1.620658347726021
2458289 17.803 0.024 zr 425 274.6795004665641 6.071740062003472 2.8643558306507657
2458289 17.867 0.026 zr 424 258.95616150341317 6.201193411053866 4.7396311495422765
2458293 17.889 0.036 zr 424 253.76180157651345 8.414037237332057 -0.4547287773574453
2458293 17.775 0.03 zr 425 281.85532804787834 7.787950520927895 10.040183411965018
2458296 17.914 0.033 zr 424 247.98547775737094 7.537301169593301 -6.23105259649995
2458305 17.9 0.023 zr 424 251.20382554066575 5.321447292735728 -3.012704813205147
2458450 17.873 0.041 zr 425 257.52906371883034 9.724914363359758 -14.286080917082984
2458450 17.862 0.034 zr 425 260.1514488362115 8.146683532950469 -11.663695799701827
2458450 17.813 0.033 zr 425 272.16122366946036 8.272101769962596 0.34607903354702785
2458450 17.759 0.031 zr 425 286.0396572115603 8.167020068685773 14.224512575646997
2458450 17.877 0.039 zr 424 256.58203714439276 9.216510792196084 2.365506790521863
2458450 17.882 0.035 zr 424 255.40314976861885 8.233224795053266 1.1866194147479519
2458450 17.96 0.037 zr 424 237.69839480382697 8.1003475514578 -16.518135550043922
2458450 17.873 0.035 zr 424 257.52906371883034 8.301756163843697 3.3125333649594495
2458450 17.883 0.032 zr 424 255.16802307094238 7.520589902488483 0.9514927170714884
2458451 17.872 0.031 zr 424 257.7663660170545 7.359759499139847 3.5498356631836145
2458451 17.911 0.03 zr 424 248.6716344785979 6.8710511832106045 -5.544895875272999
2458451 17.894 0.038 zr 424 252.59587200614487 8.840677039384355 -1.620658347726021
2458451 17.795 0.033 zr 425 276.71088854022634 8.410384844688581 4.895743904313008
2458451 17.802 0.03 zr 425 274.9326061774096 7.596668646745273 3.1174615414962545
2458451 17.812 0.028 zr 425 272.41200889319975 7.025220505296485 0.5968642572864269
2458451 17.815 0.029 zr 425 271.6603456355994 7.25604432173044 -0.1547990003139148
2458451 17.863 0.028 zr 424 259.9119508068561 6.70285709429133 5.695420452985218
2458457 17.781 0.028 zr 425 280.3020338072822 7.228695987302285 8.486889171368887
2458458 17.794 0.035 zr 425 276.965866090512 8.928324643394774 5.150721454598681
2458469 17.825 0.016 zr 425 269.1697486163632 3.966632004153553 -2.6453960195501054
2458470 17.784 0.032 zr 425 279.52859969657806 8.23857135010356 7.713455060664728
2458474 17.762 0.042 zr 425 285.25039134396474 11.034463421172761 13.435246708051409
2458475 17.937 0.044 zr 424 242.78745848496212 9.839082575051568 -11.429071868908778
2458477 17.801 0.024 zr 425 275.1859451146174 6.082934928214999 3.3708004787040977
2458477 17.857 0.026 zr 424 261.35225336466 6.258572347225838 7.135723010789093
2458488 17.895 0.016 zr 424 252.3633297164919 3.718963462550628 -1.8532006373789898
2458503 17.879 0.028 zr 424 256.10983061711437 6.604804395259813 1.893300263243475
2458524 17.901 0.016 zr 424 250.97256478293153 3.6984683930858284 -3.243965570939366
2458539 17.847 0.023 zr 425 263.77051599092766 5.587657334446931 -8.044628644985664
2458539 17.835 0.022 zr 424 266.70198552784825 5.404115342105367 12.485455173977357
2458543 17.917 0.021 zr 424 247.30121434032887 4.7832295528026805 -6.915316013542025
2458547 17.842 0.016 zr 425 264.9880253743663 3.905007853113241 -6.827119261547011
2458557 17.843 0.019 zr 425 264.744074744209 4.63292777573033 -7.071069891704326
2458560 17.836 0.023 zr 425 266.45645700880794 5.644555725732508 -5.3586876271053825
2458561 17.913 0.038 zr 424 248.21398603891552 8.687314126712755 -6.002544314955372
2458568 17.883 0.031 zr 424 255.16802307094238 7.285571468035718 0.9514927170714884
2458573 17.883 0.02 zr 424 255.16802307094238 4.700368689055302 0.9514927170714884
2458573 17.845 0.019 zr 425 264.2568470273209 4.6244014628190495 -7.558297608592454
2458584 17.901 0.019 zr 424 250.97256478293153 4.391931216789421 -3.243965570939366
2458584 17.834 0.017 zr 425 266.94774029118554 4.179755234339924 -4.867404344727788
2458587 17.851 0.023 zr 425 262.8005373617617 5.567109517792159 -9.014607274151615
2458593 17.871 0.046 zr 424 258.0038869794561 10.93099663531886 3.7873566255852325
2458596 17.884 0.021 zr 424 254.9331128332577 4.930843556691598 0.7165824793868012
2458597 17.823 0.018 zr 425 269.66603457280615 4.470688737317955 -2.149110063107173
2458606 17.873 0.016 zr 424 257.52906371883034 3.7950885320428327 3.3125333649594495
2458606 17.863 0.017 zr 425 259.9119508068561 4.069591807248308 -11.903193829057216
2458617 17.87 0.024 zr 424 258.2416268075234 5.708383874664336 4.025096453652509
2458617 17.822 0.028 zr 425 269.9145205837953 6.960812896563475 -1.9006240521180189
2458634 17.815 0.015 zr 425 271.6603456355994 3.753126373308848 -0.1547990003139148
2458634 17.896 0.017 zr 424 252.13100150760036 3.947760981760808 -2.0855288462705346
2458634 17.829 0.016 zr 425 268.17991507566103 3.952045278039209 -3.6352295602522986
2458637 17.866 0.014 zr 425 259.1947788127639 3.342180989706492 -12.620365823149427
2458637 17.899 0.015 zr 424 251.4352993955486 3.4737070334441107 -2.7812309583222827
2458640 17.871 0.015 zr 424 258.0038869794561 3.5644554245604976 3.7873566255852325
2458643 17.841 0.018 zr 425 265.23220079486066 4.397181924472197 -6.582943841052668
2458643 17.893 0.02 zr 424 252.82862857382418 4.657275449889728 -1.3879017800467182
2458648 17.863 0.04 zr 424 259.9119508068561 9.5755101347019 5.695420452985218
2458649 17.791 0.039 zr 425 277.73220931466744 9.976231902191184 5.917064678754116
2458651 17.879 0.036 zr 424 256.10983061711437 8.491891365334045 1.893300263243475
2458652 17.792 0.035 zr 425 277.47652626113427 8.944786382345223 5.66138162522094
2458654 17.913 0.025 zr 424 248.21398603891552 5.715338241258391 -6.002544314955372
2458658 17.885 0.018 zr 424 254.69841885629106 4.222546433767076 0.481888502420162
2458658 17.876 0.017 zr 425 256.81846679710077 4.021155338117616 -14.996677838812559
2458661 17.843 0.016 zr 425 264.744074744209 3.9014128637729097 -7.071069891704326
2458667 17.885 0.017 zr 424 254.69841885629106 3.9879605207800166 0.481888502420162
2458667 17.835 0.018 zr 425 266.70198552784825 4.421548916268027 -5.1131591080650765
2458672 17.892 0.022 zr 424 253.0615996169797 5.12772362860811 -1.1549307368912025
2458676 17.867 0.032 zr 424 258.95616150341317 7.632238044373989 4.7396311495422765
2458679 17.856 0.034 zr 424 261.593078572789 8.19182839486889 7.376548218918117
2458686 17.846 0.026 zr 425 264.01356952727247 6.322302579233105 -7.801575108640861
2458812 17.851 0.041 zr 424 262.8005373617617 9.923977836064283 8.584007007890818
2458854 17.895 0.03 zr 424 252.3633297164919 6.973056492282427 -1.8532006373789898
2458873 17.846 0.023 zr 425 264.01356952727247 5.592806127783131 -7.801575108640861
2458877 17.898 0.016 zr 424 251.66698654394176 3.7087017703348066 -2.5495438099291334
2458884 17.89 0.02 zr 424 253.52818592042058 4.670161772433467 -0.688344433450311
2458887 17.895 0.02 zr 424 252.3633297164919 4.648704328188285 -1.8532006373789898
2458888 17.845 0.024 zr 425 264.2568470273209 5.841349216192484 -7.558297608592454
2458895 17.903 0.02 zr 424 250.51068177437358 4.614577291915583 -3.7058485794973137
2458898 17.905 0.014 zr 424 250.04964880260616 3.2242593255111536 -4.166881551264737
2458899 17.866 0.016 zr 425 259.1947788127639 3.819635416807419 -12.620365823149427
2458901 17.914 0.015 zr 424 247.98547775737094 3.426045986178773 -6.23105259649995
2458904 17.907 0.018 zr 424 249.5894643032459 4.1378470550857696 -4.62706605062499
2458905 17.839 0.017 zr 425 265.72122683559473 4.160551003465364 -6.093917800318593
2458908 17.92 0.015 zr 424 246.6188390032991 3.4071651740429707 -7.597691350571807
2458911 17.875 0.019 zr 425 257.05511430988025 4.498373684587361 -14.760030326033075
2458914 17.917 0.022 zr 424 247.30121434032887 5.011002388650427 -6.915316013542025
2458915 17.85 0.027 zr 425 263.04269710322853 6.541324486245096 -8.772447532684794
2458937 17.899 0.018 zr 424 251.4352993955486 4.1684484401329325 -2.7812309583222827
2458940 17.898 0.026 zr 424 251.66698654394176 6.02664037679406 -2.5495438099291334
2458941 17.856 0.019 zr 424 261.593078572789 4.5777864559561445 7.376548218918117
2458941 17.841 0.019 zr 425 265.23220079486066 4.641469809165097 -6.582943841052668
2458944 17.802 0.033 zr 425 274.9326061774096 8.3563355114198 3.1174615414962545
2458955 17.885 0.019 zr 424 254.69841885629106 4.457132346754135 0.481888502420162
2458956 17.831 0.016 zr 425 267.6863641326841 3.9447720425580446 -4.128780503229223
2458972 17.888 0.027 zr 424 253.99563249969506 6.316342816457432 -0.2208978541758313
2458976 17.918 0.045 zr 424 247.07354636555294 10.240341565220918 -7.142983988317951
2458980 17.837 0.013 zr 425 266.2111545257803 3.1874639471989394 -5.603990110133054
2458980 17.92 0.013 zr 424 246.6188390032991 2.9528764841705746 -7.597691350571807
2458986 17.875 0.014 zr 425 257.05511430988025 3.31459113601174 -14.760030326033075
2458986 17.901 0.014 zr 424 250.97256478293153 3.2361598439501 -3.243965570939366
2458992 17.87 0.014 zr 425 258.2416268075234 3.329890593554196 -13.573517828389924
2458992 17.913 0.014 zr 424 248.21398603891552 3.200589415104699 -6.002544314955372
2458995 17.839 0.014 zr 425 265.72122683559473 3.4263361205008875 -6.093917800318593
2458998 17.914 0.019 zr 424 247.98547775737094 4.339658249159779 -6.23105259649995
2458998 17.813 0.015 zr 425 272.16122366946036 3.7600462590739068 0.34607903354702785
2459009 17.89 0.022 zr 424 253.52818592042058 5.137177949676813 -0.688344433450311
2459012 17.868 0.015 zr 425 258.71776386754834 3.5743179982450224 -13.097380768364985
2459015 17.839 0.016 zr 425 265.72122683559473 3.9158127091438715 -6.093917800318593
2459017 17.894 0.013 zr 424 252.59587200614487 3.0244421450525425 -1.620658347726021
2459020 17.93 0.015 zr 424 244.3578238968354 3.3759280959679048 -9.858706457035481
2459021 17.854 0.015 zr 425 262.0753949247044 3.620705385564911 -9.739749711208901
2459027 17.83 0.023 zr 425 267.9330259598767 5.6758350417631895 -3.8821186760366118
2459033 17.833 0.03 zr 425 267.19372150729464 7.382835361011591 -4.621423128618687
2459033 17.943 0.034 zr 424 241.4494658219692 7.561027993697367 -12.767064531901696
2459036 17.793 0.034 zr 425 277.22107859198206 8.681221673202952 5.405933956068736
2459037 17.925 0.023 zr 424 245.48572836482813 5.200316363815878 -8.73080198904276
2459039 17.903 0.017 zr 424 250.51068177437358 3.9223906981282455 -3.7058485794973137
2459043 17.828 0.021 zr 425 268.42703168947605 5.191839086488556 -3.388112946437275
2459178 17.89 0.027 zr 424 253.52818592042058 6.304718392785181 -0.688344433450311
2459178 17.882 0.026 zr 424 255.40314976861885 6.116109847753854 1.1866194147479519
2459178 17.812 0.032 zr 424 272.41200889319975 8.028823434624554 18.19547853932886
2459180 17.79 0.045 zr 425 277.98812796947743 11.52164375085312 6.172983333564105
2459182 17.818 0.026 zr 424 270.91075643360057 6.487468720675794 16.694226079729674
2459182 17.776 0.04 zr 425 281.5958492099441 10.374374474237063 9.780704574030779
2459182 17.793 0.03 zr 425 277.22107859198206 7.659901476355545 5.405933956068736
2459182 17.846 0.027 zr 425 264.01356952727247 6.565468063049763 -7.801575108640861
2459182 17.897 0.028 zr 424 251.8988871823853 6.496208572761033 -2.3176431714855994
2459182 17.92 0.031 zr 424 246.6188390032991 7.041474693022139 -7.597691350571807
2459182 17.907 0.037 zr 424 249.5894643032459 8.50557450212075 -4.62706605062499
2459184 17.883 0.049 zr 424 255.16802307094238 11.51590328818549 0.9514927170714884
2459184 17.871 0.044 zr 424 258.0038869794561 10.455735912044126 3.7873566255852325
2459184 17.95 0.048 zr 424 239.89779097155827 10.605793484799586 -14.318739382312629
2459184 17.688 0.043 zr 425 305.3699155025388 12.094011702901952 33.55477086662546
2459184 17.717 0.043 zr 425 297.3214546390758 11.775256727602951 25.50631000316247
2459184 17.835 0.049 zr 424 266.70198552784825 12.036438716507408 12.485455173977357
2459185 17.938 0.044 zr 424 242.56394591903432 9.83002461708929 -11.65258443483657
2459185 17.898 0.041 zr 424 251.66698654394176 9.503548286482943 -2.5495438099291334
2459185 17.944 0.04 zr 424 241.22718502548767 8.887137924233672 -12.989345328383223
2459185 17.914 0.048 zr 424 247.98547775737094 10.963347155772075 -6.23105259649995
2459185 17.942 0.042 zr 424 241.67195144094086 9.348699910749216 -12.544578912930035
2459185 17.772 0.048 zr 425 282.6352000367645 12.495198688512849 10.820055400851174
2459185 17.827 0.038 zr 425 268.6743760109497 9.403413318698806 -3.1407686249636413
2459185 17.77 0.034 zr 425 283.1563131309949 8.86708447619513 11.341168495081547
2459185 17.683 0.035 zr 425 306.77943898982954 9.889400682770813 34.964294353916216
2459186 17.911 0.033 zr 424 248.6716344785979 7.558156301531666 -5.544895875272999
2459186 17.971 0.036 zr 424 235.3023415212205 7.80197276064033 -18.91418883265038
2459186 17.79 0.048 zr 425 277.98812796947743 12.289753334243327 6.172983333564105
2459186 17.803 0.039 zr 425 274.6795004665641 9.86657760075564 2.8643558306507657
2459186 17.84 0.037 zr 425 265.4766012128288 9.046980474472493 -6.338543423084502
2459186 17.783 0.031 zr 425 279.786173650249 7.9884702611440455 7.97102901433567
2459186 17.807 0.031 zr 425 273.6694055955675 7.813823962287899 1.854260959654198
2459186 17.904 0.036 zr 424 250.28005913173283 8.298592318517708 -3.936471222138067
2459186 17.904 0.047 zr 424 250.28005913173283 10.834273304731452 -3.936471222138067
2459189 17.774 0.03 zr 425 282.11504598474534 7.795126792725653 10.299901348832009
2459189 17.831 0.039 zr 425 267.6863641326841 9.615381853735233 -4.128780503229223
2459189 17.79 0.027 zr 425 277.98812796947743 6.912986250511872 6.172983333564105
2459189 17.827 0.027 zr 425 268.6743760109497 6.6813726211807305 -3.1407686249636413
2459190 17.765 0.022 zr 425 284.463303288411 5.764008462570506 12.64815865249767
2459190 17.832 0.023 zr 425 267.4399293848405 5.665389390990811 -4.375215251072802
2459190 17.849 0.023 zr 425 263.2850799848043 5.57737396350295 -8.530064651109
2459190 17.835 0.032 zr 425 266.70198552784825 7.8605314066987155 -5.1131591080650765
2459190 17.822 0.024 zr 425 269.9145205837953 5.966411054197264 -1.9006240521180189
2459201 17.882 0.036 zr 424 255.40314976861885 8.468459789197643 1.1866194147479519
2459205 17.88 0.016 zr 424 255.87405334197095 3.7706993978187886 1.6575229881000553
2459217 17.91 0.036 zr 424 248.90077502496106 8.252859084582816 -5.31575532890983
2459218 17.927 0.024 zr 424 245.03394317917196 5.41643044648235 -9.182587174698938
2459218 17.828 0.022 zr 425 268.42703168947605 5.439069519178486 -3.388112946437275
2459227 17.859 0.018 zr 425 260.87126786259125 4.324883706510187 -10.943876773322074
2459232 17.892 0.015 zr 424 253.0615996169797 3.496175201323711 -1.1549307368912025
2459251 17.915 0.019 zr 424 247.75717984284 4.335663116311599 -6.459350511030891
2459253 17.896 0.015 zr 424 252.13100150760036 3.4833185133183595 -2.0855288462705346
2459255 17.929 0.014 zr 424 244.5829894465507 3.1537696147974668 -9.633540907320196
2459260 17.85 0.026 zr 425 263.04269710322853 6.299053208976759 -8.772447532684794
2459262 17.909 0.017 zr 424 249.13012671478748 3.9007745487264747 -5.086403639083414
2459265 17.896 0.015 zr 424 252.13100150760036 3.4833185133183595 -2.0855288462705346
2459265 17.803 0.022 zr 425 274.6795004665641 5.565761723503182 2.8643558306507657
2459268 17.903 0.021 zr 424 250.51068177437358 4.845306156511362 -3.7058485794973137
2459269 17.854 0.022 zr 425 262.0753949247044 5.310367898828536 -9.739749711208901
2459270 17.88 0.029 zr 424 255.87405334197095 6.834392658546554 1.6575229881000553
2459273 17.757 0.055 zr 425 286.56704732723847 14.51659024901841 14.751902691325142
2459278 17.805 0.02 zr 425 274.17398786531913 5.050471498763314 2.3588432294058066
2459278 17.872 0.023 zr 424 257.7663660170545 5.460466725168274 3.5498356631836145
2459290 17.831 0.014 zr 425 267.6863641326841 3.4516755372382892 -4.128780503229223
2459290 17.911 0.015 zr 424 248.6716344785979 3.4355255916053022 -5.544895875272999
2459297 17.837 0.023 zr 425 266.2111545257803 5.639359291198124 -5.603990110133054
2459304 17.913 0.05 zr 424 248.21398603891552 11.430676482516782 -6.002544314955372
2459305 17.774 0.032 zr 424 282.11504598474534 8.314801912240696 27.898515630874442
2459307 17.918 0.015 zr 424 247.07354636555294 3.4134471884069724 -7.142983988317951
2459307 17.92 0.016 zr 424 246.6188390032991 3.634309518979169 -7.597691350571807
2459308 17.901 0.016 zr 424 250.97256478293153 3.6984683930858284 -3.243965570939366
2459309 17.902 0.016 zr 424 250.74151692616658 3.695063546040995 -3.4750134277043117
2459310 17.887 0.027 zr 424 254.2296788883267 6.322163063093182 0.013148534455808658
2459317 17.936 0.015 zr 424 243.01117700840427 3.3573234816629345 -11.20535334546662
2459321 17.925 0.015 zr 424 245.48572836482813 3.3915106720538333 -8.73080198904276
2459323 17.91 0.017 zr 424 248.90077502496106 3.897183456608553 -5.31575532890983
2459325 17.884 0.022 zr 424 254.9331128332577 5.1656456308197685 0.7165824793868012
2459328 17.782 0.03 zr 425 280.0439849475835 7.737901261475457 8.228840311670183
2459334 17.904 0.024 zr 424 250.28005913173283 5.532394879011806 -3.936471222138067
2459338 17.879 0.016 zr 424 256.10983061711437 3.7741739401484646 1.893300263243475
2459340 17.89 0.014 zr 424 253.52818592042058 3.269113240703427 -0.688344433450311
2459342 17.917 0.017 zr 424 247.30121434032887 3.872138209411694 -6.915316013542025
2459344 17.908 0.016 zr 424 249.35968974263554 3.6747001881280825 -4.856840611235356
2459346 17.904 0.015 zr 424 250.28005913173283 3.4577467993823783 -3.936471222138067
2459354 17.89 0.025 zr 424 253.52818592042058 5.837702215541834 -0.688344433450311
2459354 17.805 0.021 zr 425 274.17398786531913 5.302995073701481 2.3588432294058066
2459355 17.816 0.028 zr 425 271.4102524005832 6.9993862541493455 -0.40489223533012364
2459356 17.791 0.035 zr 425 277.73220931466744 8.953028630171577 5.917064678754116
2459362 17.895 0.02 zr 424 252.3633297164919 4.648704328188285 -1.8532006373789898
2459364 17.912 0.017 zr 424 248.44270488131716 3.890011187315312 -5.773825472553739
2459366 17.922 0.016 zr 424 246.16496847197462 3.627621035653876 -8.051561881896276
2459368 17.885 0.015 zr 424 254.69841885629106 3.5187886948058966 0.481888502420162
2459370 17.885 0.015 zr 424 254.69841885629106 3.5187886948058966 0.481888502420162
2459376 17.867 0.016 zr 424 258.95616150341317 3.8161190221869945 4.7396311495422765
2459386 17.835 0.042 zr 424 266.70198552784825 10.316947471292066 12.485455173977357
2459387 17.811 0.037 zr 425 272.6630252050705 9.291881295268256 0.8478805691571552
2459390 17.911 0.039 zr 424 248.6716344785979 8.932366538173786 -5.544895875272999
2459392 17.917 0.015 zr 424 247.30121434032887 3.4165925377162 -6.915316013542025
2459396 17.891 0.015 zr 424 253.29478533324152 3.4993967810486932 -0.9217450206293734
2459399 17.921 0.019 zr 424 246.3917992300928 4.3117694379682705 -7.824731123778093
2459407 17.825 0.021 zr 425 269.1697486163632 5.206204505451539 -2.6453960195501054
2459415 17.81 0.03 zr 425 272.91427281801066 7.540900035072738 1.0991281820973313
2459537 17.868 0.057 zr 424 258.71776386754834 13.582408393331086 4.501233513677448
2459537 18.012 0.056 zr 424 226.58243981066215 11.686647800626432 -27.634090543208742
2459537 17.95 0.051 zr 424 239.89779097155827 11.268655577599558 -14.318739382312629
2459537 17.96 0.049 zr 424 237.69839480382697 10.727487297876547 -16.518135550043922
2459538 17.954 0.105 zr 424 239.01560089981118 23.114857904246616 -15.200929454059718
2459541 17.938 0.044 zr 424 242.56394591903432 9.83002461708929 -11.65258443483657
2459541 17.943 0.05 zr 424 241.4494658219692 11.119158814260835 -12.767064531901696
2459551 17.867 0.02 zr 424 258.95616150341317 4.770148777733743 4.7396311495422765
2459551 17.91 0.019 zr 424 248.90077502496106 4.355675627974264 -5.31575532890983
2459551 17.889 0.019 zr 424 253.76180157651345 4.440741875258586 -0.4547287773574453
2459551 17.893 0.019 zr 424 252.82862857382418 4.424411677395242 -1.3879017800467182
2459551 17.9 0.019 zr 424 251.20382554066575 4.3959781983469055 -3.012704813205147
2459601 17.9 0.03 zr 424 251.20382554066575 6.9410182079161675 -3.012704813205147
2459601 17.827 0.025 zr 425 268.6743760109497 6.186456130722899 -3.1407686249636413
2459636 17.919 0.017 zr 424 246.8460879841943 3.8650120327028574 -7.370442369676596
2459641 17.885 0.016 zr 424 254.69841885629106 3.7533746077929564 0.481888502420162
2459670 17.931 0.014 zr 424 244.1328656367809 3.1479655039009526 -10.083664717089988
2459673 17.922 0.019 zr 424 246.16496847197462 4.307799979838977 -8.051561881896276
2459675 17.877 0.019 zr 424 256.58203714439276 4.4900950013262975 2.365506790521863
2459677 17.932 0.02 zr 424 243.90811447555419 4.492953507613571 -10.308415878316708
2459682 17.855 0.026 zr 424 261.8341256913106 6.270111688400988 7.617595337439695
2459687 17.963 0.046 zr 424 237.0425164139923 10.042914390492054 -17.17401393987859
2459690 17.897 0.02 zr 424 251.8988871823853 4.640148980543595 -2.3176431714855994
2459696 17.894 0.015 zr 424 252.59587200614487 3.4897409365990875 -1.620658347726021
2459699 17.9 0.016 zr 424 251.20382554066575 3.701876377555289 -3.012704813205147
2459702 17.913 0.016 zr 424 248.21398603891552 3.65781647440537 -6.002544314955372
2459709 17.895 0.023 zr 424 252.3633297164919 5.346009977416528 -1.8532006373789898
2459709 17.895 0.018 zr 424 252.3633297164919 4.183833895369456 -1.8532006373789898
2459714 17.959 0.053 zr 424 237.9174239672027 11.613892412357014 -16.2991063866682
2459717 17.872 0.023 zr 424 257.7663660170545 5.460466725168274 3.5498356631836145
2459719 17.922 0.016 zr 424 246.16496847197462 3.627621035653876 -8.051561881896276
2459719 17.915 0.016 zr 424 247.75717984284 3.6510847295255573 -6.459350511030891
2459724 17.902 0.016 zr 424 250.74151692616658 3.695063546040995 -3.4750134277043117
2459726 17.885 0.017 zr 424 254.69841885629106 3.9879605207800166 0.481888502420162
2459730 17.893 0.018 zr 424 252.82862857382418 4.191547904900755 -1.3879017800467182
2459730 17.87 0.015 zr 424 258.2416268075234 3.56773992166521 4.025096453652509
2459732 17.867 0.016 zr 424 258.95616150341317 3.8161190221869945 4.7396311495422765
2459734 17.886 0.017 zr 424 254.4639409409508 3.984289164383025 0.24741058707991215
2459736 17.904 0.015 zr 424 250.28005913173283 3.4577467993823783 -3.936471222138067
2459738 17.937 0.025 zr 424 242.78745848496212 5.5903878267338465 -11.429071868908778
2459742 17.943 0.045 zr 424 241.4494658219692 10.00724293283475 -12.767064531901696
2459747 17.897 0.014 zr 424 251.8988871823853 3.2481042863805163 -2.3176431714855994
2459751 17.885 0.021 zr 424 254.69841885629106 4.926304172728256 0.481888502420162
2459753 17.871 0.016 zr 424 258.0038869794561 3.8020857861978645 3.7873566255852325
2459756 17.89 0.014 zr 424 253.52818592042058 3.269113240703427 -0.688344433450311
2459761 17.925 0.016 zr 424 245.48572836482813 3.617611383524089 -8.73080198904276
2459765 17.889 0.018 zr 424 253.76180157651345 4.207018618666028 -0.4547287773574453
2459774 17.837 0.034 zr 425 266.2111545257803 8.336444169597227 -5.603990110133054
2459902 17.844 0.037 zr 424 264.5003486974445 9.01371148803645 10.283818343573614
2459902 17.833 0.031 zr 424 267.19372150729464 7.628929873045311 12.977191153423746
2459902 17.901 0.048 zr 424 250.97256478293153 11.095405179257485 -3.243965570939366
2459902 17.92 0.039 zr 424 246.6188390032991 8.858629452511725 -7.597691350571807
2459902 17.845 0.042 zr 424 264.2568470273209 10.222361128336846 10.04031667344998
2459904 17.91 0.035 zr 424 248.90077502496106 8.023612998899962 -5.31575532890983
2459904 17.828 0.039 zr 424 268.42703168947605 9.641986874907317 14.210501335605159
2459904 17.873 0.051 zr 424 257.52906371883034 12.096844695886528 3.3125333649594495
2459904 17.875 0.064 zr 424 257.05511430988025 15.152416621767955 2.8385839560093586
2459905 17.912 0.042 zr 424 248.44270488131716 9.610615874543713 -5.773825472553739
2459905 17.969 0.047 zr 424 235.73618391330032 10.20468931161168 -18.48034644057057
2459907 17.84 0.046 zr 425 265.4766012128288 11.247597346641479 -6.338543423084502
2459907 17.899 0.06 zr 424 251.4352993955486 13.894828133776443 -2.7812309583222827
2459910 17.833 0.034 zr 425 267.19372150729464 8.367213409146471 -4.621423128618687
2459914 17.832 0.033 zr 425 267.4399293848405 8.128602169682468 -4.375215251072802
2459914 17.856 0.027 zr 425 261.593078572789 6.5052754900429415 -10.222066063124316
2459914 17.824 0.024 zr 424 269.417777320528 5.955430635320036 15.201246966657095
2459914 17.887 0.027 zr 424 254.2296788883267 6.322163063093182 0.013148534455808658
2459914 17.874 0.024 zr 424 257.29197988347914 5.687392103295581 3.0754495296082496
2459914 17.887 0.026 zr 424 254.2296788883267 6.088008875571212 0.013148534455808658
2459915 17.906 0.026 zr 424 249.81945059153722 5.9823976458691766 -4.397079762333675
2459924 17.874 0.028 zr 424 257.29197988347914 6.635290787178178 3.0754495296082496
2459984 17.752 0.034 zr 425 287.88978071840097 9.0153137581022 16.074636082487643
2460016 17.934 0.033 zr 424 243.45923268712752 7.399729919170362 -10.75729766674337
2460021 17.883 0.018 zr 424 255.16802307094238 4.230331820149772 0.9514927170714884
2460043 17.794 0.025 zr 425 276.965866090512 6.377374745281982 5.150721454598681
2460055 17.882 0.018 zr 424 255.40314976861885 4.234229894598822 1.1866194147479519
2460057 17.888 0.015 zr 424 253.99563249969506 3.509079342476351 -0.2208978541758313
2460059 17.921 0.019 zr 424 246.3917992300928 4.3117694379682705 -7.824731123778093
2460061 17.88 0.017 zr 424 255.87405334197095 4.006368110182463 1.6575229881000553
2460063 17.852 0.017 zr 424 262.55860055497715 4.111031933791827 8.342070201106253
