jd filt fluxerr adjflux
2458267 zg 11.04327752359081 1.4330840985341435
2458270 zg 8.737473531707577 -1.5763801747694035
2458279 zg 2.82681904736754 1.8494293908450385
2458282 zg 3.0924684144899337 0.13959715642278317
2458291 zg 2.2074241300970447 2.503025294434009
2458294 zg 5.607701365381989 -2.966435893964929
2458300 zg 8.032855065351523 -2.1017885346458747
2458303 zg 4.9105373675899 -0.8261884265926831
2458320 zg 3.822218596997718 0.2856586168544569
2458323 zg 3.7984887251265076 -1.2624970735880685
2458326 zg 11.615423591144458 -3.3988830050712684
2458331 zg 6.911832229528939 2.0456222444969243
2458334 zg 3.763938150162071 -4.866632123661442
2458338 zg 2.5044619778286026 -2.051875806244589
2458342 zg 3.388689398361142 -0.8999142455787538
2458348 zg 2.579049992531454 1.8795862412841975
2458351 zg 2.4511527964331496 -0.766267268070512
2458362 zg 3.642888380384597 2.0041218672937355
2458365 zg 2.284096470534426 1.3741075335218493
2458368 zg 2.6205942687129133 0.20556019479371887
2458371 zg 2.2807911836951615 1.6754484142638375
2458374 zg 2.5618553552403807 2.292803871853026
2458377 zg 2.812287785590415 -2.451738932127773
2458380 zg 3.144164591923532 -4.5116196168755005
2458387 zg 8.132897170114893 -18.958865367408098
2458388 zg 7.1905137015279275 4.005064944516465
2458388 zg 6.935244228718095 7.314768935907153
2458389 zg 4.736675828187528 -1.4301701956120008
2458400 zg 2.404387324100472 0.7932314450584194
2458425 zg 6.148751589260329 1.4356655757504715
2458426 zg 5.016221804529556 8.767749085902448
2458426 zg 4.616721200161689 -3.769537938834767
2458429 zg 2.688349852667158 3.1895504629212437
2458429 zg 2.5093539293303873 0.7549146953277381
2458430 zg 2.5875307854026195 4.343904779071403
2458432 zg 3.584857800189104 5.432436095903194
2458632 zg 3.810463435216503 -2.9295310523048794
2458634 zg 3.5817061773735808 1.6717635560704687
2458635 zg 6.9457773013906285 9.571800904695262
2458641 zg 2.547891007323203 0.9989458384809945
2458644 zg 2.9341734676870037 1.7904939913579203
2458647 zg 2.8441416308974814 0.8478238735876287
2458653 zg 10.597707823730211 -10.4524351735343
2458658 zg 4.882540613487377 0.37275565716369785
2458661 zg 2.8626082611580523 -1.7167538699219322
2458665 zg 3.903661082830739 -1.121806706228737
2458668 zg 2.335950430945519 2.2570614779664444
2458678 zg 4.536814472417531 -1.0712468662604735
2458680 zg 8.66836367486827 4.033343172660091
2458680 zg 7.745033538287848 -0.85101461814423
2458686 zg 5.783357262134139 0.07924975127626466
2458690 zg 3.135348248371864 6.889342679979039
2458690 zg 3.422271359270086 2.2183133277141587
2458693 zg 2.5668732830737744 2.9366527345762634
2458693 zg 2.626054004171718 3.061998509239867
2458694 zg 2.4013951146275456 0.6486181439819111
2458695 zg 2.626520809408098 -0.3489459321602548
2458696 zg 2.4570606052816215 -0.23915490387122507
2458696 zg 2.562010150069279 -4.722269000548826
2458697 zg 2.5466541732390775 -3.09166970485163
2458699 zg 3.3045660953752733 7.865161606479424
2458699 zg 5.553454171767016 -0.538348262265814
2458700 zg 2.35322591687741 -1.9672566721295293
2458701 zg 2.597651261528171 3.7421880203297024
2458704 zg 2.937392084778021 -1.794658303200605
2458705 zg 2.670427833699757 0.20149173520851282
2458705 zg 2.5525887214310545 6.111052936971692
2458706 zg 2.7574246459406906 -3.5122868916542576
2458708 zg 6.470581642178341 16.372573078114034
2458714 zg 8.42133638539333 -2.8606496987539165
2458717 zg 4.340059552508474 3.071184918192828
2458720 zg 3.65763013516307 4.176285744685359
2458733 zg 3.045688795027437 3.819925043801975
2458736 zg 7.499344471124831 1.8145157155249747
2458741 zg 10.226419737021512 3.573398936008585
2458747 zg 3.301306033844742 2.8480628524449414
2458754 zg 2.7376684183102737 0.5197599353483815
2458764 zg 7.239704741923853 11.82302368321747
2458785 zg 3.447353232953904 6.8909357019519035
2458788 zg 3.7512014233591637 2.232847606673105
2458791 zg 5.520478612124439 2.561322994748216
2458795 zg 6.876432627910564 -4.667801061451229
2458811 zg 3.730528691690143 6.59981063412272
2458814 zg 4.246899005667539 3.308049778714431
2458829 zg 11.919248939630132 -9.979002885520298
2458837 zg 4.661810389565494 6.05782967179629
2458851 zg 23.835812727735373 13.373466367190607
2458998 zg 2.8856385925890553 19.918583067975103
2459002 zg 6.906423081365743 4.10677612867484
2459014 zg 3.622623363153245 24.090744317838293
2459018 zg 3.007751399985541 27.320583161844993
2459023 zg 3.2198966898478063 18.958870194314265
2459026 zg 2.8217151546699015 17.536086180783443
2459030 zg 3.5209508306711275 21.572490666022205
2459033 zg 5.223375159056529 27.107750481041656
2459036 zg 9.058282575368482 22.11383377005378
2459043 zg 3.3734577623878317 24.193288233385847
2459049 zg 2.623807230962352 23.99726163201971
2459052 zg 2.369493544813679 25.7461957577761
2459055 zg 2.4988024587314857 24.768109396839503
2459060 zg 2.884836628929204 28.74750173625063
2459062 zg 6.332150367160073 20.69275244475064
2459063 zg 7.892431870639655 31.33967481579989
2459069 zg 4.448892452679658 29.94384357384695
2459073 zg 3.2331791163779102 30.136112725805244
2459073 zg 3.1733984827692328 21.778348270113206
2459079 zg 2.8928900290986728 28.94499002380495
2459082 zg 4.297972404847741 22.502337637105214
2459084 zg 3.061431946128753 27.514103245407885
2459085 zg 2.806285967319819 29.8591798973587
2459088 zg 3.6347561237516066 29.240569754921143
2459089 zg 4.991193760468344 29.075240860974418
2459090 zg 6.473131694174339 33.6216848973467
2459091 zg 7.04203223890964 21.93649415896748
2459095 zg 11.813988169779982 26.72673080019619
2459097 zg 6.678205218617691 37.620369776936734
2459107 zg 4.44528824237519 28.72986877043364
2459108 zg 4.9438310725110135 33.3556406972773
2459111 zg 3.591808473367469 33.60072693922686
2459114 zg 3.0657160292242684 30.061005823070104
2459114 zg 3.1370484318233305 31.48363250040424
2459123 zg 10.874649936776896 42.506194236078
2459124 zg 9.225221120440589 36.731815070595324
2459125 zg 6.055730452353843 32.538765822669646
2459125 zg 6.521555871765677 30.15433873058583
2459128 zg 6.0752187514504365 43.46705996624368
2459128 zg 6.4558171217537215 31.128596923246207
2459129 zg 4.5213031046441365 34.34010631249521
2459130 zg 3.2071644084046746 31.012528696958906
2459130 zg 3.316840668512419 34.67224504134492
2459134 zg 3.060073969725905 32.7217418495084
2459134 zg 3.460386505785891 34.142590840699185
2459136 zg 2.983015636648179 42.8376164065329
2459136 zg 2.8804180907922845 32.86509347515928
2459138 zg 3.2517805096109433 33.63692726410105
2459138 zg 3.512608637776548 37.7638768892308
2459139 zg 3.1777609483704627 35.40544203191548
2459140 zg 2.95754883623567 34.815245812462976
2459140 zg 2.899048826373688 33.32453449798927
2459143 zg 2.963845288409834 38.72943460322517
2459144 zg 5.589905032942008 49.72761062935614
2459145 zg 3.4964696670785314 36.91754574207783
2459150 zg 6.703255692406274 48.93198650561982
2459152 zg 8.086820410410814 46.85584910732969
2459154 zg 10.01790091001546 23.58614375449428
2459155 zg 6.006264171447649 34.354255320646345
2459156 zg 3.5786001075797493 38.52983797645651
2459158 zg 3.3207009388926103 45.16479197460372
2459158 zg 3.3949217213654106 37.212029424741566
2459165 zg 3.0515551529100238 42.986360952293296
2459167 zg 3.710581180853779 47.996951270569795
2459167 zg 3.956085718455683 42.15930279499214
2459168 zg 3.0712928143792646 40.207172035895304
2459169 zg 3.6462121811646266 36.31445614948194
2459170 zg 3.0263644285089426 42.02637889262239
2459171 zg 3.265311439151325 36.823601162060235
2459172 zg 3.1909838763514675 40.14960630116901
2459177 zg 7.500760050181823 24.257898752919274
2459179 zg 5.262787915898821 47.24071728963578
2459179 zg 4.808569183059657 32.98222958280146
2459185 zg 6.787315057156814 45.25781523944512
2459185 zg 6.524847782537861 48.40416974632428
2459187 zg 3.695436066524949 44.4110526263269
2459193 zg 30.637655597770216 58.362820431773166
2459194 zg 3.4968360993242817 47.11742656525351
2459197 zg 6.986700151793525 37.578819419162656
2459200 zg 4.311733471836011 43.001193533360386
2459205 zg 5.57136896011722 54.43557149637406
2459205 zg 4.6303718460777015 50.523377601015234
2459357 zg 8.1203870818108 82.7419189518548
2459362 zg 8.85040596994368 58.457167870878415
2459365 zg 6.635361956304788 77.3191356843698
2459370 zg 3.2634373288765652 79.68045645581643
2459375 zg 3.516136229717995 79.25931641339179
2459379 zg 3.1177546642285248 72.95275396509042
2459391 zg 8.285021093054352 69.88054281106935
2459395 zg 7.006412275728573 68.14681391190737
2459397 zg 3.6500593558239554 79.06822869409203
2459400 zg 2.9048560094989253 76.79666300425959
2459402 zg 3.0684084541366157 77.76101675608486
2459404 zg 3.3734577623878317 75.68065335859369
2459408 zg 3.619594838831868 74.19244717680222
2459410 zg 3.202151958824643 74.11186603609613
2459415 zg 2.992469722527605 73.97855984933527
2459423 zg 6.972327824350015 81.24102263778104
2459423 zg 7.94492781942639 81.18357643323071
2459424 zg 5.054796231130915 81.57049780138198
2459425 zg 4.679299529621497 78.80521670759649
2459426 zg 3.4615872049367638 77.75624289466677
2459426 zg 3.319265084621712 77.64608397022342
2459427 zg 3.006282335181238 78.68791461327324
2459428 zg 3.03969329110957 73.43302265143137
2459429 zg 2.913598903156863 75.0773540102087
2459430 zg 2.9650345952047443 80.50580223786758
2459435 zg 2.927047464649196 81.97431959632013
2459438 zg 3.1148844280586516 74.55984804777847
2459446 zg 8.591187140814675 75.24654573117412
2459446 zg 7.915711475188073 85.0434915499005
2459452 zg 4.8139730318922345 79.75024933485183
2459453 zg 4.244747950003938 79.40173520273167
2459453 zg 4.347623296787934 85.33971356337294
2459454 zg 3.8574466369038762 79.40139722851475
2459455 zg 3.4298511826834086 78.14957935138013
2459455 zg 3.690285444819974 82.79014611638871
2459456 zg 3.3716457457142277 82.0093800843416
2459459 zg 2.640778190453569 84.86005986226672
2459460 zg 2.8056259187179164 78.216677889208
2459461 zg 2.872927124964633 78.1526758594205
2459461 zg 2.91021188344247 80.77663133831591
2459462 zg 2.779230772439047 81.52104591420354
2459463 zg 3.009052499049149 80.275195848774
2459463 zg 3.0346818739151424 81.36473079554139
2459464 zg 2.702289816458986 80.67898351009006
2459467 zg 3.070646094388932 84.30382647816778
2459470 zg 3.4140924479526094 79.11513732281036
2459473 zg 3.8642032397277104 89.05650983329951
2459474 zg 7.012868392608445 83.59360141164859
2459478 zg 11.896554035671024 101.09091959834846
2459478 zg 12.954645532315126 92.34277966104887
2459479 zg 8.425880308461958 93.62524749373871
2459480 zg 7.630935777932663 82.52114876654828
2459480 zg 6.834325965242126 86.49956529674003
2459484 zg 4.985233738828469 81.95707541584905
2459485 zg 4.397601466836001 73.04884100523756
2459487 zg 3.387208555369486 75.92492913420162
2459487 zg 3.3152262359574864 81.74663258998729
2459488 zg 3.110496843475244 82.44378241209041
2459489 zg 3.6650109532480344 77.32010715142106
2459489 zg 3.7502972643344004 81.23744296613677
2459491 zg 3.6804415657171226 81.54959307499836
2459491 zg 3.7022495848797363 89.8863587281644
2459502 zg 5.81527670736676 80.2793209322437
2459505 zg 7.087580571291749 64.92443623731582
2459510 zg 5.386237826669971 83.05770792410834
2459517 zg 2.7702644167827533 78.09623594343742
2459517 zg 2.9317343112240004 77.51589396334437
2459524 zg 2.7779295251041765 72.2232763598744
2459527 zg 3.3335975682972445 71.63257089482977
2459532 zg 6.5684025439083396 72.83657301957687
2459532 zg 6.752616801911944 69.40317899640681
2459537 zg 15.485024562949505 47.049654617001195
2459538 zg 6.389576954432116 61.39179018882492
2459550 zg 4.132871546938342 62.936675585178385
2459701 zg 10.025718841689963 37.61313477570642
2459737 zg 2.9048560094989253 18.904554793797317
2459743 zg 7.40781206694447 16.047866281969213
2459750 zg 4.787243581674682 19.437682015119183
2459753 zg 3.3301645478199045 25.76760885545489
2459759 zg 2.659038403698531 17.22907516395144
2459763 zg 2.7639145349138725 16.43587797786099
2459763 zg 2.592514676614419 20.39158290116663
2459764 zg 2.6663957582065314 16.150321064121105
2459765 zg 2.715967756453201 13.661487595416668
2459765 zg 2.6762372407557162 15.262462136977497
2459766 zg 2.585361181307372 11.118310305907915
2459768 zg 2.7524102763525162 16.99108723152426
2459768 zg 2.632234698519883 13.60968660677785
2459769 zg 2.901629364205755 7.041261365104289
2459769 zg 2.575853882566561 18.229669181699123
2459769 zg 2.7761436686854695 19.147583901662195
2459769 zg 2.782465351154989 13.365589734805445
2459770 zg 2.713467409334737 14.904504541129953
2459770 zg 2.8446560631060285 15.67940602646602
2459771 zg 2.6966821779593024 18.521178553446063
2459771 zg 4.594142159360192 9.112306641838703
2459771 zg 4.468939031154334 15.356602937845793
2459771 zg 2.741762075849485 12.692523526528863
2459780 zg 3.901358579850501 16.92214534609787
2459780 zg 4.1150012672269405 11.442411326805054
2459781 zg 3.66450964266482 14.67440517062099
2459781 zg 4.563368345835865 13.074547392756045
2459781 zg 4.801427599242384 9.204716804857938
2459782 zg 3.4697639207762094 9.037934105243078
2459783 zg 2.8355802161202153 15.24858516216299
2459783 zg 2.8069969297646753 11.066217608046358
2459784 zg 2.5417018776834754 16.852828077078385
2459785 zg 2.9626154061040006 11.713912080129075
2459785 zg 2.865994000334282 13.077251974980356
2459786 zg 2.7863902231908457 10.364046915301047
2459787 zg 2.8962892852946722 9.173443593694305
2459789 zg 3.5528825092375023 14.680391439839273
2459789 zg 3.469380293079265 6.924601525597201
2459790 zg 3.028832640854559 13.81114774782311
2459795 zg 3.202579555126282 13.726812507208896
2459798 zg 2.942117141152618 13.55149777495857
2459806 zg 6.356857533948384 20.577602253358172
2459808 zg 4.325990143160778 9.369097793116826
2459812 zg 2.8723802875817825 12.312229490210797
2459814 zg 2.753226478416439 15.187709199875455
2459816 zg 2.9005160762685214 13.009365628252779
2459818 zg 2.9354539847993126 10.850041568685574
2459820 zg 2.6675536985899533 9.03851309260693
2459822 zg 3.2587564761984513 6.842751665250559
2459826 zg 2.870119152967576 6.137446241042369
2459829 zg 6.899392331435736 23.16317109096976
2459839 zg 3.2304544573420553 13.951553231398098
2459839 zg 2.8818759114065298 9.092424461274955
2459839 zg 3.173218129279585 6.218527686428067
2459840 zg 3.4167709722914394 8.188903513362336
2459841 zg 2.816276406802418 8.882512039889024
2459841 zg 2.7330145111105946 13.241642890006547
2459845 zg 2.811093409127634 10.78681559247606
2459847 zg 3.106155429355854 9.934062374115978
2459849 zg 3.0189780837896847 9.083248765752767
2459851 zg 2.827873383647824 10.566240997469484
2459853 zg 2.6747012268703347 11.314942360432653
2459855 zg 3.5923682220547977 4.986630485435238
2459857 zg 6.898850466231545 2.4139414629473723
2459860 zg 9.425741415704987 13.346424566538538
2459874 zg 2.6845733643306104 9.437263368807447
2459877 zg 3.3040902945607513 11.341201574605059
2459879 zg 3.2587564761984513 4.933217387111043
2459881 zg 3.4789798011960986 7.8151482186099415
2459883 zg 3.7322435252518873 7.4709019818169295
2459888 zg 11.950441114366003 -7.680798036298433
2459898 zg 3.299254888164355 4.764988088058456
2459903 zg 4.002781835186097 2.920409748910395
2459905 zg 4.116900630007565 5.456826315927778
2459910 zg 3.388565374951162 3.660507334363687
2459922 zg 8.452072084576079 9.674510770443826
2459924 zg 7.715484308279812 -1.3384542522472378
2459932 zg 3.5694756996649906 -1.5117915098994192
2458256 zr 5.379340317021235 10.20005213877766
2458267 zr 12.492047505168175 -0.43957334785138436
2458270 zr 9.770566657335957 -13.098767264589297
2458279 zr 4.167214585483247 9.150583149795299
2458282 zr 6.1635338085539715 -3.1393191117138795
2458288 zr 3.8220440558477127 -4.311853949388942
2458291 zr 2.942486254189846 1.5069761618867106
2458300 zr 9.556265283961663 8.81685164229985
2458303 zr 5.221556347228008 -3.050018006259405
2458310 zr 3.9100002450370757 5.063484957929853
2458317 zr 3.251411468633858 -0.2832891790896789
2458320 zr 2.652684046806104 0.44595205419542616
2458323 zr 3.2438425082197173 5.6558293068391645
2458326 zr 8.941749438295247 1.1708235261231816
2458331 zr 6.587627293583802 -5.313992971805696
2458334 zr 3.5438236738513464 -2.063870892597945
2458336 zr 3.869233219073621 1.3689064263506514
2458336 zr 3.4909565094420936 -3.1525185908426865
2458338 zr 2.8377003644664005 1.7680009985705005
2458342 zr 3.29199950033176 -1.7748894977438592
2458345 zr 3.02193964094938 -3.0242619857432045
2458351 zr 3.3538463805341068 -0.5113350878228513
2458354 zr 6.4877175718686635 -7.86477330348823
2458354 zr 5.872089335239668 -5.611402895851128
2458359 zr 5.390447108453632 -0.40650838844209364
2458359 zr 6.680125183393938 1.0841659013973268
2458362 zr 3.4314059898846447 2.9665378759492262
2458365 zr 3.5059021188530903 2.250833885636848
2458368 zr 2.827265124200174 -1.903302532617034
2458374 zr 3.2193662327577743 -1.1364337882895414
2458377 zr 3.150294966850568 -2.40456226700001
2458380 zr 3.438067846140226 -1.9960175016158042
2458385 zr 8.060038634629493 5.001681487444713
2458388 zr 4.596547622183118 0.7897456877050589
2458388 zr 4.897910462682795 4.026538274852698
2458389 zr 4.280491297483189 -2.789229779696597
2458390 zr 4.0006441417863225 1.7574544445732125
2458400 zr 3.0575004946306534 -0.9303283557914356
2458423 zr 5.8081045500078385 -2.466134423727469
2458423 zr 6.530187998610413 -12.320537602847486
2458425 zr 7.509315998236159 -1.6967772250887807
2458428 zr 4.097302313933326 -0.8585321957387082
2458429 zr 3.220786374482675 -0.7992323370458981
2458430 zr 3.324837196203695 4.163564487182985
2458432 zr 5.465260177232893 0.8077466303683529
2458432 zr 4.573667812680839 3.5942451047578388
2458433 zr 4.5192318077163245 8.352387432381931
2458443 zr 5.516988779697026 2.39160646793994
2458456 zr 4.502935112069941 9.244603512132969
2458474 zr 8.158016908113002 9.10674953006882
2458488 zr 6.036382225672838 2.3646807352328585
2458491 zr 6.959262085791439 -4.182439293308298
2458491 zr 6.058884227341686 -5.191729464399841
2458491 zr 7.246750702036625 0.6219152837068996
2458493 zr 8.443926384037963 -1.2574481293018454
2458493 zr 15.870143217165364 14.97868864552623
2458632 zr 4.576126369478374 -7.120944974831495
2458633 zr 3.5493972250047903 1.8349930071281202
2458635 zr 3.269531497500699 -4.705023972345254
2458650 zr 5.3466518156884 -1.101682970545033
2458653 zr 6.969264507830438 3.294537621648944
2458658 zr 4.255297443697567 7.959202656181712
2458661 zr 3.2136933174337847 -0.9339571164519578
2458665 zr 2.898550331235011 -0.5391201560275931
2458668 zr 3.1579440387983206 1.7648713527866062
2458674 zr 3.2337292353208458 4.3644667164686695
2458677 zr 6.097618901443717 5.45510336423794
2458677 zr 6.2668004289752455 3.9027568031836997
2458679 zr 5.1939004148784695 3.72453117344943
2458682 zr 7.872648377993648 -5.080987307136377
2458688 zr 3.7046844234757006 -2.0413764598166373
2458690 zr 3.2806652638100946 -2.5051022126712956
2458690 zr 3.0228449306713463 -1.281249850915627
2458691 zr 3.3241876031629563 2.907993418839168
2458692 zr 3.4179565375449954 -1.3458622014720119
2458693 zr 3.0702233710539235 1.5764809683931318
2458693 zr 3.1659470932415603 1.8501637575205243
2458694 zr 2.9361676268833703 -0.9908538328191556
2458695 zr 2.984117151502652 2.569352191511954
2458696 zr 2.959483130822299 5.750950557443948
2458696 zr 2.7268649063949275 2.1356438968081113
2458697 zr 2.902791674549439 1.6703468149054213
2458698 zr 3.2196186150200057 -1.2759625890442114
2458699 zr 2.9975744149599453 5.848476547713254
2458701 zr 3.049164437816914 -0.941682248224868
2458703 zr 2.865917093445823 0.4392458766711478
2458705 zr 3.6171116987910934 2.221630026957825
2458705 zr 3.3923734297692114 0.19466253598548688
2458709 zr 5.18668599020758 -8.809309346552924
2458713 zr 8.072001148148326 13.928883575923614
2458713 zr 7.740819626529593 6.396007510356059
2458714 zr 5.253998638956955 11.85876844771106
2458717 zr 3.8935989788721153 -4.358431315550176
2458736 zr 7.968585099662685 -3.2773744609653153
2458744 zr 5.700246261652799 2.3257654451764758
2458747 zr 3.61215631460885 2.0846322117247547
2458750 zr 4.355979083124147 9.145155681573069
2458757 zr 4.058466077315138 0.05223921399847198
2458760 zr 3.865015316801461 2.6276570676368936
2458771 zr 7.842137006043257 3.8131811965555693
2458774 zr 4.677349117527527 4.701918809236087
2458785 zr 4.388854864352209 -3.7109460916559938
2458788 zr 5.178187816398008 1.5477503779297195
2458800 zr 9.899375411524645 -2.5467947078251285
2458829 zr 19.646696367779384 15.935040810352923
2458833 zr 7.113608434349169 -5.696462077619308
2458837 zr 4.938123193551275 4.034248222423802
2458854 zr 7.900474566598437 27.03957167592698
2458864 zr 6.078239360278473 -2.321105784668517
2458864 zr 6.349553200238117 -3.4160384875529006
2458864 zr 6.868658640307628 -7.816905830897828
2458864 zr 9.171374452861992 16.192452300166934
2459014 zr 4.0203138705718695 4.642301629742421
2459018 zr 2.7839121722465916 3.548125933827764
2459026 zr 3.0236528283946797 11.344525275494767
2459030 zr 3.6585851785119092 12.425731295399416
2459033 zr 4.420790424035224 11.889823070464736
2459036 zr 6.461218720561933 15.040423169983065
2459040 zr 4.797907902290583 8.374146553241996
2459043 zr 3.5197609658247115 10.207290348423362
2459046 zr 2.899048826373688 8.155709818657876
2459049 zr 2.909749015325827 7.551152984505232
2459052 zr 2.7313316298995693 17.845279823802016
2459055 zr 2.8928900290986728 13.957253354068484
2459060 zr 2.839059105370229 11.530754707401847
2459061 zr 4.000140787901407 9.90132806565773
2459063 zr 7.17133130734544 13.548090106695774
2459069 zr 3.8021545400641577 16.764338887533434
2459073 zr 3.9613383427619158 11.040660493872178
2459076 zr 3.515845360228251 11.47072014131942
2459079 zr 3.3428833618100495 9.161658209011193
2459082 zr 4.004176114298433 14.119427259915096
2459086 zr 3.2072434332743907 12.256645198746634
2459088 zr 4.531687567935728 15.699179161259265
2459096 zr 6.274251458055958 6.760639965989009
2459096 zr 6.814904285836224 11.119780908872547
2459097 zr 6.9616861883688355 13.036966956801088
2459098 zr 6.037894572598055 23.03405528242233
2459098 zr 5.284734621774592 13.874973876223251
2459098 zr 5.172060814302142 7.068041009234322
2459098 zr 5.284219458692082 13.084902133828068
2459098 zr 5.005551191741745 15.098606974356194
2459099 zr 5.065016284345389 9.208278591037125
2459099 zr 4.870974643698198 10.24090882656445
2459107 zr 5.080423624106306 9.754539574413773
2459107 zr 5.0851050227202945 17.22463335352425
2459110 zr 5.065510077122622 10.826528772732754
2459111 zr 3.49398650839129 14.5354778315116
2459113 zr 3.7656672179239123 15.841760664003047
2459114 zr 3.4366232553500446 12.190793828961258
2459114 zr 3.7318537001472727 17.76910944914082
2459123 zr 15.101538061057255 -1.6883485283567872
2459124 zr 7.371602697145728 28.48542099612033
2459125 zr 6.030731222715288 14.670361728702455
2459125 zr 5.616320811087419 10.848706044777508
2459128 zr 5.103873794080593 16.42849404835205
2459128 zr 4.889513990211779 14.810316599510845
2459129 zr 3.8647785114280504 18.917393060327502
2459130 zr 3.2898374040890523 26.744985811122277
2459130 zr 3.2327672222173023 13.969133076414266
2459130 zr 3.963467276721235 16.760726760208517
2459130 zr 3.9891032463932024 14.990164281633476
2459131 zr 5.122711839679435 19.837954945149352
2459134 zr 3.4652288748452964 15.477505616696925
2459134 zr 4.058117426977647 18.458075311319817
2459135 zr 3.8328745917955502 17.97215256145986
2459136 zr 3.7198139919429023 23.26060906593017
2459138 zr 3.882617518509264 16.617348012843937
2459140 zr 3.463024227388162 18.88113848812618
2459141 zr 4.603010203670105 10.814472369817585
2459141 zr 3.469961128785836 22.973248238455373
2459141 zr 3.473158553335581 17.0973273840831
2459142 zr 3.2647920925825424 16.717226585934082
2459142 zr 3.491849602179328 21.38922547676025
2459143 zr 3.253676975390249 12.587102702880257
2459144 zr 4.394537458043097 23.489362515660137
2459144 zr 4.601142598307895 19.569201109604023
2459145 zr 3.843479860646623 18.646790587783094
2459145 zr 3.8783047988769193 21.918504141693223
2459145 zr 4.1310998591299715 16.140164812749607
2459146 zr 7.078837131287598 18.764402404187198
2459152 zr 7.093907570328115 20.416585237859774
2459153 zr 6.636685218886773 8.674138672235276
2459153 zr 6.3555218967409255 35.5058404743201
2459154 zr 4.996891584535524 22.77964206352484
2459154 zr 5.157789607625237 10.943911237992738
2459155 zr 4.235582747464652 23.14448449620733
2459155 zr 5.3109226136936085 19.676955395097956
2459157 zr 5.52906769519695 22.73209818681244
2459157 zr 5.926739907398388 18.58022297115989
2459158 zr 4.057344998643576 19.722218958243456
2459158 zr 3.9412117143257666 19.104944289186594
2459164 zr 4.221258397602185 21.95628111147657
2459164 zr 4.2368387707436215 21.872864144440403
2459165 zr 3.552394783684284 12.102460866221318
2459165 zr 3.259302049747759 15.84978562250069
2459165 zr 3.3762124338965847 21.920970843067973
2459167 zr 3.8222985859382965 22.031460849163633
2459167 zr 4.014484310710229 23.4647321146918
2459168 zr 4.06658416268254 20.929340187560932
2459170 zr 3.6603668183146842 25.58345655581629
2459171 zr 3.4208334057716696 26.862603291013407
2459172 zr 3.8479530545518243 20.896861622744513
2459173 zr 3.588568359890678 24.07728131380193
2459177 zr 7.381669650057521 12.382771001809676
2459178 zr 6.22751013086014 23.198673038368636
2459179 zr 5.602242711550421 9.892029505501588
2459179 zr 5.134091716989561 23.06633555792401
2459179 zr 4.6012441353369375 21.866093761222857
2459179 zr 5.555022030805957 25.075368729782326
2459181 zr 7.013023151085593 23.90362274126108
2459181 zr 7.775087273444834 36.407205699633785
2459182 zr 8.29265539466607 19.09879069033287
2459182 zr 6.642800647694278 23.137812864469808
2459183 zr 9.38620328678616 18.061033572461287
2459183 zr 9.566519048235119 5.964016221610901
2459183 zr 6.3166312646602565 10.74123171354999
2459185 zr 6.77196091254222 23.50416688536594
2459185 zr 7.391191296802928 12.45848402728038
2459189 zr 5.662450645831458 14.774826663526042
2459189 zr 5.477480573768044 22.626371693700115
2459195 zr 4.379857292774027 21.001279782368126
2459198 zr 7.213904430738031 22.11554040426278
2459200 zr 5.017225521643127 14.62271533364787
2459205 zr 5.745180172745953 21.610910236946122
2459205 zr 5.623024467874209 23.285656526600942
2459211 zr 9.973628312621457 24.382751966811192
2459218 zr 12.709128807845305 59.697947260799324
2459218 zr 9.717486379655094 33.13928601628448
2459219 zr 4.710857060618322 17.420715071960778
2459219 zr 5.219343366045504 16.36117076625106
2459219 zr 5.231237404988612 15.952394485209656
2459219 zr 5.178224151834662 21.511581754543975
2459220 zr 6.235704486635469 17.04002530491975
2459220 zr 5.90613885325589 19.287203101080852
2459220 zr 5.767220230659557 32.54297585083445
2459220 zr 7.2979315707854004 16.193245717164196
2459220 zr 6.457813901604256 21.622110599272574
2459223 zr 9.342056260291166 16.229483912451997
2459223 zr 8.097501174560055 23.73195364727737
2459223 zr 7.203017048922985 15.82339491996197
2459223 zr 7.078531455499326 20.286064751813797
2459224 zr 8.40575610340545 27.116694947567616
2459224 zr 7.292424362329253 22.946783410354268
2459224 zr 6.473679870609661 27.08047497505725
2459224 zr 9.648991035672493 18.488957192637454
2459224 zr 11.693675007252395 34.51922598804893
2459225 zr 7.87366231039903 15.927177452007399
2459225 zr 6.5791590349106945 24.636425524555722
2459225 zr 7.020228034699129 28.548834799547006
2459225 zr 6.222303913154814 22.45889601878616
2459225 zr 5.996333589978565 25.85116134329791
2459226 zr 8.262199718259943 14.994812894969469
2459226 zr 8.78120145287893 17.979045176731603
2459227 zr 7.9685224135015496 46.56490900813964
2459227 zr 8.319360731925164 27.283130229878175
2459227 zr 8.622896619073028 30.04042007020359
2459227 zr 9.171318249501784 17.154027656793037
2459364 zr 6.963054379006577 33.22116214135702
2459365 zr 6.688898493541538 36.776224736900836
2459368 zr 4.339335043648009 34.50740137939877
2459370 zr 3.552328913058645 37.4577419809312
2459373 zr 3.8519024224291702 37.551699279314604
2459375 zr 3.651452816253547 34.15333737418805
2459377 zr 3.5093748950839383 33.28898213561674
2459379 zr 3.707165182655225 37.94211705646513
2459382 zr 3.238356147037761 32.636350313572606
2459387 zr 3.9235146351111365 33.9527355076544
2459391 zr 7.319340196890654 45.0347064156319
2459397 zr 3.5687257183212084 40.144187162792214
2459401 zr 3.4140924479526094 41.38840177619529
2459401 zr 3.6299440143312087 36.5469304878207
2459402 zr 3.6529349422067825 35.16549077190553
2459402 zr 4.170836674387179 37.26924964483584
2459402 zr 3.8838605017136394 38.63532596424742
2459408 zr 3.9706873575564905 37.06856438020944
2459410 zr 3.839210614198194 38.14581442271863
2459412 zr 3.384734512839652 34.2199331860686
2459412 zr 3.450324645168369 37.72776682520681
2459412 zr 3.5277672719052626 33.908680248734285
2459415 zr 3.2985616828247752 38.59480564150331
2459423 zr 6.099632264710564 36.32930498427166
2459423 zr 5.879906017630506 45.4457743989186
2459424 zr 4.340101905319025 39.76773229327481
2459426 zr 3.858919270284279 39.6287837742025
2459426 zr 3.673177687969024 32.48671452124575
2459426 zr 3.8076051649403264 37.31606729141207
2459426 zr 4.136227614117766 40.52000540309098
2459426 zr 3.908551771077171 33.533993669069254
2459426 zr 3.9142801663891986 40.557779395045195
2459426 zr 4.075499516798935 39.35341644079755
2459427 zr 3.366896490569701 35.17706799858154
2459428 zr 3.403491025424764 33.33720132932591
2459428 zr 3.1719126844832104 39.26238359988986
2459429 zr 3.39179632242676 39.5538657750899
2459430 zr 3.3260181112341476 32.55573666315133
2459430 zr 3.195370516563918 38.089499770501746
2459443 zr 5.093084081485976 33.1613656555972
2459446 zr 8.17156562018971 31.547173555642647
2459446 zr 8.353425783244349 42.44268059659905
2459451 zr 8.036456872854922 34.122021290765986
2459453 zr 3.948805047059054 38.38644134571674
2459453 zr 4.1272967272244685 40.62790968161555
2459454 zr 3.601746730831764 32.7650631102249
2459455 zr 3.714000326752305 41.61394751323106
2459455 zr 3.4772007526538817 35.8786644410784
2459459 zr 3.726278210060549 39.03231403888442
2459459 zr 3.3475310173526753 34.75157234062213
2459460 zr 3.1313522490812655 36.342163799369516
2459461 zr 3.238356147037761 37.22311511647221
2459461 zr 3.148627060878195 39.55558551928371
2459462 zr 3.4572008393110316 40.394712216230566
2459463 zr 3.4381483339371623 37.589074613484286
2459463 zr 3.28489296958052 39.58611731961079
2459464 zr 3.2279085608768607 39.371587912278926
2459465 zr 3.7854121404936394 41.95263198537743
2459470 zr 3.3183426094433863 35.20174552732702
2459473 zr 4.502979054314396 39.528895272667455
2459474 zr 6.652218963625969 39.72128407055672
2459478 zr 8.400317262363458 29.02407052826238
2459478 zr 8.536698749861122 44.62117212162384
2459479 zr 6.78219675171777 37.02365255548841
2459480 zr 5.671574654064896 37.963863600491344
2459480 zr 6.494868830132287 36.31169925818194
2459484 zr 3.403491025424764 42.71771215325522
2459485 zr 3.4772007526538817 37.58212697100037
2459485 zr 3.4956231736094 35.64113626736562
2459486 zr 3.654515136046191 37.72135704954558
2459487 zr 3.917797074577292 39.95161064119618
2459487 zr 3.6462121811646266 43.03255254448567
2459488 zr 3.634375238914185 40.70591965495426
2459489 zr 3.8640428835215497 37.729347842041676
2459489 zr 3.896206240464227 46.56639717919487
2459491 zr 3.4255050314994615 37.67505738165234
2459498 zr 4.048324128135727 33.71310651907032
2459498 zr 4.022307575501994 36.52853613321819
2459498 zr 3.7369145798175945 38.9286642735447
2459498 zr 3.7266033552946727 31.938017674279756
2459498 zr 3.549058603482804 35.48764145223568
2459498 zr 3.5977399190643786 37.383773904018156
2459498 zr 3.7194204700845748 33.008038688374256
2459498 zr 4.055788289402931 25.01702281725784
2459498 zr 3.859341154662667 41.799211766389455
2459498 zr 3.7438045748334745 35.60491636310142
2459498 zr 3.8950511986978333 37.882054077206156
2459498 zr 3.778445572057767 35.19101885458045
2459498 zr 3.7472543347047638 39.94621723131206
2459498 zr 3.7037523292588177 36.49640842602393
2459498 zr 3.740357990845658 41.6235494540524
2459498 zr 3.6856421896302662 46.13507182577396
2459498 zr 3.7576226988975185 34.618809119548175
2459498 zr 3.719745016930333 34.14020025275468
2459498 zr 3.715606936376825 34.64435839750041
2459498 zr 3.852238529301577 41.04473846056993
2459498 zr 3.7121863114173865 36.47968018557668
2459498 zr 3.601746730831764 35.550231903137046
2459498 zr 3.743085651039376 32.32275147002574
2459498 zr 3.614346332006988 39.87671623230663
2459498 zr 3.993127438161474 29.25359858911028
2459498 zr 3.5687257183212084 42.32394689084151
2459498 zr 3.8416090927589255 35.51990654310414
2459498 zr 3.813407098482982 35.85774550429656
2459498 zr 3.9504078683849837 35.01636411408214
2459498 zr 3.7053545057842645 41.06807609721492
2459498 zr 4.112209924763124 34.74410257998383
2459498 zr 3.978096160643676 39.08600330592304
2459498 zr 4.003826750908773 32.01700792005003
2459498 zr 3.771491824702944 39.343816823657015
2459498 zr 3.86048560694252 36.30941420936838
2459498 zr 4.115999154808979 37.22219283493936
2459498 zr 3.9891032463932024 40.52228310374232
2459498 zr 3.8533808753628933 35.20439852136492
2459498 zr 3.90908646700076 34.403520926612686
2459498 zr 4.097087856511166 36.4810462745172
2459498 zr 3.9358808042268407 37.143716458164306
2459498 zr 3.7576226988975185 35.927169522600984
2459498 zr 3.978096160643676 36.28954880155116
2459498 zr 3.968642122619569 37.51992782042339
2459498 zr 4.089547688656054 38.62092668715529
2459498 zr 4.007516110377408 37.51184290057863
2459498 zr 3.8640428835215497 33.91478445343239
2459498 zr 4.051965072185735 35.02621376257663
2459498 zr 4.1655780567016745 34.73176701138738
2459498 zr 3.871167273346361 37.51457819955963
2459498 zr 4.022218814038985 35.287386659786094
2459498 zr 3.917797074577292 44.179821056399504
2459498 zr 3.881878495098617 36.12890671344399
2459498 zr 3.799383835208289 38.95534002951607
2459498 zr 3.6417755065327597 35.48998886119953
2459498 zr 3.5911187374253988 38.13449157908565
2459498 zr 3.7094811681806874 35.197647098761166
2459498 zr 3.835676198455003 39.05670944763682
2459498 zr 3.925020574537078 34.406626510150886
2459498 zr 3.58364193330226 34.015068462819684
2459498 zr 3.5647556412249024 39.38611376415511
2459498 zr 3.7552766565842646 31.652799928265445
2459498 zr 3.9707749818343587 34.366961983390006
2459498 zr 3.957691495008634 41.540782159510236
2459498 zr 3.587812717548746 39.17788296575999
2459498 zr 3.664626898017491 37.08323763881386
2459498 zr 3.5483770768096856 41.669282079587234
2459498 zr 3.6110189285741114 31.59570622899158
2459498 zr 3.614346332006988 41.4766992342681
2459498 zr 3.401181161671021 34.646524145280786
2459498 zr 3.3076885490006434 40.92059916107145
2459498 zr 3.5753056124790983 34.33012887639934
2459498 zr 3.7094811681806874 48.76380197042829
2459498 zr 4.268172247520371 39.57090501624377
2459498 zr 3.877155064045383 33.592258371773205
2459498 zr 3.6781527827460097 45.881698276114165
2459498 zr 3.572014150323633 40.25098858363114
2459498 zr 3.7645508748335748 34.24644272924781
2459498 zr 3.688329948265549 36.12644865285639
2459498 zr 3.923856990676843 33.12188323005334
2459498 zr 3.698535273218389 29.697203814105954
2459498 zr 3.4302140675527335 34.64950056331321
2459498 zr 3.278157118221623 37.827261189881995
2459498 zr 3.431820860264018 33.692432690225395
2459498 zr 3.614346332006988 31.19934837819739
2459498 zr 3.5255734336079088 37.28693433159606
2459498 zr 3.8427482867581677 32.21120996372044
2459498 zr 3.6110189285741114 44.05491288976622
2459498 zr 3.740357990845658 35.865146083963396
2459498 zr 3.710581180853779 40.653357222039396
2459498 zr 3.820438127782914 35.399552665552555
2459498 zr 3.7645508748335748 37.99388016181375
2459498 zr 3.7369145798175945 40.10155466461095
2459498 zr 3.79588608439673 35.08040456245191
2459498 zr 3.607694588382176 41.61691079261714
2459498 zr 3.69243765037053 38.51390375519634
2459498 zr 3.6317267981376715 34.854075091185386
2459498 zr 3.601746730831764 38.23566303848673
2459498 zr 3.637724164213533 37.209145478420396
2459498 zr 3.6350732830092256 35.93700528349038
2459498 zr 3.7163205824125063 38.687957529933904
2459498 zr 3.698535273218389 43.20784262743618
2459498 zr 3.7638279671219372 43.091465470499834
2459498 zr 3.7691371233095676 34.650501329338645
2459498 zr 3.82861712542872 38.19646979723517
2459498 zr 3.7334743388282035 37.55827903631435
2459498 zr 3.7472543347047638 35.029082352762906
2459498 zr 3.7656672179239123 30.45056522489299
2459498 zr 3.7691371233095676 38.36480462790054
2459498 zr 3.7916632996849455 40.903803710843874
2459498 zr 3.8098964377147864 40.43906936442156
2459498 zr 3.7258877346553634 34.81488924663936
2459498 zr 3.6815420472273033 38.24880114782917
2459498 zr 3.7215564400502017 37.629504505137355
2459502 zr 7.654964241307376 29.472678859472648
2459505 zr 7.542983649405888 35.188129084059675
2459512 zr 3.4572008393110316 33.269970469161436
2459517 zr 3.375395054640402 25.629727413933832
2459520 zr 4.1046419266693235 35.48877563491033
2459522 zr 3.1888182358547756 33.88975589257181
2459524 zr 3.1025673915133622 36.574757785375624
2459529 zr 4.533813202178914 32.935726937306676
2459532 zr 5.185801258966548 31.0413678701668
2459532 zr 5.341774192276548 35.12316123623866
2459538 zr 4.693014621099615 32.329972091559654
2459542 zr 5.065016284345389 22.881586801244808
2459542 zr 4.857534220556642 28.247673792764914
2459550 zr 4.0556987891110055 26.51452882697007
2459731 zr 3.7676909927510107 2.802508885996949
2459737 zr 2.954826087155583 5.194428535143466
2459743 zr 5.457158100030662 7.033764121016285
2459756 zr 3.155910001637654 10.167839057183151
2459763 zr 3.702331285330351 2.0980095825291576
2459763 zr 3.5782878755929097 7.7313702613940185
2459764 zr 3.230823035113131 7.234405387895774
2459765 zr 3.104772370597434 3.696873373352638
2459766 zr 2.9889910165417044 8.674353098180443
2459772 zr 5.5712316843801695 3.435337299471486
2459772 zr 4.286113060055902 7.4675842762827465
2459773 zr 6.502191568904488 5.272472533331368
2459773 zr 6.913085580735326 7.818549864998097
2459773 zr 7.455726287556107 9.149975921920639
2459773 zr 7.98319586395935 -10.051063348956331
2459775 zr 8.178875897168128 8.118352587907554
2459775 zr 7.616892013514509 2.5973894097219037
2459775 zr 8.450646906393217 21.463762113125945
2459778 zr 5.901393927057017 17.33792453790732
2459778 zr 5.538173229128768 7.119395194249641
2459778 zr 5.308435391516821 14.19921272691266
2459778 zr 5.724932685087724 1.829703410009972
2459778 zr 6.41756660216971 -2.339172683362192
2459779 zr 4.182653683730418 6.508426969543331
2459779 zr 4.266420159360777 15.55078906809414
2459779 zr 4.438291972219281 6.261954222536245
2459782 zr 5.529499022971334 6.52311705539295
2459783 zr 3.263722087832949 11.068554786389953
2459783 zr 3.288833879410385 4.431525183679241
2459784 zr 2.9759783330713474 4.133808516737998
2459785 zr 3.035581781036586 3.4067685938062207
2459785 zr 3.171853868983899 2.3178582182399516
2459786 zr 3.19037649955569 4.838465569339496
2459787 zr 3.022941654321439 4.09577456814059
2459787 zr 3.073475566778227 4.632403969215446
2459788 zr 3.340734311715465 3.7811542669716727
2459789 zr 3.3903297268720283 6.202823488455473
2459789 zr 3.319265084621712 7.98898986541964
2459795 zr 3.0481038883793112 4.432736248912377
2459806 zr 5.459479245524078 1.7181406259835987
2459808 zr 3.776243235199935 3.1453059042795433
2459810 zr 3.7309822564689488 3.318927434162936
2459812 zr 3.0712358646336773 6.027958290542914
2459814 zr 3.269382194740254 8.497671616273509
2459816 zr 3.1197024260137587 2.4705470252425994
2459818 zr 2.935146379591234 7.6101954812374455
2459822 zr 3.762286872893202 -2.6820479665868
2459824 zr 3.2423932983570625 8.412135963074174
2459829 zr 10.166862447653916 -8.389150543948233
2459843 zr 3.197976565222006 2.2470399844751787
2459845 zr 2.9465456280639284 6.26859527054501
2459847 zr 2.8980986905225965 0.18599848755635495
2459849 zr 3.3316545193227856 -1.1005330897865222
2459851 zr 3.314863831571919 6.731229665822228
2459853 zr 2.7392379822222415 5.640499831076811
2459855 zr 3.501250498455666 10.868585587829983
2459857 zr 6.532744737494322 -0.09141673655005267
2459860 zr 8.837217038472785 -0.4892534341310397
2459872 zr 3.66153865006359 4.742109255872801
2459874 zr 2.971953004289265 4.674421719723672
2459877 zr 3.8016311129423106 -0.8324855981217372
2459879 zr 4.318208948095321 7.371289583358944
2459880 zr 3.733933129541745 6.329262205837196
2459880 zr 3.5859516508984695 0.7069209025994243
2459881 zr 3.968083898249755 6.469414501092159
2459883 zr 3.715896618257852 0.9051402460909923
2459894 zr 4.983815084893842 2.0377728396887873
2459896 zr 3.8024509695030186 -5.0176735323424255
2459898 zr 5.039079606730216 5.126040429233083
2459903 zr 4.964617406827793 12.628342783399424
2459910 zr 4.265500265169782 -0.7180828451441119
2459922 zr 6.138636725133185 2.459865695891383
2459924 zr 7.583083959215906 2.0079961541860065
2459958 zr 7.964834051495231 1.2363047227325161
2459958 zr 7.143213297782999 14.999444954433239
