jd filt fluxerr adjflux
2458207 zg 10.28828926413013 -8.853053426998798
2458207 zg 9.512933103235655 9.103402864520257
2458230 zg 3.376151382286014 -3.8168415351051737
2458243 zg 3.2241995393691627 -2.8078940117830555
2458246 zg 3.570679336709243 -3.2794664250043013
2458267 zg 9.699361953660684 0.4862447896691587
2458270 zg 6.641281782178375 -0.5282320851117804
2458273 zg 3.3206408910891874 2.2393073072791667
2458279 zg 3.14480113819596 0.8245082260752755
2458283 zg 3.3823762144837883 -1.5542763962350559
2458286 zg 3.670915891812916 1.763382823390876
2458289 zg 5.092290497155849 7.441151893656182
2458293 zg 7.623964159145221 5.913529761965386
2458299 zg 6.377099359789109 -5.147320774570491
2458302 zg 3.881999989638356 -5.849044533453626
2458305 zg 4.416971629472199 -4.592829826875797
2458472 zg 8.239214048808034 -1.8194923381758856
2458487 zg 3.345198640362853 -0.013577089857518012
2458495 zg 3.0845597553828332 -4.520578385498414
2458503 zg 8.561904601361858 0.9439884973660686
2458511 zg 5.255837601308212 4.400540309440972
2458547 zg 3.3699380060982786 -5.2593399404486645
2458561 zg 10.562769397628989 2.187850211184507
2458568 zg 3.5087372726733688 -5.126446684754467
2458573 zg 3.5641079566220886 -3.900879789199836
2458581 zg 3.8227371229490505 -5.009443751055431
2458584 zg 4.196828511525313 -0.18780785960115245
2458587 zg 5.408065433653715 -0.31607098371639514
2458600 zg 3.28414188416948 -5.255394060010908
2458617 zg 7.533632478329353 7.343239348645503
2458634 zg 3.2811184702584715 2.7278485788315225
2458637 zg 3.1828920655753543 3.6151647610390345
2458640 zg 3.2182658111757125 2.9333698529622136
2458643 zg 4.463969551852377 0.9439254879976182
2458651 zg 10.699827708443523 -0.8387301914370939
2458654 zg 6.130556888751866 -3.4717582966096043
2458658 zg 3.3569962052266358 2.6414353959173704
2458662 zg 4.298648403454421 -8.741612282877293
2458667 zg 3.773761365835152 0.2723949616249232
2458672 zg 7.0110141879965235 -15.458042494316928
2458676 zg 8.374417440640608 1.3591882014269276
2458836 zg 9.319023019653727 -29.460070838606242
2458857 zg 3.5153974555123866 -0.48891969430713356
2458873 zg 3.4894007519300727 -3.3408281408937306
2458877 zg 3.0732167247492916 0.22930131083790026
2458894 zg 5.013178525485867 -6.1057053769261636
2458898 zg 2.653660018967283 2.659435889565095
2458937 zg 2.892210940560533 -3.5112662455009604
2458940 zg 32.90773863547926 21.128804385705088
2458955 zg 3.203479222921519 -3.684143457121452
2458963 zg 3.1390135326372306 -7.864825333574062
2458963 zg 3.0760485658673167 3.762150461716462
2458966 zg 5.962933421206913 -7.273826096546094
2458972 zg 5.876245435370251 -5.941295393083851
2458976 zg 10.916211294013102 17.026944820076626
2458980 zg 2.7583240192927514 -0.19299411031838645
2458986 zg 3.1073715702031603 -3.850045852848367
2458992 zg 2.921661950156608 3.4982116821452207
2458995 zg 2.9189722389032715 -0.9389466800529561
2458998 zg 3.4733684117816876 -1.6125411480286465
2459014 zg 3.087402048630789 4.844558139064289
2459017 zg 3.0229430440757192 -3.2442026142578944
2459020 zg 3.0760485658673167 1.7645666052597107
2459023 zg 3.248044058091007 2.650635215791314
2459026 zg 9.850533688574536 12.379405786834075
2459033 zg 8.026083118718324 -15.116054415909861
2459039 zg 4.755867701788287 -7.455495586985068
2459043 zg 4.715465912726309 -1.310971715661588
2459190 zg 9.610437668764558 21.110556529259497
2459204 zg 3.8287369530008806 36.14620985276223
2459217 zg 7.7233271203979275 44.49318925002188
2459218 zg 6.460288415934555 40.42757366419904
2459227 zg 3.7633484704082094 41.57479490569468
2459231 zg 3.1622280595401575 43.422812159476315
2459251 zg 3.317583875826852 37.43721200771879
2459253 zg 3.903512099786094 41.04314786044699
2459255 zg 2.855156804743379 32.35246587978381
2459258 zg 4.41083918064083 38.47667443030318
2459264 zg 2.860421044996684 32.02754578922523
2459270 zg 7.171596866949617 30.082442502568846
2459272 zg 11.78263646471599 29.652201925075598
2459292 zg 3.150599414743449 30.241185824619244
2459304 zg 10.597411218297816 39.00899026072287
2459306 zg 4.169960341290388 14.119186765668053
2459307 zg 2.9189722389032715 25.009326915624616
2459307 zg 3.0902469609335173 24.381639625922716
2459308 zg 3.133236578428667 23.36271838013372
2459309 zg 3.3699380060982786 25.518634091798003
2459313 zg 3.75642250734421 29.571702909918532
2459323 zg 4.362357199283574 18.49236302693065
2459325 zg 4.586956375419426 29.347220751263265
2459334 zg 3.3114782856678686 24.88218553496821
2459336 zg 3.1245910755268547 17.961356744011177
2459338 zg 3.5970862415097207 24.3673124862636
2459340 zg 3.342119016990578 23.289020741014657
2459342 zg 3.0619154065007117 13.981562528363579
2459344 zg 2.6782140328090485 13.838796218131296
2459346 zg 3.9107092615989996 12.785829870299354
2459348 zg 3.0282601949693224 22.987965946376786
2459366 zg 3.342119016990578 11.018364008389266
2459368 zg 3.2570311458892656 17.157556018840822
2459370 zg 3.2690526228533527 16.34484604282866
2459374 zg 3.1858249679485984 15.165829568265355
2459376 zg 3.345198640362853 15.17175061745202
2459379 zg 3.7357210024753353 5.7637836888554705
2459390 zg 8.494971384331224 19.418462245992245
2459392 zg 8.557584956379001 13.014337377022239
2459394 zg 4.330332292586088 4.984816503521728
2459399 zg 5.351378791212762 21.50215189070657
2459401 zg 4.5240209745614886 9.763352542177717
2459641 zg 2.653660018967283 2.252012230431387
2459673 zg 3.6810730334125163 0.828900608976583
2459675 zg 3.113100835396113 6.965455238283301
2459677 zg 4.306467992214244 3.3920625137150946
2459679 zg 4.063796244137226 1.1947239179312406
2459682 zg 8.409340162093137 3.1226515447343877
2459694 zg 4.827398716763568 7.477101688799667
2459696 zg 3.227170504857791 8.763828455138343
2459699 zg 4.243575414296541 -4.821973173516518
2459701 zg 3.3917349890147586 -4.6443121753633125
2459717 zg 7.138646372422905 -11.508250003164903
2459722 zg 3.339042228750409 4.021831937980194
2459724 zg 3.5641079566220886 -3.4242188032803877
2459730 zg 3.194428618503703 6.403422203679591
2459730 zg 3.0987974363148565 -1.7780474980799128
2459734 zg 4.208544509272652 -1.1328156533020857
2459736 zg 4.169960341290388 -2.6310454666815377
2459742 zg 14.43444097528696 8.813628746049515
2459747 zg 6.571486541216094 0.2283071879408719
2459749 zg 4.5281896713251575 3.0072961004317453
2459751 zg 3.8051732412942614 3.5928804056361123
2459753 zg 4.453737431355557 -2.4704457359616354
2459756 zg 4.282840734162842 -5.295950492208515
2459758 zg 3.8902224344045733 0.7271088645714374
2459761 zg 4.884608545990454 11.254487955377456
2459763 zg 4.093849987536758 1.0710142290859141
2459765 zg 4.83982618566355 -6.019793559281392
2459769 zg 8.172631557133382 11.053489617624267
2459771 zg 9.877789356766105 -9.598642960483655
2459924 zg 8.471322575251701 -1.223599292347353
2459937 zg 4.042551207663203 2.5469053255581606
2459951 zg 13.728774256936147 2.7720576965809345
2460032 zg 4.087478957348135 -0.08036224130097495
2460042 zg 10.046152972773159 10.239596892660392
2460044 zg 5.356428065618097 -4.0086862563581365
2460046 zg 2.9162850038250645 -5.72142703703113
2460050 zg 3.5542735553855316 1.2200457990402167
2460057 zg 3.6136896372138287 0.4501788984990047
2460059 zg 3.4899717505805206 3.802649135955087
2460061 zg 3.9797476035102726 -0.5060513891828022
2460063 zg 5.381152214210286 -2.138084129610238
2460065 zg 7.945178395659692 6.381473950631665
2458198 zr 4.348124081291513 -8.910919700356851
2458217 zr 5.261180175433617 5.22773380177234
2458218 zr 4.7434531345751845 -3.077688132105525
2458219 zr 8.624460244682153 -6.340240391102441
2458224 zr 8.972660253783202 -4.233422473185081
2458230 zr 4.388356778062996 9.058213300005644
2458231 zr 4.787343766039504 -2.1603366413652636
2458233 zr 6.087373713808119 2.7207279359512904
2458243 zr 4.308260240101143 -4.941361552829751
2458256 zr 4.332134472217979 -2.0047584776958085
2458256 zr 4.7741341045967065 -0.2161061882468242
2458279 zr 5.1746761468092926 2.4709229227339717
2458283 zr 4.494712616070931 -1.595760254498962
2458286 zr 4.332134472217979 10.91413735976116
2458289 zr 6.600748535024156 -0.22840082141576828
2458293 zr 7.906320838663508 7.918225909361437
2458296 zr 7.9136061837753315 -3.82545818741729
2458305 zr 6.104217008125673 1.938636089560606
2458312 zr 5.539177489051076 0.7178365110703468
2458450 zr 7.446476963716631 -1.7788583074628725
2458450 zr 7.4122635098668885 6.646938115021893
2458450 zr 8.415027312449084 -10.232062130994354
2458450 zr 7.092868555261677 21.877111538768595
2458450 zr 7.184919581791377 -1.2817115661370222
2458451 zr 5.762955701150112 1.0033407013603488
2458451 zr 6.462390360151715 -0.385125252630979
2458451 zr 6.729661005809558 4.181655659004576
2458451 zr 8.376363773972882 20.6777670045442
2458475 zr 7.797842049992362 -11.412296796102899
2458477 zr 6.257919390581432 5.688332713372604
2458488 zr 4.364172706907578 1.8261234949327765
2458503 zr 7.021370844900794 -4.399659874597431
2458524 zr 4.3964478798751845 -4.66025858142228
2458539 zr 5.886339153440224 3.195089727491493
2458543 zr 5.227369204123681 -2.862041349879985
2458561 zr 7.819418078484236 -3.3570925258571975
2458568 zr 6.048253210208664 10.844693739935847
2458573 zr 5.334370482284248 2.089714138888183
2458584 zr 4.822748494147483 4.166640076177242
2458593 zr 8.85792348678851 4.050053636274677
2458596 zr 5.285464679740266 -6.956707371661417
2458606 zr 4.344121154713465 -2.227730802692419
2458617 zr 6.5041895303515815 -2.22087271959655
2458634 zr 4.408612512617307 -0.21987841932664082
2458637 zr 4.264832007869543 1.4045348677270209
2458640 zr 4.376248036731396 -2.2596582243281302
2458643 zr 5.266028133675595 -0.8576524463491574
2458648 zr 10.629508184146212 -5.889732646044643
2458651 zr 9.681097851368762 10.25473236376393
2458654 zr 6.160698632689212 -1.6526661890505552
2458658 zr 4.7434531345751845 -0.7495877433054753
2458667 zr 4.836092667862703 -6.345011957234786
2458672 zr 6.576475219292021 2.6994175263936215
2458679 zr 8.38408224405784 -4.602862091816229
2458812 zr 10.156044842363183 -7.957127475734103
2458812 zr 8.46945626818634 7.644300045617945
2458854 zr 6.540232508706077 2.20435031463491
2458877 zr 4.384316812861348 -4.029030740195652
2458884 zr 5.241832932186231 5.616616502338635
2458887 zr 5.2370072482890935 -0.6289382586052005
2458895 zr 4.368194110155192 -2.363610137512647
2458898 zr 3.89174555792984 7.185303293510941
2458901 zr 3.895331639250785 -0.2611154604889113
2458904 zr 4.352130696399549 8.3290304226658
2458908 zr 3.953160419331754 -0.2638151548825731
2458914 zr 4.730364580036441 -5.060843077276141
2458940 zr 7.655515392574739 -7.628795308149282
2458941 zr 5.179444395194441 2.675225089939906
2458955 zr 4.8898396087605605 -1.5716074638721942
2458972 zr 6.546259060361367 -9.712589839035127
2458976 zr 9.698947527758074 9.085044409505123
2458980 zr 3.510685422450397 -4.753091572871447
2458986 zr 3.9386232330582565 -0.6064942521652248
2458992 zr 3.8702982927570875 0.7213102981859508
2458998 zr 4.691315208656498 -1.97112536473702
2459009 zr 5.699611856719752 5.982769294257927
2459017 zr 4.336126353567721 -6.874487799545399
2459020 zr 4.2726953589443815 7.176627099912585
2459033 zr 7.398622183879234 5.304574646599654
2459039 zr 4.796170506384456 5.214801660809888
2459174 zr 13.58988772697831 12.170029050290388
2459174 zr 12.630576792572572 19.062656257035183
2459184 zr 11.40972762296379 5.057588075196994
2459184 zr 9.838326329673878 11.501252704885351
2459184 zr 9.15632551218851 16.437494287348695
2459184 zr 9.447594043448074 19.821804917528564
2459185 zr 10.639302832892517 47.34566381862831
2459185 zr 8.38408224405784 23.45647581304552
2459185 zr 8.368652409588755 13.776241085239635
2459185 zr 8.704261392799099 9.90578438538966
2459185 zr 8.103180814952132 12.260218421269737
2459186 zr 6.791929792431027 29.51450558141462
2459186 zr 6.886870420119313 11.00138660223783
2459186 zr 7.690851646099886 27.56690499527457
2459186 zr 9.716830114768857 11.744045871661978
2459201 zr 7.487741629632045 25.09183928406466
2459205 zr 4.404553899783555 18.42341038784982
2459217 zr 7.61291271239838 1.0123237686029292
2459218 zr 5.358992817697731 26.85684601717614
2459232 zr 3.9458851315752126 24.45789159366896
2459251 zr 4.686996336889371 22.071167658042448
2459253 zr 3.9640985098051993 21.30033944624661
2459255 zr 3.9823959571693575 22.09959161832729
2459262 zr 4.352130696399549 24.01221624814378
2459265 zr 3.9640985098051993 15.228509109042266
2459268 zr 5.1985613666615755 23.410930142105926
2459270 zr 6.637326595282262 7.467939209142986
2459278 zr 5.752349715911294 16.44270625593805
2459290 zr 3.9568030918876658 13.658998996142294
2459304 zr 9.998264226293232 11.361051497950108
2459305 zr 7.19154018571349 17.87143623813084
2459307 zr 3.92775543621682 6.01470187112134
2459307 zr 3.902513718210949 5.753450239131978
2459308 zr 3.97140737876424 9.856091899985108
2459309 zr 4.3401219132697335 6.0652367629248385
2459310 zr 6.211978795749632 14.310430062601895
2459311 zr 7.027840745478675 18.24266022973931
2459317 zr 3.9241395052236463 7.008054090225282
2459321 zr 3.90610972194276 4.072435994564494
2459323 zr 4.4126748652936 -1.0764625418134735
2459325 zr 5.131958963554448 7.992352781048806
2459334 zr 4.726009759026904 11.99029006269809
2459338 zr 4.404553899783555 3.7534518540356308
2459340 zr 3.92775543621682 12.477235778699411
2459342 zr 4.376248036731396 21.049048268069992
2459344 zr 3.92775543621682 12.543781529053767
2459346 zr 3.9133116731623616 6.616651957836034
2459362 zr 4.747824028928237 1.1513735560042813
2459364 zr 4.4864406705397055 2.902156141409764
2459366 zr 4.360155005804052 12.592365011763768
2459368 zr 3.9313746991396727 1.0973151461643065
2459370 zr 4.49057473861961 11.954756892178628
2459376 zr 4.849473763879037 7.05815965916245
2459386 zr 9.456299607576756 -1.4501832820609302
2459390 zr 9.815775337933696 18.459723924572387
2459392 zr 4.457608562203338 2.385653976366192
2459396 zr 4.739086264111258 13.37481945657131
2459399 zr 5.261180175433617 2.039944300549409
2459541 zr 9.317968193624449 18.262439752706015
2459551 zr 4.849473763879037 -5.763138270848155
2459551 zr 4.787343766039504 -7.539694258423068
2459551 zr 4.449404901952787 -0.7151880123650292
2459551 zr 4.376248036731396 1.8023800011905158
2459551 zr 4.85394235182296 -9.05123799154986
2459601 zr 6.792379015564072 -1.9319640081971001
2459636 zr 4.292417224644748 -4.054150449600264
2459641 zr 3.92775543621682 -3.955762773791182
2459670 zr 3.949521100256696 1.854182620725763
2459673 zr 4.360155005804052 -4.238432234792318
2459675 zr 4.348124081291513 -7.285502353864638
2459677 zr 4.7565779041364715 8.176508736447984
2459682 zr 6.368394588209238 -9.735015690771867
2459687 zr 10.425890771312314 -1.8196927653393766
2459690 zr 4.876347131742403 -7.513596724563559
2459696 zr 3.9568030918876658 4.223368833802372
2459699 zr 3.949521100256696 -7.339072021627986
2459702 zr 4.400499023349438 -4.09761849862581
2459709 zr 5.816279673717827 -1.2886092963851932
2459709 zr 4.822748494147483 8.376827248455868
2459714 zr 9.927268424122678 1.8831489343700962
2459717 zr 5.789556296050299 -1.5115074244532494
2459719 zr 3.9640985098051993 0.41725374495240813
2459719 zr 4.364172706907578 -0.7687433184108183
2459724 zr 4.372219218958294 -3.665068876482846
2459726 zr 4.3964478798751845 -3.243375516768282
2459730 zr 4.404553899783555 -3.2723577966818906
2459730 zr 3.9787297235653565 -2.06810125032646
2459732 zr 4.4126748652936 0.25182239094375924
2459734 zr 4.822748494147483 -0.2114165640386962
2459736 zr 3.90610972194276 4.626716988524771
2459738 zr 6.200546440751957 -1.4924788037372632
2459742 zr 10.570929359480532 4.559589717566828
2459747 zr 3.9640985098051993 0.46005367534012737
2459751 zr 5.6473575011275035 7.688013129213331
2459753 zr 4.778533270184811 -4.918143447948781
2459756 zr 4.400499023349438 5.703475324590604
2459761 zr 4.324161731033156 -2.813299870149394
2459765 zr 4.818308623581348 1.5702044251857612
2459904 zr 8.915217124406675 -9.936326182437929
2459904 zr 9.973090613205759 8.195365222517884
2459905 zr 7.144154701558586 -8.905129626228488
2459905 zr 8.956147216526041 -11.60194950977574
2459914 zr 5.631774813883373 -0.47701146946906237
2459914 zr 5.704863811481895 0.8825673683970988
2459914 zr 5.203351624281265 2.904878824561238
2459914 zr 5.251497644077676 1.4400773077041564
2459914 zr 6.240123542918618 -0.2021192014329542
2459915 zr 6.07057689499481 0.9472889322244542
2459924 zr 6.172057517664229 -4.450164031218184
2459937 zr 4.85394235182296 1.426843306361794
2459972 zr 5.261180175433617 6.807713937852712
2459996 zr 4.4126748652936 4.127720227256777
2460016 zr 7.557024849902685 -5.130785065790028
2460021 zr 5.155647009847533 3.3987456152406597
2460046 zr 4.364172706907578 0.17008487774547307
2460055 zr 4.769738988924493 7.543670885415052
2460057 zr 4.308260240101143 4.68245106140635
2460061 zr 4.461716062697135 4.851788889864013
2460063 zr 3.9677512613555757 -1.0008123354557963
