jd filt fluxerr adjflux
2458207 zg 10.164182962513719 -16.755855151712375
2458207 zg 10.071911442853713 0.012794370148199645
2458230 zg 2.9343670864180083 0.6395823273282177
2458243 zg 2.5116043081892405 0.7911092861801976
2458246 zg 2.864932820613557 -0.6111637503470356
2458267 zg 9.077645623657789 10.44196348940948
2458270 zg 6.305246949594002 -6.679792210739752
2458273 zg 2.7325642647007737 0.6277691399111008
2458279 zg 2.551239435457412 -1.7430853866443081
2458283 zg 2.5407994370322573 -2.5399464058433407
2458286 zg 2.981933877162667 3.3323190122212574
2458289 zg 4.821553031043224 6.538024152395637
2458293 zg 7.178140289852395 4.924291010235797
2458299 zg 6.3839757406493245 -1.4290625299662816
2458302 zg 3.156044850377413 2.5512873683592208
2458305 zg 4.058364212971344 1.630292673236398
2458472 zg 7.853666838494852 -9.761417704676612
2458487 zg 2.6629952054455956 4.868370157263689
2458495 zg 2.2262297048172615 -0.9610121383611478
2458503 zg 8.38534704698232 -8.817180071972448
2458511 zg 4.933050043737907 1.4928147823099724
2458547 zg 2.7086395739753155 -1.8350344128923202
2458561 zg 10.843304726048586 -9.162295711863239
2458568 zg 3.0610618518014006 1.350295202699881
2458573 zg 2.875145056939524 1.0443165343728658
2458581 zg 3.3149114616630593 -5.530344720694124
2458584 zg 3.795030630974707 -0.6029809427382041
2458587 zg 4.59409497195817 6.720340110002437
2458600 zg 2.710564590535216 -5.340117503010669
2458617 zg 6.7671810250348985 1.8135908617353396
2458634 zg 2.5089140620485764 -1.6899750620985707
2458637 zg 2.631300113855824 4.709929356409102
2458640 zg 2.306770717150894 -1.334082164486282
2458643 zg 3.708968793878825 -0.30096501691935185
2458651 zg 9.997651325008016 5.4754466315523
2458654 zg 5.761602881954397 -12.980612388342236
2458658 zg 2.5279118182008014 -0.12879825282361446
2458662 zg 3.563400350961192 -1.9526710126806506
2458667 zg 2.9612297579495332 -0.7418622392826015
2458672 zg 6.373234789734 -3.6433898482713003
2458676 zg 8.244804694959896 3.958622658782857
2458836 zg 8.92537613498566 27.081395961497094
2458857 zg 2.9721082171705495 39.80193143064107
2458873 zg 2.972159452424665 40.1962721844511
2458877 zg 2.455192368801451 42.148725460862934
2458894 zg 4.6861402852452585 39.56850246150063
2458898 zg 2.0137978312897094 43.39761675849514
2458937 zg 2.2655308129419156 41.68616121828409
2458940 zg 33.71132113089993 64.51086017716096
2458955 zg 2.5255223681247156 36.95035666751814
2458963 zg 2.651464309885303 36.60780080917409
2458963 zg 2.31465104056678 35.05286520249732
2458966 zg 5.072156605054032 44.14930590572912
2458972 zg 5.347859899527799 31.874568003911524
2458976 zg 10.032807883511477 22.586977594973924
2458980 zg 1.8395005704180643 30.2086180010582
2458986 zg 2.591500036773558 28.00234536267849
2458992 zg 2.4019642319684977 29.97867325760299
2458995 zg 2.523259518787245 34.47347278124662
2458998 zg 2.8702150855498405 23.14732527311395
2459014 zg 2.448519984408818 25.380879454762766
2459017 zg 2.3203949962165136 25.20375027218982
2459020 zg 2.3648545229089954 28.21451270843055
2459023 zg 2.712405431878939 22.814407058800857
2459026 zg 9.91032257382892 13.361353719657973
2459033 zg 7.539373664533796 30.25097431922121
2459039 zg 4.478690171288364 21.340918887001145
2459043 zg 4.062344326287397 14.05868456249986
2459190 zg 9.598748146917108 11.356411724972403
2459204 zg 3.4023406856226455 8.418416002566287
2459217 zg 7.742617247995453 -5.351420512008337
2459218 zg 6.049029557649814 11.161937799908454
2459227 zg 3.1950078774946156 6.332469112139172
2459231 zg 2.5642864409316477 6.549062612612844
2459251 zg 2.760289322263426 12.323288972704528
2459253 zg 3.154843341299887 6.530118653175954
2459255 zg 2.2248649433479635 5.770198350439884
2459258 zg 3.8508264004337187 -0.31882861190754497
2459264 zg 2.255721742004105 6.206538849705898
2459270 zg 6.894229027102102 -3.3213500671769873
2459272 zg 11.382569334939205 7.993165009267848
2459292 zg 2.639679619599473 3.393647751062421
2459304 zg 10.25860238754421 1.4303286389106882
2459306 zg 3.3812096908963203 2.8905325909178616
2459307 zg 2.417049393801598 5.066522164704323
2459307 zg 2.149660979725902 1.110474691999753
2459308 zg 2.5532055844438934 3.4722928025896858
2459309 zg 2.718406767556471 2.3570698146266107
2459313 zg 3.132363141886314 0.1945817579122826
2459323 zg 3.8055311885003014 15.185426442820242
2459325 zg 3.868420255777814 -2.3511971301229253
2459334 zg 2.5013265017796633 3.076530197193665
2459336 zg 2.3599546258965356 7.134223692974985
2459338 zg 2.985070588500849 1.7725520750796924
2459340 zg 2.703654668168539 -0.17834780581858434
2459342 zg 2.458958614107887 7.955462883825338
2459344 zg 2.1866579124877155 0.013060962956619626
2459346 zg 3.1511707260030533 5.849989332359349
2459348 zg 2.227431872417967 3.828560416558772
2459366 zg 2.8964081485382684 -0.7242984165509685
2459368 zg 2.4634923577173775 5.91917504440993
2459370 zg 2.8702150855498405 3.4640423206355733
2459374 zg 2.7971415385005756 4.107114239248256
2459376 zg 2.939971810868428 3.133719215932862
2459379 zg 3.078528413625234 6.357316001417354
2459390 zg 8.639839004948708 2.957547008260937
2459392 zg 8.407400952826489 6.620692669618776
2459394 zg 3.3257966288794583 6.537915985309565
2459399 zg 5.080818121044853 8.502634628937441
2459401 zg 3.9536659180545057 3.618155605177101
2459641 zg 2.228967073071095 -0.448985084917538
2459673 zg 2.913881816102613 -4.448784638510213
2459675 zg 2.5737738527517533 2.045694117655951
2459677 zg 3.8472812910813885 6.321104867281928
2459679 zg 3.7161219361359934 -1.3610885463475186
2459682 zg 8.073498326969617 12.169739910546511
2459694 zg 4.11490940078382 0.5013416022283466
2459696 zg 2.5771705880352562 -0.25225810101985563
2459699 zg 3.6102989605032887 -3.6005786131599775
2459701 zg 2.865971935120963 1.242530654525234
2459717 zg 6.454242536851125 -10.753725088687485
2459722 zg 2.5867944486685883 0.90807699317129
2459724 zg 2.9367011995434464 -1.0775759364568904
2459730 zg 2.6802196353593537 0.2331561462137395
2459730 zg 2.723239173071293 2.660268028022477
2459734 zg 3.3998880610555897 -0.9371282352349918
2459736 zg 3.581090410141065 -0.3777885992433367
2459742 zg 14.726235971436187 -5.319699308405125
2459747 zg 6.3752117476932435 -13.73835601368933
2459749 zg 3.9516341654221665 4.326939532551394
2459751 zg 3.3240835664179835 0.07089114834569302
2459753 zg 3.7646960860105088 0.2145232587620316
2459756 zg 3.841403749510109 -2.3660673722405123
2459758 zg 3.397076074165112 6.112883160550533
2459761 zg 4.211937352214476 6.061065245793919
2459763 zg 3.6132306765538957 -2.009242853955468
2459765 zg 4.450251969780955 -5.1116393894180865
2459769 zg 7.43576548895822 -0.7431738871487644
2459771 zg 10.122762632834569 -1.939311078350721
2459924 zg 8.205720671525695 0.41520202713587884
2459937 zg 3.387443849430144 0.132099145610611
2459951 zg 14.16029413061358 3.930684628609503
2460032 zg 3.5524659381326837 -1.6693636982369713
2460042 zg 10.229735883817119 -2.0028803046078036
2460044 zg 4.78551872868223 -8.929174801771728
2460046 zg 2.1842565816291417 1.9603634169427901
2460050 zg 2.8440888931247956 0.8226937932843774
2460057 zg 2.871802739306502 2.2725234149379023
2460059 zg 2.7883969910983226 -3.739179692680801
2460061 zg 3.4553333823647434 -1.7225739430625868
2460063 zg 4.707525206314391 0.6590625843842016
2460065 zg 7.309493752762956 -15.582891683292265
2458198 zr 3.1015189145392905 4.623182193543175
2458217 zr 4.712655495181573 -4.733792152538246
2458218 zr 3.843479860646623 5.806473256544308
2458219 zr 8.090955021259425 -6.364421731546928
2458224 zr 8.152145704488799 -0.43799165008504654
2458230 zr 3.943888332139408 0.3388565912395131
2458231 zr 4.036730582969082 -8.600306526251233
2458233 zr 5.368487018223652 -3.978246743233201
2458243 zr 3.6485577411229198 5.193221012011312
2458256 zr 3.699314235242215 2.803546876884618
2458256 zr 4.00981752644945 -5.483553591130417
2458279 zr 4.531499512551281 0.5437389535070237
2458283 zr 3.4493075943839324 6.435442771432046
2458286 zr 3.778515635551285 3.7102691271078316
2458289 zr 6.288989157450584 6.447545249190593
2458293 zr 7.045077673467592 3.6771938612969324
2458296 zr 7.412452447173983 -1.3256857971371558
2458305 zr 5.075279454057434 0.4522594336986959
2458312 zr 5.1768266527673745 7.020741163842776
2458450 zr 6.881538208446208 2.540776937939429
2458450 zr 6.956037590489337 5.830796439241596
2458450 zr 7.935273872177227 -5.771940683761066
2458450 zr 5.926113612351876 -8.737694327362941
2458450 zr 6.868873614712748 -6.769082803373684
2458451 zr 5.6132691779551385 -3.1675172889974252
2458451 zr 5.983852034439317 -6.769219232212665
2458451 zr 5.978343240324913 6.5084987809400205
2458451 zr 7.701132674149332 -2.833151353938047
2458475 zr 7.209178613332982 7.3192709103082425
2458477 zr 5.910386323561016 -0.6840574117238207
2458488 zr 3.615196639322499 -2.654301017972637
2458503 zr 5.87463442614676 -2.9022453993587276
2458524 zr 3.5296522895538764 -0.4098484438774987
2458539 zr 4.951079807123631 -9.095740546262162
2458543 zr 4.018183490676015 -6.375037057825227
2458561 zr 7.4259362970724645 -8.159907896933845
2458568 zr 6.056258859462658 0.1202168628205931
2458573 zr 4.406696804795119 1.8058269705605208
2458584 zr 4.347523494055835 1.6907679884312166
2458593 zr 8.88675416305368 4.703019542219883
2458596 zr 4.302423635061173 -1.0690040842597628
2458606 zr 3.740427348083387 5.784331505899548
2458617 zr 5.811013806119632 -4.55451707086117
2458634 zr 3.4502894473835317 1.3813478594258282
2458637 zr 3.173762570674265 1.0288977327387387
2458640 zr 3.2738255209025846 -0.8843121505080795
2458643 zr 4.554862559543584 4.15078580032608
2458648 zr 9.304556743617871 4.752976051985561
2458651 zr 9.512732239498723 5.174797548804928
2458654 zr 5.437799415061537 -3.5015771882981412
2458658 zr 4.2551333091337264 -6.290117914849656
2458667 zr 3.8897761556093857 3.9869562246255046
2458672 zr 5.644995795295352 2.7656014157093356
2458679 zr 8.20189948591933 5.478091746885556
2458812 zr 9.711581428696785 19.850845856496598
2458812 zr 7.884965308015989 6.593912532756776
2458854 zr 6.269254044757511 18.39734482467026
2458877 zr 3.7232416454920108 16.206945453193338
2458884 zr 4.3462346579660265 19.43045336554282
2458887 zr 4.609727751561537 17.950901369803812
2458895 zr 4.251215990791889 17.744946226467363
2458898 zr 2.972698406425787 19.567729612559297
2458901 zr 3.027964996067504 23.002599940449677
2458904 zr 3.8275530934290214 24.803748449341715
2458908 zr 3.1679216652914026 20.331899770762963
2458914 zr 4.26690693534032 19.49078284275547
2458940 zr 6.787119964577844 23.3125473272161
2458941 zr 4.227787697419673 17.586468767889905
2458955 zr 3.9557584545048106 14.626924695810585
2458972 zr 5.968317345658573 22.192371591503324
2458976 zr 8.134192438475623 24.26285870794537
2458980 zr 2.632650380197228 14.419628094641844
2458986 zr 3.1679216652914026 13.29133584915817
2458992 zr 3.025177421165431 14.746163520166165
2458998 zr 3.958444951529917 10.322448224488266
2459009 zr 4.936963998826635 0.9967845869417751
2459017 zr 3.255783590095198 9.130489523395244
2459020 zr 3.4684219388202804 8.804767468604979
2459033 zr 6.738551253521282 4.596608218734035
2459039 zr 3.8736575439332093 14.81203795019628
2459174 zr 12.635506459761345 3.577906948035426
2459174 zr 12.692104777041486 -9.51047246723185
2459184 zr 10.288544506023785 11.233305311546218
2459184 zr 9.126521318017057 -7.144694269406022
2459184 zr 8.231135681361499 5.117580301932451
2459184 zr 9.21026455537489 5.522981765645561
2459185 zr 10.279072768906248 2.2910926080287473
2459185 zr 8.456677850995733 -1.7797531484417481
2459185 zr 7.758086283870426 3.1776337212877848
2459185 zr 8.164755167934747 11.209350279442557
2459185 zr 7.452222029328993 8.116716249446728
2459186 zr 6.064150530979269 0.4415960599028872
2459186 zr 6.832293839315376 0.8280739053381594
2459186 zr 6.797698843793954 4.90701521483453
2459186 zr 9.013053174209071 3.4339186183492187
2459201 zr 7.159845534605975 10.11520548224467
2459205 zr 3.806459590543076 3.3052822785317275
2459217 zr 7.233800645319108 14.697520917983182
2459218 zr 5.084637080354678 1.4464283640208584
2459232 zr 3.159180456236673 10.700876823135538
2459251 zr 3.7129681485362322 7.403760314765064
2459253 zr 3.3132600951602016 2.7611193442508655
2459255 zr 3.162091509350223 5.146216277750563
2459262 zr 3.4439396295389733 7.620980670641757
2459265 zr 3.4876422054317913 1.511641054230402
2459268 zr 4.251215990791889 -9.850679074854973
2459270 zr 6.286600587945394 4.371020047130417
2459278 zr 4.769526618546283 2.5924972946252876
2459290 zr 3.138877984888612 0.25868228360648415
2459304 zr 9.197926947132533 -11.464704875856995
2459305 zr 6.743502542108486 7.387338285150918
2459307 zr 3.3377632598696803 5.410286404006525
2459307 zr 3.162091509350223 3.187070667774761
2459308 zr 3.396687006366638 5.429002353657188
2459309 zr 3.279861688184465 -1.2794398576740476
2459310 zr 5.178728981343892 -3.302424703944413
2459311 zr 6.787119964577844 6.36397175971031
2459317 zr 3.025177421165431 1.2477962013365387
2459321 zr 3.220879179663195 3.403232818019993
2459323 zr 3.678927451939049 6.2351813291080695
2459325 zr 4.652381037291282 7.640071575307807
2459334 zr 4.448790325243281 0.5136897409009396
2459338 zr 3.615196639322499 0.5914209858641909
2459340 zr 2.9427329378714293 -0.11153016364280899
2459342 zr 3.2378410876981483 4.210665953153831
2459344 zr 3.259675993474519 -7.281521468190357
2459346 zr 3.408253776524367 2.0641800951345455
2459362 zr 4.262978778080268 5.21587659858252
2459364 zr 4.070331350490369 0.9238931509637991
2459366 zr 3.1854767090794187 -3.6267656580727277
2459368 zr 3.0986636251631845 -1.2398108404387291
2459370 zr 3.7369838732043563 7.2416146124157255
2459376 zr 3.907730546573579 -4.189135572599181
2459386 zr 9.079709072061926 0.8023343692152269
2459390 zr 10.06171716269392 -10.280256441658228
2459392 zr 3.662024315703381 -5.931523661630729
2459396 zr 3.6586530194412075 1.810186120513861
2459399 zr 4.544037822761581 -2.403132470870875
2459541 zr 8.79022085462939 8.587454332441663
2459551 zr 3.6485577411229198 3.170307711959763
2459551 zr 3.695908609506637 -3.7134523495891947
2459551 zr 4.077836087919821 -0.9614078126439536
2459551 zr 3.973055298397011 -5.023225239722036
2459551 zr 4.089119146367807 -6.931581491718169
2459601 zr 6.640555789599786 -0.3211645200760303
2459636 zr 3.565506427431767 5.098234453386254
2459641 zr 3.4271406211528403 -2.526672088948409
2459670 zr 3.170840773064755 -3.6713134167261505
2459673 zr 3.5984976522104826 -2.940669961708244
2459675 zr 3.959403521041847 -5.831570797926384
2459677 zr 4.062840424573345 0.26390861053566417
2459682 zr 5.6861180099887 -0.21642149362605245
2459687 zr 9.44691387324874 -7.115164393655829
2459690 zr 4.086139324754635 -3.933463777092607
2459696 zr 3.3163131262388843 -2.2484403975445373
2459699 zr 3.399816911866706 0.2630496782465104
2459702 zr 3.261786492283462 4.495052075835644
2459709 zr 5.084206524892346 5.462450806930792
2459709 zr 4.366295965647887 -4.3285911638072125
2459714 zr 9.042158281909167 -12.11136282951088
2459717 zr 5.1720854700859284 3.9355004307369494
2459719 zr 3.1129664066002274 1.0812696808559972
2459719 zr 3.5079672476266834 -5.964672494813904
2459724 zr 3.6052212696836285 -4.220292650452038
2459726 zr 3.855859704195729 1.5364765607909299
2459730 zr 3.5037404304181416 -0.6222497304776857
2459730 zr 3.4748168963075425 -7.662126001870899
2459732 zr 3.298940130857457 -2.8967219052710704
2459734 zr 3.757692376273728 0.8718268741779492
2459736 zr 3.417684152276836 -1.619520738580058
2459738 zr 5.896317295994477 -2.8263098868664063
2459742 zr 10.366746490765967 -1.0830680208671233
2459747 zr 2.9077083949059195 -3.062909781727305
2459751 zr 4.910208421662983 1.1755924859217415
2459753 zr 3.9041330506943868 3.1367956741165943
2459756 zr 3.384196172075445 1.5028624637637618
2459761 zr 3.7027229991199766 1.2562010455263484
2459765 zr 3.980380681575855 3.056438108873939
2459904 zr 8.625371282829867 -5.383848770957399
2459904 zr 9.494336465797135 2.0981227572280723
2459905 zr 6.749716398627092 10.749984444725273
2459905 zr 7.876158416743635 -9.1224603685449
2459914 zr 4.734512602505779 0.03866626102093555
2459914 zr 5.418161017007429 7.090868573143896
2459914 zr 4.809120876107212 -2.4567262175096887
2459914 zr 4.9097565736609745 -0.2448496619936253
2459914 zr 5.339491836257323 2.5604563391533715
2459915 zr 5.208347191350099 -2.9041924778408803
2459924 zr 5.613886433206117 -1.9240928106378072
2459937 zr 3.8470214671392533 7.658429721226877
2459972 zr 4.584323713196161 -6.279767408931196
2459996 zr 3.510200506929637 1.4236796566033934
2460016 zr 7.189286411432141 4.383151525930501
2460021 zr 4.059879752782039 9.275633753341214
2460046 zr 3.3655459927102447 -1.225959818124772
2460055 zr 3.9366301084772384 -5.823823591902668
2460057 zr 3.0901135190053846 -0.848660461109579
2460061 zr 3.628540080380797 -2.005758868964206
2460063 zr 3.8205089699419017 -7.863676949058709
