jd filt fluxerr adjflux
2458210 zg 15.026623303735821 8.774546059910637
2458229 zg 3.0680312451800913 -2.2510457970698465
2458237 zg 13.251251661262303 -12.716428659836533
2458237 zg 14.143169165655443 -2.7156316028318677
2458242 zg 2.4126021284209918 -5.265332750097947
2458249 zg 3.0244421450525367 -0.5179999656030769
2458267 zg 7.924468529925638 -9.463644508925887
2458270 zg 6.64211104825263 3.016039858228097
2458274 zg 2.407287743301482 4.147650207510229
2458277 zg 3.0347884804155565 1.538250483909154
2458280 zg 2.685974770122752 3.628158862854881
2458293 zg 6.567623510250857 1.1043703991441502
2458443 zg 7.148006776955968 6.374314666986507
2458463 zg 34.45317438089502 20.263787049540525
2458487 zg 2.4524931001303796 0.1279550900160784
2458495 zg 2.1683452196732094 -2.1782283579515953
2458502 zg 7.411368719747798 6.588869022641754
2458514 zg 14.815239684738694 4.987977012654928
2458539 zg 10.337472801363228 1.5374758925788583
2458559 zg 5.676386170200791 -2.536628351758956
2458575 zg 13.17692868019799 5.901340113957298
2458580 zg 2.4848610048100483 1.8291635675726454
2458586 zg 3.7985855479431554 8.567754875044931
2458600 zg 2.7754181680548515 1.8290239597531104
2458607 zg 2.4985485380771784 -7.906242540954971
2458612 zg 2.2947110377153077 -1.322245254560766
2458634 zg 2.9958887657861446 -4.482862411431919
2458637 zg 2.6238274317415438 -1.0889499065063097
2458640 zg 2.8254734322564774 2.003192803109242
2458643 zg 4.585537752525538 10.81917957527762
2458650 zg 11.000965921164628 6.581926559595156
2458653 zg 10.352403867472331 -8.257217039016032
2458662 zg 4.011419112078715 1.6740563026363857
2458676 zg 9.77460068654218 7.076927634149319
2458806 zg 8.092285934389245 5.921510587722972
2458838 zg 24.176079390562506 19.332550151850544
2458854 zg 2.3883168110146205 0.7560666186911503
2458857 zg 2.930784838908437 -0.3679297831600452
2458873 zg 2.8299604911977783 3.945209791391932
2458877 zg 2.499780805053338 3.5617950208024687
2458880 zg 2.7216038318390945 -3.9599652750702736
2458886 zg 5.746918685882394 -1.1631510755454266
2458898 zg 2.021096024518233 -5.272597836954477
2458908 zg 2.7497400501434677 -0.6490258407586589
2458914 zg 4.624853564691172 0.55909939813502
2458962 zg 2.5898574481356382 2.957623220540318
2458965 zg 2.3642566218999317 3.1228539448826087
2458968 zg 2.8067713858227723 1.4592059520556908
2458971 zg 5.072162840318289 -0.22187860450891966
2458978 zg 3.268293435107548 -1.1267725124753913
2458981 zg 2.668230245216343 -0.585177119608377
2458986 zg 2.3481617242033708 -0.45270255646997537
2458992 zg 2.3099383023055666 1.1523376683164979
2458995 zg 3.5640663217567794 0.4257928091323518
2458998 zg 3.114876536388808 -1.8262774217825584
2459005 zg 8.116485052683466 2.932649439420189
2459011 zg 2.966350709815285 1.802933005647207
2459014 zg 2.8806347628526265 1.3576136605267561
2459021 zg 2.7001254123718046 -3.690054423828563
2459024 zg 2.9591018818108332 2.1817966777343587
2459178 zg 3.7314158962418205 -5.394285048150649
2459185 zg 7.980627420730933 -6.2404831242700745
2459186 zg 6.803958606093042 8.682443025078
2459190 zg 8.540037163866113 5.007084108288069
2459204 zg 2.662107164437152 -1.2619667508638206
2459217 zg 10.970040952333887 2.0859863052258265
2459221 zg 7.21783519108717 15.869757166930672
2459227 zg 2.620112575715676 -0.3925762989587853
2459251 zg 2.5865444822287014 5.391169568021347
2459253 zg 3.241852028670478 1.6038964290351818
2459255 zg 1.9503872743632333 -1.361982485136895
2459268 zg 4.010542820388693 2.9210314778004802
2459270 zg 7.3834482951693365 1.6292838944901575
2459272 zg 14.3676351128749 -7.021552225986781
2459276 zg 5.721477607297377 3.606170040637041
2459290 zg 2.36230118733646 -2.3053026221458053
2459303 zg 11.353481298574732 -3.0681560870004487
2459304 zg 9.055348957373536 2.2153469707742124
2459305 zg 5.6040406393067235 -9.780528670254135
2459306 zg 4.112063174567702 0.5559443925032952
2459307 zg 2.364527875965592 1.5243123693440843
2459307 zg 2.52545220431916 4.35921076076271
2459308 zg 3.7080516681121987 1.331155083794624
2459309 zg 2.6701055340014026 8.090625347204329
2459309 zg 2.7423850131860172 3.7943441489244103
2459310 zg 2.793108398540425 0.05200464712370123
2459311 zg 3.298285134191959 -3.4127883343001653
2459313 zg 2.737665433132207 -1.0031981651422228
2459317 zg 1.8868806829175717 0.2776531116971015
2459321 zg 2.3130252429582683 1.4478425095857501
2459323 zg 3.520310859395647 1.9327013311684873
2459325 zg 4.550675418769552 -3.132799099624355
2459334 zg 2.627478395056171 3.4545238403301086
2459336 zg 2.1235464232049144 3.649544858870164
2459338 zg 3.2054440244467024 2.2607257763099704
2459340 zg 2.491736423867584 5.427780945541485
2459342 zg 2.1803954558158605 0.45237176539635815
2459348 zg 2.378338483679209 7.445321243772304
2459358 zg 11.12837051791879 -4.189882363302006
2459361 zg 8.660205867948646 0.4594218380475721
2459363 zg 2.734817982418989 6.074143865299432
2459366 zg 2.9344043082177182 6.995773912058075
2459370 zg 3.0389324149661996 5.252164018874289
2459372 zg 4.712947609013155 7.0524178420542984
2459374 zg 3.122422294761689 -3.7301592375732877
2459376 zg 3.3983642872678663 1.5863050975599733
2459390 zg 9.397526547274 -6.692655557648063
2459550 zg 3.162091509350229 23.676713163689254
2459600 zg 7.218713043743173 34.534230964497404
2459636 zg 2.976895875337534 34.705087967221154
2459670 zg 2.130600873331493 41.95321556007855
2459678 zg 3.2529335767670577 43.797041504945874
2459697 zg 1.9687560962697535 48.46255598850453
2459699 zg 2.73156753193129 48.08710561123821
2459701 zg 3.3205590721629825 52.66357745085313
2459701 zg 3.0557789243497697 46.511091392207625
2459715 zg 9.34497250086648 57.79293828130152
2459722 zg 2.8761399661215905 53.06310859889578
2459730 zg 2.9606418456400734 56.467426654708284
2459732 zg 2.9964500352121175 55.729122009230046
2459734 zg 3.8747964246485758 59.19921975762993
2459736 zg 4.665253817372237 52.83393064642443
2459741 zg 9.29408825164685 67.36614973225065
2459743 zg 10.341368830076112 51.95839212718149
2459747 zg 5.235867329849471 58.30200037425804
2459749 zg 5.056405995533721 58.06031120247872
2459910 zg 4.46216655751891 82.98820234039637
2459924 zg 7.729251008138076 78.02206831866269
2459932 zg 3.7022857135718468 82.97632976023606
2459937 zg 3.300705123446814 78.77999792605922
2460020 zg 3.067820637226381 22.72684820493925
2460036 zg 7.643490942542897 9.6905900966673
2460043 zg 8.419200127344354 17.09739361736285
2460045 zg 3.6935917400329283 18.88135365984907
2460050 zg 2.9384859200360505 14.863423717090436
2460052 zg 2.4761284036721465 12.873967108531517
2460054 zg 3.431493455826231 13.051809883952357
2460056 zg 2.944432355022492 7.8500379844425545
2460058 zg 2.879620576891021 5.693416208448018
2460060 zg 3.7471325265824293 9.63884297069016
2460062 zg 3.7274737761952097 9.357191496989204
2458217 zr 3.878465746946751 -2.5287670186972875
2458217 zr 3.8006682273324914 2.305829245437149
2458224 zr 4.649480490305635 -0.0649390919047696
2458224 zr 4.448892452679658 2.470090853605008
2458233 zr 6.10034792946131 0.6712773652949845
2458242 zr 4.7864758145272015 3.807893735187168
2458257 zr 3.601432479307697 -5.212082461365411
2458274 zr 3.401834416844192 -8.919254712591382
2458277 zr 4.146327697333035 -1.4931685880253667
2458280 zr 4.594644423510708 -3.5580875763484476
2458283 zr 3.8185627071892445 -1.6359843324619792
2458293 zr 8.779016483988132 -10.097410373695816
2458443 zr 5.043940714181571 -2.6268954054782445
2458443 zr 6.10941725094361 3.010384209409719
2458444 zr 4.473545998463516 1.1335653024182644
2458444 zr 4.446475142830887 -0.32458611345133914
2458444 zr 5.083986980522499 -4.096232840562717
2458444 zr 8.196764892140832 -8.931498525591492
2458449 zr 6.948727368368166 1.6597574109955315
2458449 zr 7.182441626166457 6.80565219927654
2458450 zr 6.930158481167187 -2.1785312451985055
2458474 zr 7.787118518228707 -11.2260715855824
2458476 zr 6.302523050494223 4.660411108066097
2458488 zr 3.290888519893099 1.971069923640905
2458503 zr 5.298665892960295 -0.4600058797667165
2458524 zr 3.9688068196515576 2.1581027678661933
2458539 zr 7.438272849575837 -11.142611854878886
2458543 zr 3.192369630541139 5.46894537392339
2458559 zr 4.949559346998889 9.143641840197766
2458567 zr 5.37479519536701 3.5942453305050703
2458580 zr 3.456542790367663 2.4021093687570465
2458583 zr 4.260133253175975 -4.570579597485643
2458586 zr 4.03481088383571 0.7701877461734005
2458589 zr 11.214502738304793 -2.1876189532106816
2458592 zr 12.376026054955634 -6.384573118830603
2458596 zr 4.56684076263077 1.3476259368960184
2458600 zr 3.424853015585062 3.002250808434659
2458607 zr 3.994477325841933 -5.2883689399932585
2458612 zr 3.4949578112996225 -2.271787648009123
2458634 zr 3.59803756377491 -0.18168804571349084
2458637 zr 3.3768608933973536 2.219114090864202
2458640 zr 3.9176278976790453 -3.4230472141061825
2458643 zr 4.945434221021491 6.247004979800306
2458647 zr 7.724950207098733 -9.439463690288477
2458653 zr 4.558436074441544 2.044051979442154
2458662 zr 5.701002340998737 7.0640900249752265
2458669 zr 6.761949659728791 2.414495373369542
2458676 zr 9.363664930038246 11.653688101241984
2458796 zr 8.159996189434569 3.5893501491339976
2458796 zr 8.65396801234191 -4.0723575136304895
2458798 zr 6.592646063953279 -5.944461555478218
2458798 zr 6.139805385165965 3.8447122765800397
2458800 zr 10.413838581166118 7.402695285361106
2458800 zr 9.800188415107977 -9.283195545145642
2458800 zr 10.403622879601336 -6.995828058451521
2458800 zr 9.880812408696313 10.338300325959297
2458804 zr 6.955130331010253 6.849420056472207
2458804 zr 6.580700186998893 1.872229384569987
2458804 zr 6.993138104772835 -2.857244950534447
2458874 zr 3.3965807006155737 3.6401275593460705
2458876 zr 3.757211933885288 0.9718139236411394
2458887 zr 5.4712369728573815 -7.483979693998954
2458894 zr 4.147851348441195 -2.0591843119914723
2458901 zr 3.4491586476292113 0.1481527947685814
2458908 zr 3.293288403978959 -1.4457261549433176
2458914 zr 5.014232064105498 10.09321655239583
2458954 zr 3.471165150178793 8.007855525611982
2458962 zr 3.1888182358547756 -1.7360963876058655
2458965 zr 3.423837707864514 0.366852308346774
2458968 zr 3.4280088748886453 3.015325849513892
2458971 zr 5.101354749824753 -6.43624967436954
2458975 zr 10.01690716145616 -11.448166892186157
2458978 zr 4.366976410736589 3.040292405544157
2458986 zr 3.3592469971043815 -2.4389318091426904
2458992 zr 3.0699026925829824 6.121967137735716
2458995 zr 3.4615872049367638 -6.359039127832558
2458998 zr 3.5552920106603056 -0.5698066585423429
2459005 zr 7.859171838743524 -7.575997196479169
2459011 zr 4.624362888902456 0.3783622761049598
2459014 zr 3.9433012849541336 -0.9177851902230739
2459018 zr 3.887457849135508 0.6508313373614479
2459021 zr 4.016982380766278 -0.09663543976750442
2459024 zr 4.627866751578767 -12.095266766833957
2459164 zr 6.041077993213523 4.442413022111821
2459164 zr 6.429165498283937 -0.8720259637764225
2459164 zr 6.654925013957793 4.953607212983299
2459164 zr 8.144289058569624 1.3138657538308873
2459164 zr 11.259757058239487 -5.259025747470543
2459166 zr 6.460405238602689 -1.197315778036411
2459166 zr 5.449566044585403 9.50271215796039
2459166 zr 5.226421475439932 3.3598297269352124
2459166 zr 5.318222902739894 1.0703241289593806
2459168 zr 6.181792776276865 -0.2289712894151561
2459168 zr 5.941358873184287 -1.1646413184934212
2459168 zr 8.770934433486413 -5.623847285478058
2459170 zr 7.346355375938048 6.9245173395745505
2459172 zr 4.771151242723424 3.1477125927642926
2459172 zr 5.552692876698969 4.276229764595721
2459185 zr 7.53317052617938 -7.23880895741726
2459186 zr 5.700143454995812 3.8871907966670203
2459195 zr 3.8788226846018716 1.6450954079511608
2459200 zr 4.535779222458923 0.6742688789013445
2459202 zr 4.138696909828561 8.6163642185196
2459205 zr 3.671768374821805 -4.196753886166524
2459217 zr 7.451858821812869 0.89732440567557
2459221 zr 6.128728525370859 6.819456510458237
2459223 zr 4.442870173533732 -0.40000250343239624
2459227 zr 4.098483430646688 6.135330937948584
2459231 zr 3.299994155017995 3.4596448871378676
2459251 zr 3.409117245346086 -0.2810860554736887
2459253 zr 3.2818080098402826 -3.540316062242011
2459255 zr 3.030572023536287 -1.4709761602696114
2459262 zr 3.675070655665491 -5.2080669380835
2459264 zr 2.882180819435426 1.6075907787259216
2459268 zr 4.03481088383571 2.9914710895255734
2459270 zr 6.913500665229971 1.0931816885396015
2459272 zr 12.217468135169876 -19.744465655465216
2459276 zr 5.8114671287754955 7.439645234055016
2459278 zr 5.096871130492846 3.8427431570867667
2459280 zr 3.106880932541527 6.342365170391098
2459290 zr 3.2094437240640272 -5.582455664353605
2459292 zr 3.3274625069788963 -0.8305223140558092
2459295 zr 5.366430701662638 2.7055039195595176
2459297 zr 6.536640575084056 0.11083903417770347
2459303 zr 9.128740078633768 -3.557344372063243
2459304 zr 8.363281821139754 4.1339801369511715
2459306 zr 3.1770918094592577 2.182904841576765
2459307 zr 3.4206856885790846 3.0972560954346218
2459307 zr 4.629882541840294 -3.223567718966191
2459308 zr 3.520804718709048 -3.1356475633968914
2459309 zr 3.482105600073263 10.228143437659925
2459309 zr 3.109743793823885 -1.7219816971277286
2459310 zr 4.463377530488916 6.743990155787119
2459311 zr 3.2697396267512415 1.9791225803726282
2459313 zr 6.072319376714972 3.5089705546074845
2459317 zr 3.1485686771548225 1.8647895451608036
2459321 zr 2.8928187497391833 6.127341025641485
2459323 zr 3.80605690238314 4.44652831543971
2459334 zr 4.221076116746692 -1.2313794315643536
2459336 zr 3.675151756337319 0.13675908030781758
2459338 zr 3.3551594988476374 -1.5948679008095128
2459342 zr 3.59811696449697 -4.519849495830881
2459344 zr 2.9165249302413696 1.9558818542638527
2459346 zr 3.3855541537212956 -0.23128883371089493
2459348 zr 3.1976414503635042 1.3731799459943548
2459353 zr 4.057886792330492 4.522613203892643
2459358 zr 11.990175343257818 1.1316518832851943
2459361 zr 4.381911709479112 0.26450149521910116
2459366 zr 3.5552920106603056 -4.566812796093549
2459368 zr 3.3305286249881036 -4.827472353034398
2459370 zr 4.053434724688479 3.3752199126524216
2459376 zr 4.524971714853011 0.14247650609200768
2459378 zr 4.556715428098894 -3.6290615580984835
2459386 zr 8.779981856189494 2.514298055549536
2459526 zr 8.341673348774359 3.0908419517231724
2459527 zr 8.58327800788748 14.542700730544494
2459527 zr 7.287487092331406 15.180134712903346
2459527 zr 7.113740341571019 16.498136738124312
2459527 zr 6.169639105559608 5.460925704773196
2459527 zr 6.45289510401197 5.335392289231089
2459528 zr 5.6645044233480615 -2.690103188291939
2459528 zr 6.249708489132655 15.527304231867655
2459528 zr 6.666754192665872 -6.965964826988621
2459528 zr 7.625434911826638 10.94584881497273
2459529 zr 8.234802341244073 15.740796747644143
2459529 zr 9.453896461944275 4.237929261980296
2459529 zr 13.352417957307104 6.709059473248517
2459537 zr 6.2654837136359784 8.02782809949622
2459537 zr 6.965909029523315 13.629631920166048
2459537 zr 7.316370479598089 4.782350663600493
2459537 zr 7.810244297489288 14.838736454126115
2459537 zr 6.857322983217038 20.85070284717331
2459551 zr 3.7989685050720228 11.30601659366394
2459600 zr 8.614206641071966 8.176378185573633
2459636 zr 3.290888519893099 16.445970537995063
2459639 zr 4.4346936374085315 16.591673252342687
2459641 zr 3.474363684184083 14.888917888392307
2459671 zr 2.997261324521971 16.744538537068593
2459674 zr 3.3551594988476374 15.340686943556662
2459678 zr 3.8731622747371213 21.54612677577923
2459687 zr 9.183325308368234 10.483075404006792
2459699 zr 3.3955737743057197 25.85081375497006
2459707 zr 4.353751356449639 23.021622781612674
2459708 zr 5.340254077198144 33.46008265193803
2459709 zr 4.895317291503973 24.29158532126505
2459709 zr 4.947319671992545 22.580260074444606
2459719 zr 3.5815851187247025 22.118062352726373
2459719 zr 3.254091533709648 26.76589722827006
2459725 zr 3.8838790165046033 20.8923128822331
2459730 zr 3.568414347872432 26.065392071163554
2459732 zr 3.84827139965147 21.021846431405166
2459736 zr 3.5848854001286248 20.684030933104793
2459743 zr 6.6852005881541485 16.97712515384154
2459749 zr 4.157800266790171 31.848019476987727
2459751 zr 5.064849394661655 25.82293666203286
2459755 zr 5.268482302716586 25.242519598825087
2459889 zr 22.90676355913793 45.82765725318265
2459890 zr 10.745454487898025 41.13938458814676
2459890 zr 13.833893832329402 46.13018310015361
2459896 zr 9.430088777444197 33.361450017724785
2459896 zr 9.213301545619688 46.59360999954414
2459896 zr 10.46133110318768 24.843551170924563
2459896 zr 7.8468561074829175 32.95323818955714
2459896 zr 8.027453499978705 25.148516610627016
2459899 zr 6.106190996218897 29.810402621525288
2459899 zr 5.9304245596522795 45.88493309580957
2459899 zr 5.947729644515465 40.87249046922832
2459899 zr 6.125636464356573 39.25422295376046
2459899 zr 6.1454629599169825 37.929122210901994
2459902 zr 5.621934554817378 38.23589273089948
2459902 zr 5.79389185277964 43.17483232359661
2459902 zr 5.695753941145007 39.36290534200037
2459902 zr 5.362958418718646 35.17844752321034
2459902 zr 5.476278489682848 42.41915404416916
2459915 zr 4.848594548119111 36.98356609674665
2459923 zr 6.245968460210022 28.35643299883538
2459937 zr 3.8856167291527877 36.18875500268828
2459951 zr 8.94366495065054 25.608899213218628
2460020 zr 3.2818080098402826 11.881398487699595
2460030 zr 3.795471136617547 8.36384597390414
2460036 zr 6.615377098001287 12.72895003065339
2460043 zr 6.00026435368492 12.394885703525878
2460050 zr 3.2827811999544325 4.145613560300156
2460052 zr 3.5848854001286248 7.85518017554462
2460054 zr 4.312905806460462 1.6427543348621012
2460060 zr 4.808569183059657 1.1108111446861124
2460064 zr 5.481324652055948 4.840168173918327
