jd filt fluxerr adjflux
2458207 zg 10.10015420895448 2.425930858515933
2458207 zg 10.192334381850142 4.611316036669017
2458230 zg 2.95842088875101 6.463400085932614
2458243 zg 2.614820839987594 6.072983580007065
2458246 zg 2.652852909269423 12.7102388790687
2458267 zg 9.992909069962243 15.991017412671404
2458270 zg 6.067038971194525 9.861355475548878
2458273 zg 2.6880784401880047 11.253334577101628
2458279 zg 2.502214922441401 18.441079251257882
2458283 zg 2.635804351604823 14.49593625436202
2458286 zg 3.01647636501019 8.420034409800571
2458289 zg 4.78504234788941 22.434715013657893
2458293 zg 7.290825966160308 14.18686560953863
2458299 zg 6.1175538162887975 21.85135545381158
2458302 zg 3.0890375221932294 8.576873876455181
2458305 zg 4.011303528583031 11.647020612520432
2458472 zg 8.183060862847618 26.947105933756873
2458487 zg 2.7194136735870975 34.90003363134395
2458495 zg 2.2862546919466387 35.69154107586075
2458503 zg 8.582158511301518 43.88457297853798
2458511 zg 4.370895108307669 36.390874690975814
2458547 zg 2.7496364538415814 48.57421775705099
2458561 zg 11.01379841981796 57.76686328249015
2458568 zg 3.4060569662846456 54.20205766749121
2458573 zg 2.9178298324379854 52.98307108164166
2458581 zg 3.1291269546550375 55.04431082994181
2458584 zg 3.7651375437570977 62.77492971511667
2458587 zg 4.91942611999907 61.98367883734973
2458600 zg 2.7725237616156875 62.3757123176245
2458617 zg 7.305076849214626 59.71679801096734
2458634 zg 2.547494004967468 70.93991922220306
2458637 zg 2.7496364538415814 71.34793223064078
2458640 zg 2.51022800638809 70.92214313551085
2458643 zg 3.7923084435917116 69.48495022231681
2458651 zg 10.704955776116902 85.44138043618213
2458654 zg 5.419299664244885 83.90362323763163
2458658 zg 2.5306364841017293 81.93079706878936
2458662 zg 3.407343116265775 75.73018556864943
2458667 zg 3.1351618100262537 86.64834005380479
2458672 zg 6.356700706382754 79.68493316993246
2458676 zg 7.920471209636841 92.35172059487849
2458836 zg 9.888698907782457 121.49418753242773
2458857 zg 3.302658146255586 139.23391825282232
2458873 zg 3.010392918222145 137.1852209955872
2458877 zg 2.5311225362395238 143.88836695837932
2458894 zg 4.997058603633845 154.72073514384084
2458898 zg 2.2126933145468444 149.65045112522822
2458937 zg 2.3223336218112287 159.9251954457152
2458940 zg 22.759633478970816 164.83915774579816
2458955 zg 2.5521909870959876 164.9821240329768
2458963 zg 2.641447222099116 166.011305483368
2458963 zg 2.5399768885484306 171.19666094921155
2458966 zg 4.300171590558803 165.81676759763593
2458972 zg 5.621757462194169 172.89102362999677
2458976 zg 11.234259162725042 189.56079903866797
2458980 zg 2.1189525113161283 164.3939528740118
2458986 zg 2.5781796175232734 172.6521737311914
2458992 zg 2.4844471627982037 174.4358073192061
2458995 zg 2.416739080232508 171.79290845782066
2458998 zg 2.8951141574630164 174.6711089433768
2459014 zg 2.418966004563555 175.15732745854098
2459017 zg 2.2809786677653863 179.37321719933112
2459020 zg 2.5287923594821073 176.30651489381583
2459023 zg 2.7194136735870975 175.91924433108505
2459026 zg 6.8488126402640415 177.2003424342145
2459033 zg 7.184967186402085 170.64819734686705
2459039 zg 4.49868708135454 183.71115501852427
2459043 zg 3.7946346955554464 182.7967028090585
2459190 zg 13.084583956517188 14.436490227755925
2459204 zg 3.7185187294962234 2.9506371972157766
2459217 zg 7.748378754425849 9.327024442317233
2459218 zg 6.309235403467326 -12.251552540851907
2459227 zg 3.322180185668027 5.016594675577787
2459231 zg 2.667320955180163 -4.059170159736627
2459251 zg 2.856669252230687 -5.303457320841247
2459253 zg 3.6089498403705798 -0.8621696475791726
2459255 zg 2.3676887453380737 0.7106661758652737
2459258 zg 3.9781900383741835 -2.513799956903015
2459264 zg 2.459403376596791 -0.14358521199891175
2459270 zg 7.530516926995736 -4.286042688701338
2459272 zg 11.923610867842774 5.830506485784544
2459292 zg 2.88712570296145 -0.2750439849500203
2459304 zg 10.831832333855456 1.213386210672059
2459306 zg 4.023152878805941 -4.391692963792758
2459307 zg 2.6293108745256033 -2.205252624751194
2459307 zg 2.37423995777631 0.7778761074692845
2459308 zg 2.5710656767764655 -0.08322037280010995
2459309 zg 3.0120743868942337 4.726351521808544
2459313 zg 3.3040902945607513 -4.294249462773868
2459323 zg 4.161841395375957 2.507285357409601
2459325 zg 4.201134018244035 0.55137490906995
2459334 zg 2.6317336749049556 -2.1134866853191454
2459336 zg 2.542805667035724 -1.3746486296926335
2459338 zg 2.942387906053476 -6.2484521663978825
2459340 zg 2.6806612569102004 0.010251421912897856
2459342 zg 2.4662083563573844 0.00993937378401278
2459344 zg 2.2126933145468444 -2.009921544441658
2459346 zg 3.196685615757469 3.271053013760703
2459348 zg 2.340074935750314 -5.945066262578321
2459366 zg 2.9448281794686757 -2.2221956819259
2459368 zg 2.564731687673234 -5.0269135504047595
2459370 zg 2.818809283247583 -3.0606339073676336
2459374 zg 2.6020352198094487 1.3015042670619612
2459379 zg 3.2828565602217394 -5.027228006544675
2459390 zg 8.331700475398145 5.831346945905798
2459392 zg 7.851690865212205 -2.7474414514106993
2459394 zg 3.6526194695836245 -6.251739978496319
2459399 zg 4.445813285674406 -1.4842652030337615
2459401 zg 3.7443880106463574 3.1587217078719996
2459641 zg 2.1703607390081983 1.4094506178236939
2459673 zg 3.259987004525452 -9.155361942964515
2459675 zg 2.8966760385164916 -7.963336883593823
2459677 zg 3.9580910989950078 -11.596832727164713
2459679 zg 3.6625270928281335 0.5444968426285713
2459682 zg 8.87148927047406 7.075913275695728
2459694 zg 4.000402159143172 0.9761770790518778
2459696 zg 2.69303462707951 0.5444968425956354
2459699 zg 3.5384728591214647 0.0071282038845630865
2459701 zg 3.0148498878963808 4.821995519981291
2459717 zg 7.112698918964622 -9.155361943033363
2459722 zg 2.8475128532694645 -1.9070369574862733
2459724 zg 3.1337447744355775 -6.657021998719813
2459730 zg 2.6487559031622125 -1.3785037037233163
2459730 zg 2.5710656767764655 -0.10004888195911663
2459734 zg 3.443347439732577 -6.454658590135014
2459736 zg 3.5208855430980583 3.048517373294731
2459742 zg 14.848809624936349 8.563382111340093
2459747 zg 6.0391775585966165 7.303596999585556
2459749 zg 3.9310055140388642 -1.0602134636341212
2459751 zg 3.456622139545327 0.8681078771000105
2459753 zg 3.7032313639648717 1.844323338498935
2459756 zg 4.067276083822827 2.9385403541348456
2459758 zg 3.4710720039576377 5.1574420639486265
2459761 zg 4.335965177211725 -1.5902091282137951
2459763 zg 3.673262010266361 8.218537596972782
2459765 zg 4.661979768825262 1.3009825395262085
2459769 zg 7.620661199258735 -8.957604888009536
2459771 zg 9.103050411818597 5.606148362551692
2459924 zg 9.208564108487659 8.563382111338072
2459937 zg 3.809812944038316 -4.616515112210635
2459951 zg 14.612382823951119 -3.8934111834704623
2460032 zg 4.044692647463017 -0.8475308513071553
2460044 zg 5.097469142118622 9.371734490970496
2460046 zg 2.2208602127182004 -1.5902091282145392
2460053 zg 3.6760452273207527 0.9761770790265842
2460059 zg 2.8964094801205804 -4.100488241371764
2460061 zg 3.2753945554029036 -1.69591568929647
2460063 zg 5.324417535023212 -3.061277890031576
2460065 zg 6.950923013230115 3.3790568398082144
2458198 zr 3.0478471831029195 -0.13984382693512076
2458217 zr 6.855132741731331 5.255589799549767
2458217 zr 4.37040036396357 5.671435280211853
2458218 zr 3.6605879884342887 13.530304953353127
2458219 zr 8.347399891061182 -4.4462987127257225
2458224 zr 7.531884524868927 0.9162446583036519
2458224 zr 7.341831783625832 1.3237487614604624
2458230 zr 3.521687779563582 4.982469826411916
2458231 zr 3.9468946088756143 5.632772065697353
2458233 zr 5.435827833905661 -1.2642281754731224
2458243 zr 3.5055070939982618 4.325431688071133
2458256 zr 3.416259483652112 -0.9695063338901768
2458256 zr 3.8641638198445936 1.6586299098586785
2458279 zr 4.390573215476245 8.636466974391734
2458283 zr 3.3699380060982786 10.463155283497173
2458286 zr 3.360639375726346 9.945167981627401
2458289 zr 5.420948443677504 8.385822989244716
2458293 zr 7.5399164933726475 -7.925456576733413
2458296 zr 7.4487864832077895 -4.886301642712154
2458305 zr 4.908097377883355 4.69280254673015
2458450 zr 8.0347132986955 -5.832864542954622
2458450 zr 7.423426787290436 15.178847534221108
2458450 zr 6.836217454446953 16.21225671869614
2458450 zr 7.030413124382686 15.798321874463953
2458450 zr 7.267190352013601 -6.39265220449998
2458451 zr 5.734105684423576 21.9550370222899
2458451 zr 6.210119064536121 23.87434947814674
2458451 zr 6.231938856119391 16.913975327732032
2458451 zr 8.111212618257996 6.168616632586806
2458475 zr 8.436582076499796 28.235689754634695
2458477 zr 5.72882680930033 23.910443838957214
2458503 zr 6.090082608920637 16.317225101078932
2458524 zr 3.2360998371415888 17.568651457137808
2458539 zr 4.848749691294908 28.414774579213127
2458543 zr 4.536538592233044 23.836170990686817
2458561 zr 7.199521831924973 13.187099300380503
2458573 zr 4.435281854147056 32.60080846740345
2458584 zr 3.794673671448189 33.46658999160431
2458593 zr 9.191161230409485 37.72891916725334
2458596 zr 4.322362868083105 29.492844680088627
2458606 zr 3.5608268031407704 34.66887700683893
2458617 zr 4.866646091454328 38.36795824790916
2458634 zr 3.59046626288095 40.140450483851225
2458637 zr 3.0590965765107634 32.64783863221111
2458640 zr 3.1797515522013358 41.777442616111195
2458643 zr 4.154625904079594 37.55900405507917
2458648 zr 9.339920214389155 23.950020473280254
2458651 zr 8.108985726430832 38.83819547055339
2458654 zr 5.391073798218634 38.62044591884615
2458658 zr 3.9687663326763114 40.82836156579759
2458667 zr 3.5055070939982618 39.15573464452561
2458672 zr 4.822954565155922 34.1471484943843
2458679 zr 7.859672131689433 53.979147201911296
2458812 zr 8.691894427768283 45.951978504863526
2458854 zr 6.429553967356256 47.4694767215052
2458877 zr 3.101652848992361 69.73730405523216
2458884 zr 4.443459474806126 75.87552768549665
2458887 zr 4.578514667009454 72.48322505981314
2458895 zr 4.067540862994309 68.35249761060662
2458898 zr 2.855156804743379 69.33781378059595
2458901 zr 3.0845597553828332 71.55218148103741
2458904 zr 3.811145504631057 66.43659499889777
2458908 zr 2.90021346552295 74.05740034375962
2458914 zr 3.9969795347860124 66.83945673277414
2458937 zr 3.8616635601989637 85.40721814712916
2458940 zr 5.9574438849773514 83.80985809373
2458941 zr 4.224077956330529 82.22160470910823
2458955 zr 3.936003988924003 79.2880148383232
2458972 zr 6.074351605357785 83.43387528017581
2458976 zr 10.07175777728684 66.67511345807269
2458980 zr 2.4092572524393816 74.72423324129534
2458986 zr 2.8709786614761628 79.91240826095887
2458992 zr 2.8683356097660058 80.20925980605516
2458998 zr 3.899918487451257 81.10148053147363
2459009 zr 4.826471710096499 86.91380530320525
2459017 zr 3.0930944947043484 83.52217714235664
2459020 zr 3.2630363482781477 81.26191756451952
2459033 zr 6.9095841007445005 95.08103817696721
2459037 zr 4.7514894023494465 85.16998471407011
2459039 zr 3.5608268031407704 88.400361878096
2459174 zr 12.482271322301887 0.2516269900422241
2459178 zr 5.694557208192033 1.4044637025829871
2459178 zr 5.268357976538845 0.5924522288384679
2459178 zr 7.247770445207547 -0.8213892578921644
2459182 zr 5.692010507172284 8.611031788294714
2459182 zr 5.817011559700035 -2.4945278863163596
2459182 zr 6.084476017875423 -0.07413768836097478
2459182 zr 7.317622025793741 6.721537072159566
2459184 zr 9.018087456099838 -3.0656788288342054
2459184 zr 9.866833474382272 -18.521431348285926
2459184 zr 10.788915670758191 0.3679653379071115
2459184 zr 9.879033149243865 17.706763601766983
2459185 zr 8.524320314250081 -19.62132517464244
2459185 zr 8.716682339109118 4.513227530227024
2459185 zr 8.062793287163426 9.549648372899465
2459185 zr 9.043805618484713 12.969646288257817
2459185 zr 10.196988588369212 0.6042689246966648
2459186 zr 6.653526749891965 4.766267202503454
2459186 zr 7.0174745453467375 3.108998616088141
2459186 zr 7.564321400231115 13.67012668294134
2459186 zr 9.564444702969698 4.766267202503454
2459201 zr 7.504187088713023 -2.4191896603965164
2459205 zr 3.779684327870733 -6.8964878795627085
2459217 zr 7.221117798248318 -5.616400882470962
2459218 zr 5.244152070393909 -4.439693892980307
2459232 zr 3.1390135326372306 3.4878667765252285
2459251 zr 3.832264974518626 -4.899279258939744
2459253 zr 2.873624148648295 -1.0430990814878172
2459255 zr 2.90021346552295 1.0101387384983238
2459262 zr 3.2540326903954475 -3.1196179684830248
2459265 zr 3.0930944947043484 -0.055832135545779045
2459268 zr 4.47429494929374 -3.1345243454158798
2459270 zr 6.017598165206932 -6.168214199966552
2459278 zr 4.8309191026066225 4.083219782266342
2459290 zr 3.1159694280596955 1.5655132639309073
2459304 zr 10.350892507897584 -11.938322300830631
2459305 zr 7.5234297277342055 23.54633304021897
2459307 zr 3.3359682730323104 2.390514566615638
2459307 zr 3.1188406640118584 1.7658838720259549
2459308 zr 3.212343003252509 -5.998776637703515
2459309 zr 3.2660431002674257 -2.3550186216997258
2459310 zr 5.694557208192033 -3.1702650244525836
2459317 zr 2.6831520320443407 0.10650611598966805
2459321 zr 3.0478471831029195 -3.3754828538646846
2459323 zr 3.54773236804731 2.5961749353660366
2459325 zr 4.643332298952961 -4.7937046465461695
2459334 zr 4.639057600733074 -4.9962497624603515
2459338 zr 3.4990556551148946 -0.5138648358439494
2459340 zr 2.9136002426423797 1.9696557833538155
2459342 zr 3.0366391577424254 -4.188396809828759
2459344 zr 3.0930944947043484 -0.10210486928126286
2459346 zr 3.113100835396113 1.345928900162382
2459354 zr 5.516648038585503 6.382122330101974
2459362 zr 4.200799219657933 4.059789905445483
2459364 zr 3.69125827904078 -1.3364089600422269
2459366 zr 3.293228851872842 -0.5146421125010784
2459368 zr 2.8577877127339977 -2.359449862367194
2459370 zr 3.1419060027712677 3.430441794040462
2459376 zr 3.660786776694878 -3.1745298553596375
2459386 zr 9.052139108409976 10.017194401150485
2459390 zr 8.809887944281302 -1.5415757536097139
2459392 zr 3.2811184702584715 -1.3366067835567543
2459396 zr 3.5184456785221103 0.7235539793297926
2459399 zr 4.127926203145139 0.10350186333529988
2459537 zr 9.960292790618428 -11.944357933212446
2459537 zr 9.409167922883926 19.246616436795048
2459537 zr 10.334876055599556 -8.201002449031991
2459537 zr 12.366473309109638 -20.55321559271866
2459541 zr 9.622723545266943 -10.769315013577193
2459541 zr 8.801457686626888 -6.805274679176727
2459551 zr 3.998117283809019 4.479971895460428
2459551 zr 4.139347857084836 0.7235063690420326
2459551 zr 4.082553875334282 -2.3596577409054
2459551 zr 3.983414775048216 3.639811576387918
2459551 zr 3.8181723640817715 -5.80280253665371
2459601 zr 6.427112011080943 -12.529448831491905
2459636 zr 3.416259483652112 -5.8028025501406955
2459641 zr 3.2301442079672773 -4.795703196989852
2459670 zr 2.8108001278459454 -6.003666475029447
2459673 zr 3.5184456785221103 0.7235063554216464
2459675 zr 3.69125827904078 -1.336665567065327
2459677 zr 4.072447833718176 8.72751762688596
2459682 zr 5.757844876714622 -0.7206051269012534
2459687 zr 9.599746407657426 2.5939545398229535
2459690 zr 4.0388295945331025 6.806436604590038
2459696 zr 3.203479222921519 -6.605149426072451
2459699 zr 3.317583875826852 1.1378226233440147
2459702 zr 3.3114782856678686 0.7235063554042747
2459709 zr 5.079745305171532 -3.377949719851886
2459709 zr 4.139347857084836 0.7235063554027881
2459714 zr 10.747066989031655 -15.622775896693575
2459717 zr 4.561677829261921 1.1378226233405562
2459719 zr 3.28414188416948 -1.1315011955113798
2459719 zr 3.0366391577424254 -4.189213647702264
2459724 zr 3.3699380060982786 4.690496042359351
2459726 zr 3.2153030434372813 -5.802802550294928
2459730 zr 3.2420664471008283 -3.986677780290851
2459730 zr 3.133236578428667 2.8027408139837995
2459732 zr 3.3699380060982786 4.690496042358831
2459734 zr 3.7151335828306253 0.10346119537304331
2459736 zr 3.3298288487341483 1.968748274072577
2459738 zr 5.191742816307567 10.880812289903375
2459742 zr 9.34480803875253 11.964919710277078
2459747 zr 2.9136002426423797 1.9687482740722229
2459751 zr 4.570088494487553 1.5529027934100519
2459753 zr 3.6272244817903077 -5.199099567250511
2459756 zr 3.087402048630789 -0.5148730813250809
2459761 zr 3.0788830164088874 -1.131501195513135
2459765 zr 3.541203218930436 2.176958446726961
2459902 zr 6.5172386256221815 4.269641531928073
2459902 zr 7.807024199572188 -0.9261477735239793
2459902 zr 7.808480605871202 -6.605149426079066
2459902 zr 8.049456096133023 0.10346119537214817
2459902 zr 10.070988615679905 -9.587760609072774
2459904 zr 12.474747502120195 -1.9510261189164735
2459904 zr 10.315068230888812 -4.391563058568039
2459904 zr 7.636663475818508 0.10346119537214815
2459904 zr 8.400125714314731 -1.5416410622828207
2459905 zr 6.801126394211686 -6.805274702269315
2459905 zr 8.957161083176983 2.176958446726786
2459907 zr 8.659359810477584 5.323233174589376
2459907 zr 12.978717035129229 7.019104505394296
2459914 zr 5.435947790589636 3.0117194760013604
2459914 zr 4.827398716763568 -5.601753537802267
2459914 zr 5.5727003742459384 0.10346119537214811
2459914 zr 4.908097377883355 -1.9510261189164737
2459914 zr 4.503234986290433 -1.7464278549861092
2459915 zr 8.286324187208429 0.9305690895293993
2459915 zr 4.944395137493628 -0.3089514622297997
2459924 zr 5.292675612070056 -2.9711955760477906
2460016 zr 7.069372171760213 1.760729781787461
2460021 zr 3.899918487451257 -1.1315011955133514
2460032 zr 4.1165360648410525 -0.5148730813253621
2460046 zr 3.5022798890579865 -0.30895146222979974
2460055 zr 3.7588546279732173 -9.192455901735542
2460057 zr 3.1361237253401746 3.0117194760013604
2460059 zr 4.067440640827377 -13.694791725569331
2460061 zr 3.5055070939982618 -0.10284009494563406
2460063 zr 4.030249424211453 -5.19909956725084
