jd filt fluxerr adjflux
2458207 zg 9.566450976997231 7.4365345507392195
2458207 zg 8.952720069743652 -4.81567060278268
2458223 zg 2.3883502106229098 -0.7404564395764122
2458229 zg 2.915369583698174 -2.607576428987272
2458233 zg 5.2335982333875375 12.412239921260735
2458243 zg 2.4688230070656916 -5.794974431172673
2458246 zg 2.7459693711805926 1.5502928660444306
2458249 zg 2.955729039213781 4.6873504446423775
2458262 zg 5.570727291391424 -6.407392234833418
2458267 zg 12.364231251773687 14.139769552982433
2458273 zg 2.4002681403848256 2.994287706795323
2458279 zg 2.4372383827133968 0.3455956804740034
2458282 zg 2.601896134766518 -3.2120766084588404
2458294 zg 8.669229572934313 -1.6529418799696545
2458300 zg 4.580736055774897 -5.832176191121813
2458303 zg 2.6235536879130343 -2.7871698926946236
2458333 zg 4.7172593752651615 2.0376523370633444
2458336 zg 3.7545958201512595 0.7238855743278931
2458488 zg 2.9733256567839312 1.8086382107350252
2458488 zg 3.1917712901636146 7.376808286953255
2458492 zg 3.483649279053719 3.547062765497663
2458493 zg 2.7218985439527508 10.238267855476364
2458494 zg 2.4439820336426954 5.407216510364777
2458495 zg 2.461908644523893 4.836771492607805
2458495 zg 2.8273318438627166 5.232131647649619
2458502 zg 14.04236652144587 1.9790607923456136
2458502 zg 14.725799600985448 19.494700121526463
2458508 zg 7.102984015014347 9.94227590763684
2458508 zg 6.304082842147988 -3.984794491862637
2458539 zg 17.362077601924746 32.85133408693908
2458544 zg 4.39027713259106 15.117081149179198
2458560 zg 8.95971514931118 11.205698271610299
2458568 zg 5.5575797907343585 26.9265484950613
2458582 zg 2.9304203562302518 32.15950367676044
2458585 zg 3.4161241742494344 29.03200018446065
2458588 zg 6.247234248154643 38.546289521898416
2458594 zg 12.266701187231178 42.73883471274633
2458597 zg 3.3820243618506507 40.70433603942819
2458606 zg 2.4389325334064647 48.06514959318876
2458617 zg 6.303877921844865 64.06743326665759
2458628 zg 2.5298553419161403 58.80285253188696
2458633 zg 2.7401654404632705 64.16429485953017
2458634 zg 2.55900970695463 68.35772210446257
2458634 zg 2.6887050712463547 73.60670818961978
2458635 zg 2.090809394008809 64.05964987157317
2458637 zg 2.4439820336426954 69.4279038689669
2458640 zg 2.7235990016661242 79.40146760577393
2458643 zg 3.826053334117691 80.55255929070793
2458649 zg 10.163307184645362 68.47818701588346
2458652 zg 6.445697666093466 76.43941024856404
2458667 zg 2.9715141218297183 102.4370682033227
2458670 zg 3.881325104679295 95.03041453365216
2458673 zg 5.36650990880642 112.41570289917644
2458677 zg 7.771478661286713 94.01381892769051
2458680 zg 10.325750687270405 96.63586840802235
2458683 zg 4.8744767654267935 109.82863944443248
2458683 zg 3.701272152283989 114.06525438692373
2458686 zg 3.2918941677636306 112.59596288583404
2458686 zg 3.633931458913463 117.330422669829
2458692 zg 4.122803671351216 121.71896784456936
2458853 zg 3.4248839830814184 62.56262234906076
2458856 zg 3.320098891589825 56.33838694768229
2458874 zg 2.38161706377384 44.551255938421285
2458877 zg 2.442711095136188 43.18725217486075
2458896 zg 3.4804421966368007 34.492745137684025
2458900 zg 2.605527664876101 32.71787052283777
2458914 zg 7.095669187992105 25.40753235415087
2458937 zg 2.32656099437117 24.238420930555712
2458940 zg 3.7113648363622715 21.78527446406667
2458944 zg 7.393838004858108 21.707836022805854
2458954 zg 3.1043932584270357 14.37998229550314
2458963 zg 2.6995411748273157 14.589886946690399
2458969 zg 4.391583872850845 15.946862179315398
2458972 zg 5.018574463627152 8.835511889652903
2458980 zg 1.9496736413248243 12.224533504047644
2458986 zg 2.4471453233107705 16.1594577527702
2458992 zg 2.390550975793885 10.528013281811651
2458995 zg 2.6308128589449007 8.166754560776473
2458998 zg 2.87989586732973 11.632277387287001
2459012 zg 2.2329136740407214 3.6430487609235964
2459018 zg 2.5613677277382667 10.16042846311539
2459024 zg 2.2901931166960012 2.7248038741861453
2459027 zg 4.685198597755341 5.605171051625215
2459032 zg 8.168795055259116 -1.481327817009876
2459036 zg 5.148795583540814 -3.0405624561111946
2459040 zg 2.7142708295357134 1.7475319360293158
2459045 zg 3.247961268123457 4.12253373455953
2459218 zg 8.816651181367668 -3.5814063699431733
2459227 zg 3.0810283094125883 8.947632963850735
2459227 zg 2.8456192140720122 1.2031464309607052
2459229 zg 2.7458202593890064 5.439655295600461
2459230 zg 3.2391032292123083 -4.848190145139378
2459250 zg 4.388494124295661 9.533781154660748
2459253 zg 2.487127267915264 1.9314217999019636
2459255 zg 3.467707664829313 6.572595608097673
2459257 zg 2.6007325233921166 -0.9098786169058568
2459264 zg 2.536166715183486 -1.2831843925147826
2459268 zg 3.5255330398405826 -0.8223732752770063
2459270 zg 7.302217840516013 1.0357228004814572
2459272 zg 12.024101826757425 -10.890585845301473
2459290 zg 2.4516847092118357 -4.954052255457539
2459292 zg 2.6361966180369394 0.6447479160565708
2459301 zg 14.02453157192196 0.4151042603025397
2459305 zg 7.263534975091091 -7.817649207240638
2459305 zg 7.1547318194690614 -2.6308682910260717
2459307 zg 3.410046315556724 -1.262620458945924
2459311 zg 2.5709759197010573 3.546263181157907
2459313 zg 4.084280126913588 4.921197504388287
2459321 zg 2.6240782684700377 -3.4649456523527307
2459325 zg 4.6423419133072 -2.5457085298616966
2459329 zg 10.515318947598445 -8.342036868732936
2459335 zg 3.1831212312436143 4.119030503661681
2459340 zg 2.7928169936342857 -5.360840553162782
2459344 zg 2.29646462890022 0.7033997450536326
2459346 zg 2.599392929377416 2.9412900404160136
2459348 zg 2.414893646911216 0.0013641556080915551
2459356 zg 7.577254923745894 10.750951513722297
2459361 zg 8.140583398181862 -7.011316740702384
2459363 zg 2.5840189173567594 -1.5781397671878623
2459365 zg 2.822901267729756 3.221824488568493
2459366 zg 2.6337635600878873 -3.369630383825968
2459368 zg 2.3181587111280546 -1.1049169878895089
2459370 zg 2.8516465058998963 3.792451838929362
2459374 zg 2.9232409809764337 4.157748999942807
2459376 zg 2.8546570481134643 -1.0193510911557349
2459378 zg 2.591168698722809 -1.455622306476237
2459387 zg 15.281633902579133 17.038239475877962
2459391 zg 5.611925520462525 -5.967674635919974
2459393 zg 6.843931433831574 4.937509253120154
2459395 zg 3.184533812626346 -1.1867746541265967
2459397 zg 3.379284754802762 -3.315746967109462
2459400 zg 3.687474453400187 -2.900418610314944
2459408 zg 3.797655111427155 0.6665433790976967
2459419 zg 10.506423517813431 -2.2122354563000073
2459423 zg 3.8302294313913703 3.3682631864489427
2459600 zg 7.589525015320294 -6.834627889474234
2459641 zg 2.4025481766561714 -2.509235814839211
2459670 zg 2.404762024661065 -2.463435098179085
2459673 zg 2.513417406515115 -4.041880806737707
2459677 zg 3.7470711151298626 -7.946957503886805
2459679 zg 4.111373646961967 1.4508630635019375
2459682 zg 6.622445609313856 -10.603446815675566
2459687 zg 11.929075629491424 4.421081090498625
2459694 zg 3.6140697635419223 -3.352331892210797
2459697 zg 2.1191153894306134 -1.3682490807073378
2459699 zg 2.9761387830133854 0.19580743969075046
2459699 zg 3.653852567804987 3.8352733606550484
2459701 zg 2.79080776394507 -1.4164966809475994
2459710 zg 5.968275885501491 0.7940584118971229
2459711 zg 7.617907543395075 7.607426846016877
2459715 zg 12.57806781502578 4.2067584707956165
2459722 zg 2.4940089575482967 1.6021932061381117
2459722 zg 3.1857763623187236 -0.44572020306436055
2459724 zg 3.2253495207176197 7.776666489108697
2459730 zg 2.595241626902965 -0.4948657331252674
2459730 zg 2.7156394250456577 4.1531804211226335
2459732 zg 2.5696389408482423 1.0449473732110683
2459734 zg 3.863597851880091 -1.2243902120385266
2459738 zg 5.334600839090933 4.259632429322998
2459747 zg 4.828599460912261 6.599396335502191
2459749 zg 3.17433808220502 3.781328822532495
2459759 zg 3.198724116029751 7.268934914399344
2459759 zg 2.9871235056701018 0.3934287648222945
2459761 zg 3.1307073899760214 0.2939237258974002
2459763 zg 3.2187103974717624 0.9438004385432003
2459770 zg 7.059078834907763 -9.35821112808691
2459770 zg 9.565722685933983 -9.276528070505666
2459937 zg 4.470082321533654 10.198273837782708
2459951 zg 16.17967490652946 21.091236722261833
2459957 zg 8.472492843385938 1.0939493208292475
2460016 zg 6.458411078200903 11.265723920226892
2460021 zg 3.5246461325973857 -3.3083112246076767
2460043 zg 11.357399068574773 -1.8499162378697331
2460045 zg 3.7767263752091687 0.29289616886560316
2460049 zg 2.905052200538193 -0.20176167141170903
2460055 zg 2.919966026730407 6.155792302967987
2460057 zg 3.3673007178409127 3.463573041248192
2460061 zg 2.843006145957266 4.579221689110381
2460063 zg 3.5549576008818 -0.05384802063641944
2460065 zg 7.092917488038046 15.71728011089492
2458198 zr 3.3070589584573526 -2.317771930888809
2458217 zr 4.707279364474995 0.08323121663456207
2458217 zr 3.3685417748718844 0.3524665076264914
2458218 zr 3.379603047825608 -10.039312526776323
2458219 zr 5.669584328917054 0.622210533008406
2458243 zr 4.264340816325819 -1.2552362683017357
2458256 zr 3.6548174778285993 1.0283613743140454
2458256 zr 3.3530647312823962 -0.3190600982173063
2458256 zr 3.818211314787616 2.115269657249201
2458262 zr 6.611434333446202 -13.009584865398864
2458270 zr 5.852677655992087 -1.5205208954386487
2458279 zr 3.2189421420311 -0.3177314077917378
2458282 zr 3.288833879410385 -3.1069549229266786
2458288 zr 3.9071488814692503 5.566245014415688
2458294 zr 6.396511224488729 -1.2517127575412743
2458300 zr 4.501989001881639 -10.159497462078633
2458303 zr 4.953402887836063 -0.5820929112221304
2458306 zr 5.4036322584863905 -2.8395093988040148
2458325 zr 9.683331260946483 -1.9066199370658414
2458336 zr 4.849574696331361 -3.613468886320374
2458462 zr 5.104697053630478 13.675870953572415
2458462 zr 4.713905218220104 5.853992682510624
2458462 zr 5.154262537098837 -1.1855878193339449
2458462 zr 10.25967606318493 5.853992682510624
2458465 zr 5.419533688591177 2.5331184015126333
2458466 zr 9.096658748593969 9.786839466640867
2458466 zr 5.629703540473403 16.31732583376019
2458466 zr 4.434206036177783 1.3556493596683294
2458466 zr 5.555022030805957 2.570004405663478
2458477 zr 5.901608344558253 4.945628175458097
2458487 zr 3.7312982142850917 1.1522946563346803
2458488 zr 3.6581852397990446 3.630971018980741
2458492 zr 4.333747686011532 8.563325416038555
2458494 zr 3.459727850477856 7.167770146183898
2458509 zr 7.242101686048567 1.0758688770142912
2458527 zr 6.583728805498698 3.0338880186633324
2458539 zr 6.641951327768782 -4.703322149257529
2458557 zr 4.238535928067866 4.385500893508803
2458560 zr 4.810657408870268 10.6326087619426
2458573 zr 4.359652835668322 16.415340938721492
2458582 zr 4.403326064529974 11.43493699385482
2458585 zr 3.715914332346483 21.075373105628124
2458591 zr 13.1975080502526 34.38292377407653
2458594 zr 11.454633944362849 22.34430643887747
2458597 zr 4.157800266790171 20.840884646179834
2458606 zr 3.568414347872432 27.174460274935296
2458617 zr 4.6942906237953546 27.66339083411601
2458628 zr 3.947298111640713 33.98303657299682
2458633 zr 3.611397365655348 38.975348094873326
2458634 zr 3.0670765094174683 39.930430706326995
2458635 zr 2.729806883834618 37.15767219385134
2458637 zr 3.1508647743382565 38.509081586718615
2458640 zr 3.387208555369486 38.09110065557767
2458643 zr 3.9904620381764233 36.63392848796939
2458649 zr 9.32427955029307 50.445275843377736
2458652 zr 7.136283669270864 47.87021917690777
2458655 zr 3.4724974669762965 48.00916005491783
2458658 zr 3.8859743249173224 43.94442393835596
2458661 zr 3.3965807006155737 47.22457710278363
2458667 zr 3.611317671870708 47.437098654959044
2458670 zr 4.424082159687078 63.5737923570503
2458673 zr 4.735920786350953 47.52846507741891
2458677 zr 5.961703658337188 56.85741794218422
2458680 zr 6.983480636269299 59.17758449310571
2458680 zr 8.618781374893901 49.31691076196128
2458681 zr 8.097555635556672 56.94582322750014
2458686 zr 4.959117856695742 59.46068734302314
2458828 zr 5.60726678105805 32.867134507796685
2458828 zr 5.620236685400276 26.598419394286275
2458828 zr 6.339747093707093 25.580313625224072
2458828 zr 8.668641041320784 24.318185443775626
2458856 zr 8.960154973533719 6.224901370880584
2458874 zr 3.5552920106603056 21.975204185163932
2458881 zr 3.77276678785651 18.23019709292809
2458887 zr 4.529141287684241 19.703235950360533
2458895 zr 4.051945756113843 11.075681350661615
2458900 zr 3.464776913264728 12.964312699694787
2458905 zr 3.548748948985003 15.63957522808148
2458911 zr 3.814696231209782 14.43314761211703
2458972 zr 4.327647782226426 6.864874833750974
2458986 zr 2.9862393214755287 6.47978835037446
2458992 zr 3.112609293113576 12.364488688003435
2458995 zr 3.121977472451689 5.961301536369984
2458998 zr 3.0755628739436673 10.20885966899273
2459001 zr 7.003223860886285 13.446375268232993
2459009 zr 6.0292009738173675 0.18980117404893493
2459015 zr 3.3305286249881036 8.285914296477564
2459018 zr 3.1335004756366063 5.409586116892934
2459021 zr 3.0313059011021215 0.4635861756462294
2459024 zr 4.1158887049309225 1.4043607863568814
2459027 zr 4.148584370478949 12.45678860269815
2459032 zr 7.0874491491399825 -5.630295220149201
2459036 zr 7.7243975678945205 9.305508194419096
2459040 zr 3.9433012849541336 9.597451795376218
2459043 zr 4.087174533439052 4.517176180771712
2459045 zr 3.254716537797147 3.777097943574938
2459186 zr 9.088284273442081 8.69112833710406
2459186 zr 10.459610713271582 3.937791498131501
2459186 zr 11.571274998956733 4.075481353672954
2459189 zr 7.500057939761389 2.5517526346482953
2459189 zr 6.874987822954157 3.7841355861983743
2459189 zr 7.701543957344345 12.266334249843624
2459189 zr 8.708712241763445 14.756081644721007
2459190 zr 7.611401271051283 4.744506984432579
2459190 zr 5.817698620420127 4.882959848564045
2459190 zr 5.642684726896512 3.916462379413108
2459190 zr 5.939780339423829 4.467983522106923
2459193 zr 6.247381237713836 -7.0961655137498925
2459194 zr 5.369847105078687 0.22604536433216793
2459194 zr 6.072540004512985 7.799796888572007
2459194 zr 6.6850594314406715 -5.948908195754325
2459194 zr 8.52026650635195 8.649473633249345
2459195 zr 8.463576822573708 10.214531957231392
2459195 zr 5.715915313005283 5.830452925478899
2459195 zr 5.711654386007252 9.498928686241035
2459195 zr 5.454587592553737 2.521260568902013
2459196 zr 7.94492781942639 8.49773325630541
2459196 zr 8.87925915310495 -1.6511371080676003
2459205 zr 4.213307764306101 6.90370419453292
2459217 zr 6.524610721473195 15.370611511864906
2459219 zr 6.980647189175746 -5.282485733337925
2459227 zr 3.8638760278173674 -5.8266087192496325
2459227 zr 4.22885879220927 7.382557994516903
2459228 zr 3.6716873488120676 1.9792934176124433
2459231 zr 3.3366693395097435 5.269652596006076
2459231 zr 3.6448132140573994 6.526103958948149
2459233 zr 3.3778622705737327 1.0144583518915797
2459250 zr 4.799212424844104 3.1446390409702114
2459253 zr 3.1595829745415087 3.4116893826967374
2459260 zr 6.090595546822537 -1.9996047799747694
2459265 zr 3.3121742054808947 4.072916907453888
2459272 zr 9.102491407818391 -6.584876723717177
2459292 zr 3.1953112660954743 -1.2624436542035014
2459295 zr 4.059416594814577 -3.6436586035249685
2459297 zr 4.88207480669572 1.4176018583327568
2459300 zr 11.00758215723637 -11.54216030269094
2459301 zr 13.928422400293051 5.397777628211804
2459305 zr 5.8259987152355155 1.2711150497452144
2459307 zr 3.762702888817197 -4.963547894488618
2459309 zr 3.6480912522196314 0.8601258385261652
2459311 zr 3.1689338285442825 -2.481596301306481
2459316 zr 3.003514721553935 -4.063217335347588
2459316 zr 3.076307646408381 -0.6269602064471369
2459316 zr 2.9547532817226845 6.91893992168977
2459316 zr 2.9670482562285203 0.5818153849248804
2459316 zr 3.1019140860570893 0.5818153849248804
2459316 zr 3.003514721553935 -4.063217335347588
2459316 zr 2.9889910165417044 1.664726716940976
2459316 zr 3.0166478099020075 3.0296349832498497
2459316 zr 2.9021817699628842 -2.619452461168151
2459316 zr 2.9862393214755287 1.5289260370409183
2459316 zr 3.0755628739436673 5.937190348507755
2459316 zr 3.1133630366688068 1.1222736538653069
2459316 zr 3.227848707068568 0.1777763530511154
2459316 zr 3.0027875722180792 2.345609444159209
2459316 zr 3.0083240090202588 2.6188417114993006
2459316 zr 2.895484361642351 3.8546345717786044
2459316 zr 3.136387865718399 2.2091819368004626
2459316 zr 3.0481038883793112 -1.958344606551435
2459316 zr 2.9670482562285203 0.5818153849248804
2459316 zr 2.914212546864591 4.822914035835822
2459316 zr 2.699802061389073 0.7167433418358657
2459316 zr 2.8505011704993684 1.5289260370409183
2459316 zr 2.9115296936065342 4.684205897058433
2459316 zr 2.874228051741627 2.7556467032655125
2459316 zr 3.0083240090202588 2.6188417114993006
2459316 zr 2.9021817699628842 -2.619452461168151
2459316 zr 2.9738648222577324 7.907039516337534
2459316 zr 2.993099977506699 8.901530204811195
2459316 zr 2.96978226752798 0.7167433418358657
2459316 zr 2.9588613148128537 0.1777763530511154
2459316 zr 3.107633288927834 0.85179562923463
2459316 zr 2.961587782187036 0.31233200483484347
2459316 zr 3.1197024260137587 -4.714654178247002
2459316 zr 3.1248542445663277 1.664726716940976
2459316 zr 3.248726646958755 1.1222736538653069
2459316 zr 3.2767396596833525 -3.539903561299553
2459316 zr 3.2757682606015415 2.345609444159209
2459316 zr 3.3305286249881036 4.822914035835822
2459316 zr 3.1283344023988033 -4.324152124919493
2459316 zr 3.319265084621712 -1.6930478221675
2459316 zr 3.224877117220206 0.043344574548683804
2459316 zr 2.8888474559599002 -3.2775228011069255
2459316 zr 3.1864944812368434 -1.6930478221675
2459316 zr 3.024994642099829 3.4415648883505416
2459316 zr 3.290888519893099 3.0296349832498497
2459316 zr 3.224877117220206 0.043344574548683804
2459316 zr 3.1917565989469328 4.822914035835822
2459316 zr 3.1770918094592577 4.130649127926034
2459316 zr 2.9889910165417044 1.664726716940976
2459316 zr 3.233800103877009 0.4470116440430447
2459316 zr 3.1053686953787976 -5.363097940731478
2459316 zr 3.1248542445663277 1.664726716940976
2459316 zr 2.8995099923585506 -2.751309082808461
2459316 zr 3.136387865718399 2.2091819368004626
2459316 zr 2.9752578502806677 0.9869723616877766
2459316 zr 3.000023175904555 2.2091819368004626
2459316 zr 3.1479640566694007 2.7556467032655125
2459316 zr 3.099058432882133 0.4470116440430447
2459316 zr 3.1543739001615014 -3.1461510634744907
2459316 zr 3.1485686771548225 -3.408773596601406
2459316 zr 3.127733667506576 1.8006525315078934
2459316 zr 3.379972529960686 7.059707274725554
2459316 zr 3.3862044074595774 7.341631234065687
2459316 zr 3.168325297333391 3.7168178407736723
2459316 zr 3.1335004756366063 2.0728800259716995
2459316 zr 2.7222745597522158 1.9367035960474654
2459316 zr 2.863658486090712 2.2091819368004626
2459316 zr 2.903495943908837 4.26884718721297
2459316 zr 2.7882513721976987 5.518374293377349
2459316 zr 2.7197684065274577 1.8006525315078934
2459316 zr 2.6578589192383073 -1.560216056884286
2459316 zr 2.652967468752461 -1.8257573011975408
2459316 zr 2.557734902797895 0.31233200483484347
2459316 zr 2.6124953727225795 3.4415648883505416
2459316 zr 2.7601451712340785 3.992578295156847
2459316 zr 2.775372135360912 -2.355374604786135
2459316 zr 2.6824517850259166 -0.22514781866604472
2459316 zr 2.876876533091452 2.8925777551289404
2459316 zr 2.665213010203637 -1.1609859161771394
2459316 zr 2.7499951291816624 3.4415648883505416
2459316 zr 2.757604153945096 3.8546345717786044
2459316 zr 2.8452551865103684 1.2576996205438322
2459316 zr 2.8192391948061806 7.200604339009914
2459316 zr 2.7047798638915164 0.9869723616877766
2459316 zr 2.6948334198975075 0.4470116440430447
2459316 zr 2.788182671082238 -1.6930478221675
2459316 zr 2.672587449372372 -0.7606511364130595
2459316 zr 2.6578589192383073 -1.560216056884286
2459316 zr 2.626224959963546 -3.2775228011069255
2459316 zr 2.7348400082002353 2.6188417114993006
2459316 zr 2.670127038599072 -0.8942189891704684
2459316 zr 2.606945335332336 -4.324152124919493
2459316 zr 2.5648119583196194 0.7167433418358657
2459316 zr 2.7047798638915164 0.9869723616877766
2459316 zr 2.765166098309453 -2.8830443159228873
2459316 zr 2.7984736607138188 -1.1609859161771394
2459316 zr 2.790751865200223 -1.560216056884286
2459316 zr 2.650525120329836 -1.958344606551435
2459316 zr 2.7272937962768684 2.2091819368004626
2459316 zr 2.7473957600013974 -3.801801443154147
2459316 zr 2.747463456123051 3.3041284334332777
2459316 zr 2.887494885640746 3.4415648883505416
2459316 zr 2.863658486090712 2.2091819368004626
2459316 zr 2.9088493102100634 4.545625454383156
2459316 zr 2.531952359693455 -1.1609859161771394
2459316 zr 2.876876533091452 2.8925777551289404
2459316 zr 2.717264560492459 1.664726716940976
2459316 zr 2.747463456123051 3.3041284334332777
2459316 zr 2.8295750908923827 0.4470116440430447
2459316 zr 2.679982293046429 -0.3592086611405134
2459316 zr 2.906171394401399 4.40717259025169
2459316 zr 2.783051376346328 -1.958344606551435
2459316 zr 2.8217674775676804 0.043344574548683804
2459316 zr 2.8374043072819357 0.85179562923463
2459316 zr 2.7575362079617234 -3.2775228011069255
2459316 zr 2.7985426154003394 6.077053060231236
2459316 zr 2.702289816458986 0.85179562923463
2459316 zr 2.979347932284896 8.190525757821575
2459316 zr 2.742407099910916 3.0296349832498497
2459316 zr 2.755065475942079 3.7168178407736723
2459316 zr 2.7272265971255067 -4.844581936202616
2459316 zr 2.665213010203637 -1.1609859161771394
2459316 zr 2.747463456123051 3.3041284334332777
2459316 zr 2.73736004927774 2.7556467032655125
2459316 zr 2.906171394401399 4.40717259025169
2459316 zr 2.8295750908923827 0.4470116440430447
2459316 zr 2.6849235525393436 -0.09096344471240035
2459316 zr 2.742407099910916 3.0296349832498497
2459316 zr 2.882180819435426 3.166818503893524
2459316 zr 2.6849235525393436 -0.09096344471240035
2459316 zr 2.6578589192383073 -1.560216056884286
2459316 zr 2.8062168218409904 -0.7606511364130595
2459316 zr 2.702289816458986 0.85179562923463
2459317 zr 2.930361661101938 5.656717373653627
2459323 zr 3.6447327828752485 0.7090868703851657
2459325 zr 3.552018973227129 2.4724346379353253
2459329 zr 9.134685897705348 14.104847746756853
2459335 zr 9.945863130006437 25.539822376391676
2459338 zr 3.4456826564287866 -1.9803866435219326
2459342 zr 3.1595829745415087 3.278669447919813
2459344 zr 3.4059787778658768 2.045773335183575
2459346 zr 3.1595829745415087 3.27541326657292
2459348 zr 2.9155776323628193 -1.9886299542655743
2459352 zr 3.362342403196425 0.1444619040026973
2459353 zr 4.294015648405331 4.511576266066168
2459354 zr 4.64067170251885 2.310834315740525
2459356 zr 6.948196706846388 2.03667899460034
2459361 zr 7.616892013514509 10.14999961511374
2459363 zr 4.581966475101161 9.574886894583289
2459364 zr 3.4629158454881708 4.504052308854624
2459368 zr 2.813981407698751 -0.4032798178854463
2459370 zr 3.084819552779804 -0.27042355493731984
2459372 zr 4.796270329432191 -5.15053036054773
2459387 zr 8.832464547949051 3.9381552287394643
2459391 zr 6.358498972240876 10.997978803732181
2459393 zr 3.399710508159322 1.7434230038585878
2459400 zr 3.675070655665491 1.8764462559692254
2459402 zr 3.878465746946751 4.48454890167171
2459404 zr 4.462415169795597 -7.480040519945188
2459406 zr 5.419533688591177 1.1950426905947396
2459410 zr 5.706255577034164 1.6005637663955625
2459415 zr 6.257484562770304 -1.3601314429137428
2459419 zr 14.82597634015457 13.463024297334906
2459427 zr 4.25229302105524 7.978905096195511
2459551 zr 7.172522730994669 9.813366516397076
2459551 zr 5.6840744884871315 -11.77499733403153
2459551 zr 6.035516516308312 -0.3142346273988093
2459551 zr 5.226421475439932 11.689431491302878
2459551 zr 5.351623172437753 6.9706204659927895
2459600 zr 5.764361638870852 3.07524412180298
2459637 zr 4.949559346998889 -8.146872857488338
2459670 zr 2.7122637814976223 1.2999146136811301
2459673 zr 3.638025116861635 0.3536286618094158
2459675 zr 3.0452977734112685 -2.1842233775116884
2459677 zr 4.060908308698444 1.0288303097012943
2459679 zr 3.601432479307697 4.452153002765569
2459684 zr 9.644808708639525 22.958236397660738
2459687 zr 10.406765806510485 -8.147768635164013
2459690 zr 4.4583070256968025 -7.639223726718603
2459694 zr 3.622930144608597 -5.4567677117937095
2459699 zr 3.568414347872432 3.073090495856822
2459699 zr 3.342821376070332 5.285297898884768
2459702 zr 3.3716457457142277 0.4880540819529658
2459707 zr 4.196271918988392 1.0284594650913188
2459709 zr 5.457158100030662 5.983218593215121
2459709 zr 4.575260947095982 4.590371430042318
2459709 zr 5.622920202396366 6.684467693473516
2459719 zr 4.408104761507326 3.6228889986060056
2459719 zr 3.2228636904399397 -5.973636018427565
2459724 zr 3.125454426415996 -4.548411316207728
2459726 zr 3.467969560775952 -1.1216523338570676
2459730 zr 3.2457358366698195 0.8929520314164431
2459732 zr 3.3070589584573526 -2.317188846644347
2459734 zr 3.5388788324580203 -3.633954266319533
2459736 zr 3.4501814640425987 3.8985129429647096
2459742 zr 9.92156133009699 -16.155483864436796
2459747 zr 3.104772370597434 0.6226034456350014
2459752 zr 3.7800707362318873 -4.418322773464891
2459754 zr 4.299836156293608 -0.05083786550717579
2459756 zr 3.306078571130495 3.622623889944178
2459759 zr 3.204152446318886 -0.9884296943562572
2459759 zr 3.230823035113131 0.2181212996490547
2459761 zr 3.165408505332189 3.4849064422199065
2459765 zr 4.0504187690361935 5.703213945081634
2459772 zr 7.99270195229105 -5.973983876337774
2459772 zr 7.576560666574702 15.355809224760685
2459774 zr 6.972327824350015 -3.1089442389345767
2459774 zr 7.549275464524347 11.684232333363077
2459776 zr 6.200115599466161 -2.7137474738127483
2459776 zr 3.3253850318136866 -1.5215569053107345
2459778 zr 4.596379392096707 5.284722063674832
2459778 zr 4.262023782780166 -5.715944309020119
2459914 zr 7.699334344438686 -6.61739358567716
2459914 zr 10.902689619841865 14.023976515305737
2459929 zr 7.272302461410639 11.974535433218906
2459929 zr 6.919455700955712 4.312565382068245
2459929 zr 7.443510383607447 6.543186663637302
2459937 zr 4.385949458478221 7.670879498165244
2459952 zr 7.408493812573092 -7.257555519700233
2459971 zr 4.791854834929677 -5.328278495299448
2460032 zr 3.729629515452172 4.036000184914529
2460043 zr 6.678395043082046 -3.7655638561540665
2460045 zr 2.8505011704993684 1.4342746333912797
2460051 zr 3.109743793823885 7.529422579448768
2460055 zr 3.0083240090202588 2.524188660636211
2460057 zr 5.398657620508931 -2.977697673076076
2460059 zr 4.102607411731819 13.142354671514578
2460061 zr 3.7433953203512584 4.589551949028248
2460063 zr 4.110095445399143 -6.489070887619821
