jd filt fluxerr adjflux
2458210 zg 14.695119336908988 -8.736996352196497
2458229 zg 3.333281049680482 -2.5899556622822084
2458237 zg 14.003941083177791 -15.710955654583413
2458237 zg 14.080387168043492 -15.373158515432394
2458242 zg 2.365756125691947 -0.2677746873106419
2458249 zg 3.0189766958582256 -1.809225294309781
2458267 zg 8.003770258751386 -5.028006094773509
2458270 zg 6.994185130243505 6.714510032736014
2458274 zg 2.4944025163851724 -2.685934019926891
2458277 zg 3.203848218265131 -1.8139871842127886
2458280 zg 2.874553424236999 -7.441390542477149
2458293 zg 7.042525478930478 -4.918672946030979
2458443 zg 7.565289194433839 -0.34553746972809585
2458463 zg 33.89580548600155 -18.994650920398282
2458487 zg 2.6083262990382297 0.06573875402429834
2458495 zg 2.285498002108653 0.1596875908952499
2458502 zg 7.534998583153896 5.821478501190712
2458514 zg 15.362829822891737 -2.0912039169533383
2458539 zg 10.95544352996617 3.28491727410961
2458559 zg 5.8956985298182305 5.817674912927686
2458575 zg 12.124551794272948 -4.786811703807771
2458580 zg 2.6223205941485146 1.398073745422095
2458586 zg 3.719546187609571 0.790073242720151
2458600 zg 2.990574359335725 4.402539734138255
2458607 zg 2.6179534512250457 -0.8916819336660367
2458612 zg 2.3404730948079235 -0.7075905425011233
2458634 zg 3.1165344597201794 0.4501178995011942
2458637 zg 2.7408532649701622 4.0715495934605865
2458640 zg 2.8271874572284887 1.5237285715286322
2458643 zg 4.62194516904034 -3.2182565680162254
2458650 zg 10.537120128334132 21.838008721486776
2458653 zg 10.715469652719406 12.180728481030979
2458662 zg 4.097150366089129 -6.164952630944541
2458676 zg 9.465542654523702 -11.678203478907225
2458806 zg 8.145010326171802 -3.949165395787829
2458838 zg 23.1377772046107 38.019645747343304
2458854 zg 2.5279118182008014 1.2647942739451985
2458857 zg 3.0995454498807637 -2.580998580885579
2458873 zg 3.0619619310751642 2.578380575638656
2458877 zg 2.5496791090552477 -5.384936570935243
2458880 zg 2.710006824362625 1.19799455502469
2458886 zg 5.791413859294904 -8.812610319790421
2458898 zg 2.0073503758632754 -0.7260256658250427
2458908 zg 2.8141977107935277 3.093867387154458
2458914 zg 4.980991278750186 11.033041452074976
2458962 zg 2.595174325281954 2.80956397720994
2458965 zg 2.4355913876798345 1.8183554518288803
2458968 zg 2.807703344603581 -2.043801458310752
2458971 zg 4.852802918044701 -7.18089265313282
2458978 zg 3.3409087845275636 -0.7172210635671201
2458981 zg 2.785829964901027 1.351172802687786
2458986 zg 2.2864935114572873 0.31864521375330446
2458992 zg 2.290709269821915 5.8334136857887025
2458995 zg 3.751265462220903 -4.356207705377114
2458998 zg 3.115610553939731 3.6393808425784644
2459005 zg 8.171149848639851 6.9839255655236006
2459011 zg 3.269625478649582 -5.8107371890495205
2459014 zg 2.8941060606455054 3.957400681177634
2459021 zg 2.815233635809001 -0.2594348942022189
2459024 zg 2.9214589402117124 0.8156756041172486
2459178 zg 3.798671723197012 3.9718798887539575
2459185 zg 8.117997071867864 -18.728967212042782
2459186 zg 6.958961573449595 13.862325245585787
2459190 zg 8.430257443170674 -10.856966539399686
2459204 zg 2.807703344603581 2.1019600231697066
2459217 zg 10.962756098518387 11.46685302239613
2459221 zg 7.553155518921367 5.790913603043472
2459227 zg 2.7009369280600595 5.296665826548526
2459251 zg 2.657574974728275 4.172806100562896
2459253 zg 3.25740630965443 8.61647876872019
2459255 zg 1.9616575027932308 4.67837971940874
2459268 zg 3.873050674921034 7.140601606678376
2459270 zg 7.584713027905018 0.8445990683573932
2459272 zg 14.548225262371007 16.928371776040752
2459276 zg 5.442785029230735 6.243467004279097
2459290 zg 2.482478669582197 2.9961650472520467
2459303 zg 11.499359658280145 -4.051489589298807
2459304 zg 9.112172058117707 10.610152354873366
2459305 zg 5.9453855233620025 3.6721425146488125
2459306 zg 4.250214431997558 6.807079122155926
2459307 zg 2.4110400786802324 6.672005293204723
2459307 zg 2.7375782135427364 11.356686208984957
2459308 zg 3.6356057750297985 9.675340317978568
2459309 zg 2.757848370539272 5.564717140140599
2459309 zg 2.8051876632010564 3.870519422184321
2459310 zg 2.8272901784630986 8.679528018844062
2459311 zg 3.4669147791368577 5.771727091342385
2459313 zg 2.878400486058433 4.591868108246614
2459317 zg 1.9992339712674947 6.173872714154301
2459321 zg 2.5757496708923107 5.187468974442291
2459323 zg 3.4922495702172363 5.828470004210786
2459325 zg 4.518559120741207 7.551680841173283
2459334 zg 2.6925909670962187 10.636588309726964
2459336 zg 2.200801361143575 11.49932648735404
2459338 zg 3.3631262152114263 10.761290449291122
2459340 zg 2.4308968785817395 7.17966910131345
2459342 zg 2.351276227765782 2.4838756285397183
2459348 zg 2.2058195082021372 5.97868793500847
2459358 zg 11.257365736125701 13.882666439745599
2459361 zg 8.595314254495113 -13.27817643112036
2459363 zg 2.766396603496294 3.0051145138209545
2459366 zg 3.0942443416017196 8.059966087823298
2459370 zg 3.0016123627074456 10.361135108984193
2459372 zg 4.944424859799174 11.407435248011021
2459374 zg 3.072272691906159 9.584041894905216
2459376 zg 3.4433232778714635 10.402062153706176
2459390 zg 9.581548393599514 5.295630235675826
2459550 zg 3.267832296219358 18.37832995364886
2459600 zg 7.316475605905085 9.296440629439594
2459636 zg 3.119406216325466 21.73574609728308
2459670 zg 2.1566558411797994 19.681053149200665
2459678 zg 3.117882616375435 12.2482636155154
2459697 zg 2.1388525506604275 22.593368959694896
2459699 zg 2.7049211234185986 19.61370067547719
2459701 zg 3.37835491413804 21.552824907610937
2459701 zg 3.1490372543466365 19.920966896502197
2459715 zg 8.829193636292253 6.148073233247425
2459722 zg 3.1050738466504004 20.117900545524265
2459730 zg 2.7945664619853603 17.075451973154667
2459732 zg 2.9655005503587586 23.34383485034196
2459734 zg 3.985031548539843 19.125743312949652
2459736 zg 4.636603609359171 16.71496681456661
2459741 zg 8.76610726005096 21.539122424511017
2459743 zg 10.06643886041086 17.399176672707323
2459747 zg 5.219110977244516 25.298920564943405
2459749 zg 5.062867150152063 21.010409753649526
2459910 zg 4.444265225742829 14.683588555847857
2459924 zg 8.046591274311128 0.26443792121140675
2459932 zg 3.7081213703897355 2.627717553697406
2459937 zg 3.4944416942284358 7.963923109136468
2460020 zg 3.272638302247865 -1.7481176681734336
2460036 zg 7.7198129981503065 7.853635842586269
2460043 zg 8.411431861284862 -2.394512521165866
2460045 zg 3.631866885850714 -0.12245382089220591
2460050 zg 3.1974207341148766 3.521621847758923
2460052 zg 2.498639797588794 1.8676034332213076
2460054 zg 3.5066951199186143 1.807191744431861
2460056 zg 3.126903241633541 1.7177152786875918
2460058 zg 3.0475526643366306 1.4198676556754437
2460060 zg 3.7467367429617227 -2.8917136156821956
2460062 zg 3.738986874427296 3.0732322758338637
2458217 zr 3.4026962593442582 -2.1947843563204796
2458217 zr 3.29193997153272 -2.0088703983455645
2458224 zr 4.34595800640802 -0.02958751267493338
2458224 zr 4.033532174531824 -5.343310358948077
2458233 zr 5.730292417251166 -4.851681572065286
2458242 zr 4.374883937232976 4.084632656999537
2458257 zr 3.058439731289425 -3.466666700415323
2458274 zr 2.9127279741602847 0.7008184840690397
2458277 zr 3.594312794436493 -5.035295814595252
2458280 zr 4.3841538452377575 1.910001678697385
2458283 zr 3.255541108512297 -4.179139198505392
2458293 zr 8.592525994420132 0.1766330952657113
2458443 zr 4.818974247277423 0.9409190214632467
2458443 zr 5.882391705469645 5.017259094449307
2458444 zr 3.576447936482377 3.4709123265847968
2458444 zr 4.030570630186408 -6.965403441932824
2458444 zr 5.160546417686395 -0.9613417810881747
2458444 zr 8.111768001126817 -2.806001691101808
2458449 zr 6.913244279090654 2.7402427530694533
2458449 zr 6.883351840485302 -5.321081183000369
2458450 zr 6.500949383263831 1.813478204108774
2458474 zr 7.572004120888182 -10.44416389477847
2458476 zr 5.8046735251296235 -4.986926058683028
2458488 zr 3.0134220395211853 0.37247657899117326
2458503 zr 5.087424872999043 -3.766459534451794
2458524 zr 3.7792396268300474 -1.9455260696700871
2458539 zr 6.9376963167531995 2.9406464435091473
2458543 zr 2.6955161462407897 4.835094524717021
2458559 zr 4.735377490676147 -1.0411006810532961
2458567 zr 5.062905098909479 -2.163636937321751
2458580 zr 3.1178840497774867 6.182629903647989
2458583 zr 4.029818864413954 3.4826131228541435
2458586 zr 3.937041324287709 -0.29576635440424387
2458589 zr 10.871074551658944 9.532458815351472
2458592 zr 12.814090612078605 1.603232472291939
2458596 zr 4.2088799251489135 -10.452623433138163
2458600 zr 2.9556973368506547 -0.49105839796688255
2458607 zr 3.501482073687818 4.763744039899195
2458612 zr 3.0836136558264116 2.5489584736027657
2458634 zr 3.1615490700614988 -9.420875058057772
2458637 zr 3.052530136611102 0.4495452681369129
2458640 zr 3.579157797870739 -2.6709679538156363
2458643 zr 4.753028129107715 -1.8270494997013649
2458647 zr 8.053047813781411 9.755758287360226
2458653 zr 4.261494382265272 -1.5002982367869517
2458662 zr 5.2080135445646585 -3.8495624319902144
2458669 zr 6.516513294093672 -8.917724191487965
2458676 zr 9.1874006147797 3.9311678624535893
2458796 zr 7.420118510043775 -1.4546987634998902
2458796 zr 8.633387118889006 9.497574772138057
2458798 zr 6.316005192736943 1.497969243187465
2458798 zr 5.806377561874511 -0.833510785280793
2458800 zr 10.54124568563237 -13.393007348569103
2458800 zr 9.452216243627737 3.03424310976768
2458800 zr 9.341150734658248 -0.36436657457998844
2458800 zr 9.813632319454548 -0.9228741825986642
2458804 zr 6.792868061389098 -1.8695582848790817
2458804 zr 6.469666631092805 4.728281842154396
2458804 zr 7.461237110539238 3.6373362616166713
2458874 zr 3.0924303494944207 -0.6246808106214057
2458876 zr 3.3841679431896385 3.1949047310475542
2458887 zr 4.798916200966334 3.612144267573958
2458894 zr 3.7547484439411583 3.210923380860479
2458901 zr 2.9995766229058765 -5.839970312989577
2458908 zr 2.8580228265049747 2.204410431612343
2458914 zr 4.507771778440576 -0.005423064206231898
2458954 zr 3.0410473595974863 -0.9225841822224687
2458962 zr 3.065248531908421 -2.8179748945795335
2458965 zr 2.650410666311406 0.8167100538390097
2458968 zr 2.710453353968176 -0.7747557646020984
2458971 zr 4.674709259938108 3.698974073314185
2458975 zr 9.347030572786908 -1.167490684517062
2458978 zr 4.493351408741546 2.949045986451578
2458986 zr 2.911221680738664 2.4346602154923467
2458992 zr 2.4917999377954496 2.0832239942206185
2458995 zr 2.913839948180017 2.285626796072059
2458998 zr 3.1383395277514543 2.9243318303521613
2459005 zr 7.863408572800967 -8.66301547670509
2459011 zr 4.150357675280155 9.231094775879546
2459014 zr 3.5226023685457175 -1.9193510921893107
2459018 zr 3.212651542854502 -0.968383186303228
2459021 zr 3.8133235278705686 2.6930214643549233
2459024 zr 4.2509453874720435 -3.0893608708455798
2459164 zr 5.957507783620501 1.9726351914287712
2459164 zr 6.356700706382754 5.1715638688552215
2459164 zr 6.1539496774882405 -3.585676455744124
2459164 zr 8.07670880719934 5.831832258745761
2459164 zr 11.537338900784864 -0.9533626233202419
2459166 zr 6.486818758868969 -1.2125305273043103
2459166 zr 5.440011112856968 3.287844647950884
2459166 zr 4.7051165365180045 10.691624553486339
2459166 zr 5.144822365288862 2.6164011089873296
2459168 zr 5.824283125389899 6.937818833132822
2459168 zr 5.819557397682353 -1.9860262512283582
2459168 zr 8.928790933067216 1.0909388600246634
2459170 zr 7.330950341056666 -0.785618813338099
2459172 zr 4.6974239813720455 0.6453677393095301
2459172 zr 5.347832528559751 -2.688334571652735
2459185 zr 7.691242978699076 4.905010572040769
2459186 zr 5.3923465910768105 -8.954652814580186
2459195 zr 3.559433192229533 3.334214976042716
2459200 zr 4.2627074260218745 -1.1900570558558392
2459202 zr 3.9533615674767324 -0.15883669614502072
2459205 zr 3.3560095164252974 1.071945510894274
2459217 zr 7.2707084756774645 -9.571214817102977
2459221 zr 5.934399571322294 0.9658798625459546
2459223 zr 4.316043226844127 0.12891292328650872
2459227 zr 3.747172213826628 -1.5183460007887346
2459231 zr 2.840926254120597 0.8081985592588239
2459251 zr 2.8925127163158275 7.7767966917538836
2459253 zr 2.6880784401880047 2.935064187131279
2459255 zr 2.7684834880566895 -3.573947700341496
2459262 zr 3.4280875690352874 6.905426760807783
2459264 zr 2.69303462707951 6.034422013057071
2459268 zr 3.8336800850342563 -4.619133127277518
2459270 zr 6.855552774150737 -5.029012029127422
2459272 zr 12.147924964637765 11.496101387282327
2459276 zr 5.705117829161649 5.273625752691026
2459278 zr 4.867118646952672 1.3083131275187867
2459280 zr 2.646317431949051 0.7334061932368265
2459290 zr 2.8632923510309674 5.133963358278658
2459292 zr 2.7648735693539863 7.020197726189961
2459295 zr 4.896206889034178 7.763731841241903
2459297 zr 6.303096273380294 5.690055564290527
2459303 zr 9.140737032200983 -2.2219027241679785
2459304 zr 7.968563197533437 7.635373043449427
2459306 zr 2.853920937349275 3.60549865240383
2459307 zr 3.05562410104088 4.523707532134812
2459307 zr 4.51502085448131 -0.739424074954103
2459308 zr 2.9653453327168346 3.8247104029775736
2459309 zr 2.9872095779841104 2.313536939685908
2459309 zr 2.7330145111105946 3.833956978331998
2459310 zr 3.9891973838761614 8.101607147937436
2459311 zr 2.9570978335566007 2.153240443440623
2459313 zr 5.413424760555869 16.546595163078337
2459317 zr 2.777635645896401 1.4669837587231878
2459321 zr 2.2767808173332678 5.332644550692911
2459323 zr 3.622862966074186 2.505285769599399
2459334 zr 4.070853988229404 5.092675059712124
2459336 zr 3.2828565602217394 0.27972953046634697
2459338 zr 3.1380507309584345 6.78216394267038
2459342 zr 3.3436682678290146 6.390023521769997
2459344 zr 2.463937940244113 3.7555185887115203
2459346 zr 3.0217599462607585 7.856455394304962
2459348 zr 2.470755466793137 4.462693474387304
2459353 zr 3.7790344063357675 2.9065322445214736
2459358 zr 11.866895651855721 17.2016042172488
2459361 zr 4.104738790710076 3.854016481415959
2459366 zr 3.1639031702994047 2.004514230561392
2459368 zr 2.9912999263499707 7.3245029027164055
2459370 zr 3.8280785968045534 8.018242727394268
2459376 zr 4.3587959225878965 -0.746398536982694
2459378 zr 4.082288118881178 -2.134478359044718
2459386 zr 8.005344414073384 6.3385788550111135
2459526 zr 8.104300226261241 10.265731980548981
2459527 zr 7.7425122814747525 21.38724470065281
2459527 zr 7.053672401776645 11.155747604938707
2459527 zr 7.071208101093991 10.240819595537193
2459527 zr 5.94390600857853 4.937058525760575
2459527 zr 6.287140696864381 -2.9843551393653946
2459528 zr 5.514488972355937 -3.5831087439994933
2459528 zr 5.811599647647999 10.394731305545497
2459528 zr 6.4558575733619135 -0.2058075541464479
2459528 zr 7.505851519348562 0.7805089300587857
2459529 zr 8.121285703502132 3.3901479574086917
2459529 zr 8.939016857504578 2.270358731684479
2459529 zr 13.228778718487483 8.45093891665494
2459537 zr 6.09627596643689 2.100116841356014
2459537 zr 6.124853266819665 -4.9377386444178555
2459537 zr 6.987398643316334 12.44403572307123
2459537 zr 8.082275472913985 3.43720358167242
2459537 zr 6.704307733683785 13.745442516522154
2459551 zr 3.456622139545327 2.1062251114404873
2459600 zr 7.841963003299956 13.464552035228891
2459636 zr 3.1499229221522 14.032555274911024
2459639 zr 4.216640113691452 6.3679002011302694
2459641 zr 3.024544372102161 15.54133947754698
2459671 zr 2.4407573722571594 4.962114790306579
2459674 zr 3.0640787776349745 18.730202435053144
2459678 zr 3.377716408945194 11.500157796045016
2459687 zr 9.198184164625383 11.494716785741158
2459699 zr 2.9435112031607056 9.0365132210392
2459707 zr 3.986268391508232 9.61450068545008
2459708 zr 5.0519583405759105 12.171330686059617
2459709 zr 4.886012856886426 11.626662339676155
2459709 zr 4.3587959225878965 10.153283577644554
2459719 zr 3.05562410104088 5.743702245816166
2459719 zr 2.6979999520185345 9.14127898180187
2459725 zr 3.647287290547482 9.424606976908136
2459730 zr 2.9380940460646015 8.735723680081176
2459732 zr 3.525460627483894 9.84902880441623
2459736 zr 3.269366609309385 16.494763612185565
2459743 zr 6.62286442008872 19.931839286537617
2459749 zr 3.952789188391032 5.579856804712346
2459751 zr 4.797007356905631 7.314993383335281
2459755 zr 5.2287729871863045 12.50389837958971
2459889 zr 23.390407600075942 -0.4180841179429686
2459890 zr 9.796561364779963 17.827789980540246
2459890 zr 13.504417627226397 0.5778207583233379
2459896 zr 9.196562660159591 2.3986288067007555
2459896 zr 8.741472609497896 -2.0735783271141894
2459896 zr 10.455464246797687 9.889910138626647
2459896 zr 7.440240051388987 20.940755633301126
2459896 zr 7.776549626508535 11.457736469916757
2459899 zr 5.65334217694366 0.08569358317211728
2459899 zr 5.768622307164908 8.559859834744104
2459899 zr 5.7092200803270385 3.255015041207746
2459899 zr 5.4613248374540575 -2.186499324868219
2459899 zr 5.632552813604836 6.686858422809767
2459902 zr 4.895199372524038 -4.9680190915311035
2459902 zr 5.3498692285264235 5.350095947886364
2459902 zr 5.234774871112449 5.433914951896709
2459902 zr 5.440914900119633 -1.2651639710058635
2459902 zr 5.511526923719774 6.24618779433053
2459915 zr 4.420646479834895 -2.3547346035060293
2459923 zr 5.946543750077688 0.6466801646775653
2459937 zr 3.725768519168359 -3.838846492393393
2459951 zr 8.359723551147065 -2.4807079725855368
2460020 zr 2.847575691573023 1.1261941804370217
2460030 zr 3.385818103518021 0.7715833622143632
2460036 zr 6.556825389929925 -1.945231022098651
2460043 zr 6.14579116172159 7.861743856894856
2460050 zr 2.839655744487651 1.831404902778193
2460052 zr 3.2138320959705817 5.063681041167944
2460054 zr 3.8459570481642475 2.205852875870617
2460060 zr 4.364668048261765 -7.028149535939176
2460064 zr 5.024749813160635 0.6572724427123287
