jd filt fluxerr adjflux
2458207 zg 9.80603905135822 2.8622437769598656
2458207 zg 10.308970232426859 12.007107697422729
2458230 zg 3.195370516563918 -2.7919007393512616
2458243 zg 3.105426278047454 1.797241167603595
2458246 zg 3.2698002573403953 2.230934594859039
2458267 zg 9.506285246734972 -16.678750769452503
2458270 zg 6.147319499809809 -4.221249392947985
2458273 zg 3.0432100157751596 1.4302069271231148
2458279 zg 2.9070702712396095 5.589435915329347
2458283 zg 3.007845536206562 -2.799592412711957
2458286 zg 3.4207491181521577 -4.110362908067082
2458289 zg 4.76009772415385 8.099355110997486
2458293 zg 7.012288258814492 1.6019328151803247
2458299 zg 6.1597334629365745 7.797791585444612
2458302 zg 3.7300372649591167 3.7189086991809437
2458305 zg 4.288051180480166 -1.2944442126190936
2458472 zg 8.276983797232894 9.702257926452443
2458487 zg 3.1573390695006145 7.192425291428607
2458495 zg 2.8724701869749456 -2.1760634708807958
2458503 zg 8.269995487387268 -6.469171563977916
2458511 zg 5.05377460556591 4.805130169625695
2458547 zg 3.248786887905457 -2.369465004116237
2458561 zg 10.636796282451208 17.2503774024835
2458568 zg 3.4508383019307765 1.17725882063734
2458573 zg 3.390975170319346 -7.009190504419503
2458581 zg 3.518233096539661 -1.1724832056520809
2458584 zg 4.204121675903867 0.5354744708300397
2458587 zg 4.925650835540519 6.623930752543542
2458596 zg 3.6410761754079433 -4.288340508383796
2458600 zg 3.2637826068392273 -3.9653316209967744
2458617 zg 7.336007397919569 6.601152472330299
2458634 zg 3.032882113834106 -5.864612369863052
2458637 zg 3.01253377433913 -2.7235092851889595
2458640 zg 3.0713684913585553 -1.059562550875995
2458643 zg 4.280159568973523 1.9675933701824195
2458651 zg 10.47256776707016 -0.20978408841840387
2458654 zg 5.962171026181425 0.497671166077732
2458658 zg 3.166153196006907 5.4062015113101705
2458662 zg 3.9214071612849737 -2.563146424010393
2458667 zg 3.493250782084001 5.399544817269899
2458672 zg 6.7773476015233225 -9.84398381331475
2458676 zg 7.694453838842123 -2.8356943837942743
2458836 zg 9.294924457391886 -26.692306535278256
2458857 zg 3.4900348604272278 4.330116515082766
2458873 zg 3.45870220401022 0.1351427710217429
2458877 zg 2.817445538817971 -0.38435265066319274
2458894 zg 4.7238916393529795 0.9211785911570572
2458898 zg 2.5325081421726945 -1.6108808778585626
2458937 zg 2.5166447314806484 1.4672480780903954
2458940 zg 29.11411940755676 0.39845284815938153
2458955 zg 3.1083643874659304 3.21067877852817
2458963 zg 2.683950080684812 2.704701234291271
2458963 zg 3.083582198969118 0.17052063158823377
2458966 zg 5.039829784635917 5.925402593969204
2458972 zg 5.635126282878897 2.0702558448987234
2458976 zg 10.156662461163888 9.751695175991639
2458980 zg 2.5116021740822454 -0.41037865125184136
2458986 zg 3.0180881808547206 -0.7725587212793734
2458992 zg 2.7187823009856085 -3.597221647162434
2458995 zg 2.8208138936956497 -3.035072040958234
2458998 zg 3.4113102852753365 -5.520784641835438
2459014 zg 2.9258733948948725 0.9934671016378109
2459017 zg 2.7769907557641016 -0.7621008701204468
2459020 zg 2.8910495149864017 2.020383150689867
2459023 zg 3.2101196767301423 -1.0766690860276142
2459026 zg 11.957335788606699 14.634663507156352
2459033 zg 7.695906109103649 7.530724304086229
2459039 zg 4.595152477603822 -1.5121144957419168
2459043 zg 4.381932598535062 -0.04069275871276401
2459190 zg 10.505094631592646 -5.732580802226102
2459204 zg 3.7163205824125063 3.88249401312918
2459217 zg 7.681961124564781 -7.77683808036425
2459218 zg 6.255842204280064 0.1750412568509354
2459227 zg 3.754163393806308 5.950998212518144
2459231 zg 3.174835469814414 0.48874369674636187
2459251 zg 3.195370516563918 4.599913932908252
2459253 zg 3.691728590580678 -3.6911423834080765
2459255 zg 2.7212875455552115 4.01316594990936
2459258 zg 4.22921691264428 4.288757197859903
2459264 zg 2.7489980643468637 1.4072929538527101
2459270 zg 7.057644205157205 -3.007640665650534
2459272 zg 11.360044204502621 3.52089202360834
2459292 zg 3.1544323915307824 5.989347011056828
2459304 zg 10.433605826079722 -0.16202617825826415
2459306 zg 4.037064545827126 6.653848773900765
2459307 zg 2.9393786128668418 8.611454739974535
2459307 zg 2.6913763638847503 5.469447439943914
2459308 zg 2.9285694652757988 4.775050577658337
2459309 zg 3.2428079098317166 8.5244247792375
2459313 zg 3.522327755394422 0.7645438498796144
2459323 zg 4.15016814969882 4.055045521250035
2459325 zg 4.412248460858179 7.777756713981901
2459334 zg 3.0236528283946797 5.172196596524536
2459336 zg 2.9959318126388093 8.478757430003597
2459338 zg 3.2788475428666684 10.919185846079886
2459340 zg 3.068540958764002 3.5985613024413077
2459342 zg 2.9986924389316143 10.190681534699088
2459344 zg 2.8234131561251807 6.844045881654222
2459346 zg 3.601055086443455 7.684961364405482
2459348 zg 2.794952516471004 7.408051418868481
2459366 zg 3.4066272005447975 14.533192102155901
2459368 zg 2.963845288409834 8.176143292353418
2459370 zg 3.2012620311979205 11.03636085213015
2459374 zg 3.1925074882464277 11.036983746713917
2459376 zg 3.2338600680417016 3.887911214136791
2459379 zg 3.409766265519472 10.457519989420955
2459390 zg 8.512422663671131 11.969883052835124
2459392 zg 7.974399865257802 9.54837916557652
2459394 zg 4.074508957560383 11.844619524559768
2459399 zg 4.939279732110531 8.247902365308772
2459401 zg 4.177011713021302 14.139776356146204
2459641 zg 2.601062874267019 34.7386100390473
2459673 zg 3.3475310173526753 37.896565317802505
2459675 zg 3.163160463056087 36.59527071448567
2459677 zg 4.303878081169148 38.678279080901156
2459679 zg 4.085692647904881 35.956104758396016
2459682 zg 8.513927007217475 49.76866984061669
2459694 zg 4.456800392102766 38.2420543259041
2459696 zg 3.046014206961566 38.802564770129514
2459699 zg 3.903389931984129 43.5202912795321
2459701 zg 3.2279085608768607 39.3233756426534
2459717 zg 7.099042674795756 48.23787689575896
2459722 zg 3.1169649923713814 42.57857473409352
2459724 zg 3.4381483339371623 41.62045041457799
2459730 zg 2.9720460200966605 37.95256760417544
2459730 zg 2.909749015325827 44.19030750445468
2459734 zg 3.981673943718371 39.99369421566108
2459736 zg 3.8660342133666044 33.80786403649468
2459742 zg 14.163966062371282 46.092006295601415
2459747 zg 6.060180024368339 41.79820015145947
2459749 zg 4.381932598535062 42.386181361568056
2459751 zg 3.6110189285741114 37.191660327327114
2459753 zg 3.960163992392782 37.06929755390945
2459756 zg 4.0933160363959145 39.9012436403367
2459758 zg 3.4827685156075976 37.14246192582448
2459761 zg 4.522964547971481 81.19953748288107
2459763 zg 3.839210614198194 47.45041039977938
2459765 zg 4.697028373621897 41.87134438324264
2459769 zg 7.959246099547737 38.52358955432211
2459771 zg 9.90953279612337 42.002445974925635
2459924 zg 8.144978756779917 22.288100197628477
2459937 zg 3.986960542347592 11.813160557086976
2459951 zg 12.918877764599864 -0.2117672771155661
2460032 zg 3.9796230497738687 12.214518334784499
2460042 zg 10.337388580927833 11.497164618848071
2460044 zg 4.666842923535254 13.580666253264244
2460046 zg 2.756604330308678 13.120229477993325
2460050 zg 3.151606043470128 7.28822860652159
2460053 zg 3.917797074577292 6.91261282846239
2460059 zg 3.2788475428666684 6.366735951989101
2460061 zg 3.806389008896071 10.589796003604999
2460063 zg 5.3186869568800486 12.347841477412892
2460065 zg 7.041609437418096 28.66896141729937
2458198 zr 3.88413766451165 4.645137493955402
2458217 zr 4.966265855578937 -7.151906963641204
2458217 zr 8.469191200516574 6.727035319395104
2458218 zr 4.4693594178591525 -2.9790357449729026
2458219 zr 8.537155081340403 -7.124037803524897
2458224 zr 8.319805445543475 7.495788402150385
2458224 zr 8.852010850767037 -3.5806600383966263
2458230 zr 4.64991786028736 0.8665790743779417
2458231 zr 4.590344512604678 2.525126448359885
2458233 zr 6.063883518542777 -7.246679117443807
2458243 zr 4.152246952163639 -6.319032650789099
2458256 zr 4.167572608827265 -2.0812143359862256
2458256 zr 4.412099330580401 8.013220041976266
2458279 zr 4.808725256263408 6.865760695845783
2458283 zr 3.927304851708241 4.541729952017937
2458286 zr 4.213889810352934 -3.1131351084928416
2458289 zr 6.432420599077501 0.03527762652574724
2458293 zr 7.394711308204995 4.482702954044445
2458296 zr 7.470194758025275 -1.9076061556062016
2458305 zr 5.390054891471779 8.099633274561933
2458312 zr 5.21907079544475 -3.6678317876895767
2458450 zr 7.34718920032235 -0.1885670801055417
2458450 zr 6.920411586939399 8.615172956747282
2458450 zr 6.939559832905147 15.876450440743852
2458450 zr 6.783526562041508 5.420989882195789
2458450 zr 7.532189255684002 17.787093676304938
2458451 zr 5.8499324374386985 -2.3418078437639176
2458451 zr 6.396971768151225 -6.43821781514213
2458451 zr 6.907675451708842 7.808921656819003
2458451 zr 8.243529010737271 -2.2721334775927726
2458475 zr 7.796947496630999 13.03054549598421
2458477 zr 6.379320679061726 5.55290261517002
2458488 zr 4.27251085695662 2.095736361034801
2458503 zr 6.502128227379458 -2.9899950276650964
2458524 zr 4.136977653426866 0.48311991353435485
2458539 zr 5.190308690204549 0.3127476541886209
2458543 zr 4.732005941406066 -3.31969983666671
2458561 zr 7.463133729509764 -3.9314170343443577
2458568 zr 7.107746409056918 10.63033985924287
2458573 zr 4.989189097235042 0.3451164737881163
2458584 zr 4.6713809059422085 4.681845201258926
2458593 zr 8.690443444331123 0.2067851342900027
2458596 zr 4.943447936651191 -4.114953384984388
2458606 zr 4.280388366030196 4.802248076662622
2458617 zr 6.086264893717243 9.867140253048357
2458634 zr 4.276447797630036 -3.6327707246074152
2458637 zr 3.9381714018170393 -5.313629061654726
2458640 zr 4.237241088558164 -2.5595625277658045
2458643 zr 4.92980753880333 -1.3767083119923735
2458648 zr 9.551370528993782 8.056676463192517
2458651 zr 8.884683011321147 -8.156815771407283
2458654 zr 5.904061195838625 -4.0514465029865665
2458658 zr 4.773423475453031 -2.905895458542994
2458667 zr 4.268577540670202 0.20772572778748374
2458672 zr 5.833790787551335 -3.9908045606909712
2458676 zr 7.640549782849985 -2.2882796345394936
2458679 zr 8.325872672848645 -1.6138467228534736
2458812 zr 8.365909662861883 9.49811975520735
2458812 zr 10.043843263765266 5.390244295462503
2458854 zr 6.901316176503914 2.9142016872758387
2458877 zr 4.248965208368178 2.0235115605300806
2458884 zr 4.82647392899801 -1.0697982208765457
2458887 zr 5.301431912012586 -13.530996782297684
2458895 zr 4.637087396532712 -5.938254764015134
2458898 zr 3.524535822123198 -2.4744688483691797
2458901 zr 3.774805803709687 -2.857842910667957
2458904 zr 4.163735899743088 2.1837579623729533
2458908 zr 3.81675790809783 -3.2488357998057364
2458914 zr 4.4899890436107475 -3.004817075062741
2458937 zr 4.581896568760158 -2.1266982457156103
2458940 zr 7.1206759740530545 9.963048945573153
2458941 zr 4.907157130625214 -1.5376804997301796
2458955 zr 4.531534400716853 2.834360050534387
2458972 zr 6.326659101262908 0.7252621780466795
2458976 zr 9.338130960082136 -0.3266465609041107
2458980 zr 3.547332753984955 1.4492527553496484
2458986 zr 3.5212910991452357 4.222375029610297
2458992 zr 3.4729771740227204 3.463692440372511
2458998 zr 4.248965208368178 -4.50917997161903
2459009 zr 5.510892147153407 1.816356686655942
2459017 zr 3.880561888475964 -1.2845178903541554
2459020 zr 3.855623459776954 -0.46074116936448867
2459033 zr 7.556568259842498 -1.2606351658143864
2459174 zr 13.29491379105949 -30.418584854266893
2459174 zr 13.139127771871252 -2.829045350468318
2459184 zr 10.796018566739649 -7.734071693164288
2459185 zr 10.55414808987519 9.204751839192758
2459185 zr 8.143849982705675 14.59462817905537
2459186 zr 7.497581989624825 1.802510437712101
2459186 zr 9.773850528996235 -6.541224379709386
2459201 zr 7.180123670605869 -12.597043974731218
2459205 zr 4.210010461189142 2.8993768281672576
2459217 zr 7.036098726583461 16.02373460530359
2459218 zr 5.3603504992312505 -0.5568794359960874
2459232 zr 3.823795115505694 5.584182939638035
2459251 zr 4.057730272254632 -0.9428046057286272
2459253 zr 3.8132441625407587 -2.025266974018212
2459255 zr 3.880561888475964 10.452837153469197
2459262 zr 4.213889810352934 9.42530726964739
2459265 zr 3.8308452978753595 1.6420505695167849
2459268 zr 4.925269108608422 1.331414837100199
2459270 zr 6.268315541051269 5.740223574532772
2459278 zr 5.123812017903569 3.609036260348028
2459290 zr 3.923689335527679 0.7466077283118662
2459304 zr 9.860522464216675 -4.156084074023599
2459305 zr 6.103436549188332 7.699456629017476
2459307 zr 3.923689335527679 4.942357044375501
2459307 zr 3.9092605249813044 0.6079401920915131
2459308 zr 3.8343752621450298 1.0858941692679864
2459309 zr 3.963643756089495 1.005806069801809
2459310 zr 5.781252150034189 6.667625698958167
2459311 zr 6.715147088549276 -2.0202114272709326
2459317 zr 3.489007708299661 13.332376947933051
2459321 zr 3.8627323261568556 7.294403695135044
2459323 zr 4.148424352032498 4.37344994466811
2459325 zr 5.252828092096021 12.050660569689768
2459334 zr 5.026086569424108 2.2582561874500273
2459338 zr 4.202262473676816 3.737583045026425
2459340 zr 3.7817656612654362 8.753935343017467
2459342 zr 4.1791039613185745 1.0649275102766023
2459344 zr 3.837908479129627 1.6720050638837822
2459346 zr 3.9020660293834504 4.779666934430008
2459354 zr 6.075063899128752 2.857396638618507
2459362 zr 4.64991786028736 8.562362290919625
2459364 zr 4.594574323744242 7.453184098087155
2459366 zr 3.880561888475964 1.4520133807889786
2459368 zr 3.5180493632917305 9.46962571477742
2459370 zr 4.27251085695662 16.247374712296125
2459376 zr 4.569253795356544 2.4921273239315203
2459386 zr 9.525015544441002 0.22171802574950306
2459392 zr 3.8769894043355175 8.136272400729943
2459396 zr 4.133169110365055 1.8093057279830491
2459399 zr 4.710264349015214 13.35814379128115
2459537 zr 9.5601717188284 2.1546721725131732
2459551 zr 4.556645907009127 11.45863201632953
2459601 zr 6.586512644388583 11.50070960738294
2459636 zr 4.245053568441682 20.814649479153935
2459641 zr 3.9200771478275325 20.48728426743255
2459670 zr 3.905661620588667 26.394853794158426
2459673 zr 4.210010461189142 15.295821349304877
2459675 zr 4.229442986547838 21.436625618343804
2459677 zr 4.514870326229536 14.373759779533156
2459682 zr 6.257119279918408 19.64551635731633
2459687 zr 9.385678919877613 0.7122718270841553
2459690 zr 4.817591419067163 15.740255815851839
2459696 zr 4.1791039613185745 25.579657364018217
2459699 zr 3.9020660293834504 17.78605939566578
2459702 zr 4.194528745347695 17.699045863466193
2459709 zr 5.567008848474401 29.391558398245134
2459709 zr 4.577678428888806 16.949895487695155
2459714 zr 10.099501239853222 26.55471660415661
2459717 zr 5.277074044937595 24.107119448981095
2459719 zr 3.859176256090046 31.602215670507917
2459719 zr 4.256799304781946 20.28172626291538
2459724 zr 3.8343752621450298 21.927913581668214
2459726 zr 4.206134683393041 14.759485335841067
2459730 zr 4.217772734175272 20.210756598678334
2459730 zr 4.0952759881937135 19.549386774260554
2459732 zr 4.148424352032498 15.559614260342546
2459734 zr 4.641360279291558 22.250185770442584
2459736 zr 3.866291672993999 12.58257006307138
2459738 zr 5.936778561913554 22.681545145238644
2459742 zr 9.89691697146814 25.43938249617082
2459747 zr 3.540804340306815 20.843112249516267
2459751 zr 5.262513076486427 20.727252157949657
2459753 zr 4.175256636355801 18.959355924581725
2459756 zr 4.268577540670202 20.254290238678166
2459761 zr 4.144605271025306 10.691536126338635
2459765 zr 4.527362624761788 22.195297440886204
2459914 zr 5.325902209893637 6.593680992324833
2459915 zr 5.490626623577727 7.900337892104069
2459924 zr 6.234109611992233 5.741451785915027
2459937 zr 4.276447797630036 15.449950984443614
2459972 zr 5.1998784034646715 8.186576071776688
2459996 zr 4.206134683393041 14.152843262875344
2460016 zr 7.199813115752896 4.439514704549245
2460021 zr 4.552451013149884 0.3011851922996822
2460046 zr 4.12936407348614 9.953805645499902
2460055 zr 4.615781915241152 7.571091359726239
2460057 zr 3.8414449518264173 7.0818120856679645
2460059 zr 4.556645907009127 0.46699976416633415
2460061 zr 3.8414449518264173 6.881147579785415
2460063 zr 4.3120439131774235 5.256411364133693
