jd filt fluxerr adjflux
2458204 zg 6.587422536060739 13.111698675570024
2458210 zg 13.777336439238677 -9.078349060900333
2458229 zg 3.8042111876463185 -5.889725200315426
2458237 zg 13.184120909657917 1.2835794522565955
2458237 zg 12.894674035689722 -19.035680494558974
2458242 zg 3.026680201953554 3.2800889502321104
2458267 zg 7.715789528252507 -6.827587887462765
2458270 zg 7.317102750230301 -3.8298684635335016
2458274 zg 2.9906565147844164 2.301501453423487
2458277 zg 3.8520326178838036 -6.269722015322607
2458280 zg 3.580495780956348 0.03876383166329396
2458293 zg 7.383693543320943 1.7125921750338189
2458443 zg 7.93314297174734 -13.857437551023127
2458463 zg 32.161054647581636 18.551956089092304
2458470 zg 9.600355147358437 6.460759542366932
2458487 zg 3.3323546792483834 6.818074728985565
2458495 zg 3.0386857250785555 1.3382598810124604
2458502 zg 7.775494251579561 7.201523422849236
2458514 zg 16.004763438442172 -19.477393866186315
2458539 zg 10.276396139483975 4.3872490819620555
2458559 zg 5.750999386406822 -8.085303277592569
2458567 zg 5.582270042187448 12.86951601999843
2458575 zg 15.109045743216338 -9.09813389669579
2458580 zg 3.3511956751240946 1.9513595716208538
2458586 zg 4.291180519362263 6.6788492356527795
2458600 zg 3.5809626137184223 8.703442490883985
2458607 zg 3.2836073516783535 11.43857239316846
2458612 zg 3.2551453417460006 9.179249177636976
2458634 zg 3.914462212451705 12.477629803378091
2458637 zg 3.5448657051441237 11.35906098417932
2458640 zg 3.69147377011437 15.081285320100552
2458643 zg 5.200142988197881 17.010671794638256
2458650 zg 11.267657233561906 9.91303965699527
2458653 zg 11.154623170910734 -14.086768788273703
2458662 zg 4.66154544528688 19.796603324630205
2458676 zg 9.724435968994225 7.853479084071218
2458806 zg 7.851351816333134 59.09523139010291
2458838 zg 22.679950866569662 71.36472818568771
2458854 zg 3.2193662327577743 61.639855663793625
2458857 zg 3.7385678987029842 59.47349209700317
2458873 zg 3.7836004859552004 66.16733024867892
2458877 zg 3.292692840371473 73.74442835171116
2458880 zg 3.450757517058942 72.98108355232667
2458886 zg 6.04134515581006 80.56616860783095
2458898 zg 2.949623169101202 78.47403966990916
2458908 zg 3.5575516931693554 92.02517378602093
2458914 zg 5.2335051288375185 76.0712049374732
2458962 zg 3.297270715359439 100.79170571078954
2458965 zg 3.0696282684434597 101.72804154542773
2458968 zg 3.3635647068607115 99.14210778300361
2458971 zg 5.166265623297343 106.15105096608991
2458978 zg 3.9324187721456 117.51522073402877
2458981 zg 3.459157882760048 112.99251092954925
2458986 zg 3.1200857929187285 114.06816966316495
2458992 zg 3.014987566939013 115.16949240980719
2458995 zg 4.285030727820653 108.76730699680783
2458998 zg 3.5867844029808404 105.67584470754149
2459005 zg 8.006851236841381 104.01721788443379
2459011 zg 3.8447838859872636 117.87021946689319
2459014 zg 3.4414634881815394 113.01075073819996
2459021 zg 3.5131606441853216 114.77164388791242
2459024 zg 3.3226591006048927 125.63959061536953
2459178 zg 4.259218522928131 101.75504566183635
2459185 zg 7.911770175626662 107.9545813038981
2459186 zg 6.845752308814632 104.46019123592919
2459190 zg 7.872735929908041 96.70685908615364
2459204 zg 3.329004963741393 92.91887253546238
2459217 zg 10.219763302176649 89.80195199414938
2459221 zg 7.415568284943276 96.36612575453522
2459227 zg 3.4142711547538895 80.63458011436644
2459251 zg 3.22815668142574 77.3509678396764
2459253 zg 3.8848817006093994 76.6989337854086
2459255 zg 2.8582726455323417 80.41418568255581
2459268 zg 4.284924423245046 89.83094962006417
2459270 zg 7.071768001280855 70.7122692752188
2459276 zg 6.077007275405594 62.47557294970008
2459290 zg 3.0470935344906755 67.83567226756387
2459303 zg 10.974208941114187 74.90716120596413
2459304 zg 8.573534862619567 63.95948613046454
2459305 zg 5.90519747485817 72.5229944763295
2459306 zg 4.260824226440834 57.85207399404186
2459307 zg 3.085791198386868 68.9069625743821
2459307 zg 3.1781206818331147 63.24694597162342
2459308 zg 4.294671226166493 63.15913586658151
2459309 zg 3.4541656921804593 60.66127054517082
2459309 zg 3.3873475658604932 62.48118733513569
2459310 zg 3.5574857269212354 62.764286174575666
2459311 zg 4.133063759289012 70.0511201022047
2459313 zg 3.460305497388537 65.08720616868682
2459317 zg 2.7707952197411343 64.24680755295225
2459321 zg 3.0871797741705214 63.57413721831657
2459323 zg 4.1359643301711415 58.11246326608143
2459325 zg 5.044019206969677 60.625342210445694
2459334 zg 3.4094614603620808 67.21760211714127
2459336 zg 3.0012602273557842 64.57400338174841
2459338 zg 3.9373116048272268 67.03639029094603
2459340 zg 3.102891116040095 62.04426578980567
2459342 zg 3.0559850078868926 54.24481478422346
2459348 zg 3.1156683265225666 54.55586705808029
2459353 zg 5.418681421348444 67.89854155378973
2459358 zg 10.798505264195262 51.23821432776271
2459361 zg 7.868168704148948 59.50561747111661
2459363 zg 3.3194013067236665 49.39804021380985
2459366 zg 3.604723296342507 48.75277592893536
2459370 zg 3.8476874507384244 58.60736906061176
2459372 zg 5.598019737539995 53.76607807530622
2459374 zg 3.630305438893787 51.09520826806588
2459376 zg 4.046430681944465 54.75617102255225
2459390 zg 9.609110221321652 53.05484452471755
2459550 zg 3.774608671424386 27.065795252388217
2459600 zg 7.11188749020935 23.730254631870228
2459636 zg 3.5930210422312294 22.806980810930813
2459670 zg 3.181020998447833 24.317124248139162
2459678 zg 3.3462208846196395 17.84238804939263
2459697 zg 3.0843376855506524 17.888635564606787
2459699 zg 3.3396273492471615 8.056664037490828
2459701 zg 3.843389883950883 26.678083653896763
2459701 zg 4.033231768427034 6.930567406447777
2459715 zg 9.257990465777107 5.508386255133965
2459722 zg 3.76781834183412 5.882565946738193
2459730 zg 3.626266856606129 18.019549669890306
2459732 zg 3.5047719198095195 15.053093606712054
2459734 zg 4.266317566271433 9.43360024779343
2459736 zg 5.025865264294229 12.381169162209716
2459741 zg 8.740171442614274 16.62220454653434
2459743 zg 9.69580642382775 21.012067905739684
2459747 zg 5.566633823716333 10.10392906708089
2459749 zg 5.572299173188087 15.547397255552948
2459924 zg 7.518729115811811 16.262423384707724
2459932 zg 4.069074944227678 7.181132014987979
2459937 zg 3.935290386395835 0.21022993612346763
2459972 zg 4.621844030127387 1.6938306806684054
2460020 zg 3.624916516073962 3.919559893652174
2460036 zg 7.717949435426303 7.131408268179013
2460043 zg 8.474779880442494 7.640330857226104
2460045 zg 3.9028134997957857 3.1443424600998338
2460050 zg 3.56838687474312 0.6026112551168188
2460052 zg 3.0639790089675905 4.224099853301337
2460054 zg 4.116138276812203 2.8599111522151466
2460056 zg 3.547089159657742 -1.4604889533468084
2460058 zg 3.700599663837337 1.7779127369046588
2460060 zg 4.166102228226855 0.9543170122391209
2460062 zg 4.253002997109171 8.449191766286425
2458217 zr 4.035542532828461 -5.24471036919354
2458217 zr 4.4801712429565645 -1.190526288496044
2458224 zr 4.928141567032583 2.491275113099402
2458224 zr 4.856050281919497 -4.03140141146871
2458233 zr 5.551750810203231 -12.843115880549783
2458242 zr 4.982911512881589 7.449922829126014
2458257 zr 4.065387326335147 -1.9966330326251078
2458274 zr 3.682514269493474 0.8637444153975151
2458277 zr 4.152426260734658 7.4600487338068975
2458280 zr 4.946330997120967 4.151514412899003
2458283 zr 4.118147796054033 3.7407727661244574
2458293 zr 8.841403754800803 13.739092390596598
2458443 zr 5.212490557442309 -7.7225179041558505
2458443 zr 6.30947447853764 13.634803320816374
2458444 zr 4.451379425092872 -3.68915173288696
2458444 zr 4.467809159050021 -2.067482915448811
2458444 zr 5.29474783258503 -0.8473045460312435
2458444 zr 7.331189306656197 -0.8473045460312435
2458449 zr 6.510613458093067 -1.2271299816429186
2458450 zr 6.662265127115385 9.06940667111149
2458474 zr 7.460611649283168 7.153845689607087
2458476 zr 6.165853305097753 3.4548527554016006
2458488 zr 3.6353350053613793 -4.182914745370814
2458503 zr 5.314290381074435 1.254249254088137
2458524 zr 4.496707245524521 1.5237365314766187
2458539 zr 7.817277517100304 4.631838660555573
2458543 zr 3.64539369738801 -2.23766852392086
2458559 zr 4.842651039394153 -3.5397573455000346
2458567 zr 5.260721138746122 -2.1481331846287963
2458580 zr 4.065387326335147 0.20547531805164487
2458583 zr 4.8694865991171215 -0.5252987182980062
2458586 zr 4.534136747360885 6.511513545204429
2458589 zr 10.940620091828492 34.20905719493747
2458596 zr 4.488431629132103 2.2995636944694637
2458600 zr 3.648752775737584 -0.41926144888289985
2458607 zr 4.3701325941864075 -9.011866866826402
2458612 zr 3.6153008092169587 -4.038863283696866
2458634 zr 3.6689723460165746 3.33089095800152
2458637 zr 4.110568870065168 7.151507351404666
2458640 zr 4.529962575659436 8.114416816576234
2458643 zr 5.280138097059115 2.1234141345702904
2458647 zr 8.160784780240188 4.356452830990592
2458653 zr 5.1267870807793265 -10.17745918465717
2458662 zr 6.45092379512736 -0.11346360302726666
2458669 zr 7.131394045033198 -7.297439662709042
2458676 zr 9.359006846008784 4.780120115089475
2458796 zr 8.972660253783202 38.50254904746347
2458796 zr 8.545180163747151 16.401091401491747
2458796 zr 8.019216242218937 9.938215134745654
2458798 zr 6.643882017175453 25.709145703336997
2458798 zr 6.09808098950272 16.25901347322529
2458800 zr 9.782047446067724 36.902664639755116
2458800 zr 9.126927690166552 25.560997856890925
2458800 zr 9.07882751014476 3.7065192337007495
2458800 zr 9.892661994241934 22.66631678619284
2458804 zr 6.631654799362817 25.68684369483514
2458804 zr 6.917526799223884 17.473158289269342
2458804 zr 7.2506081363311194 13.019709409366662
2458874 zr 4.039261117068199 24.949209034508872
2458876 zr 3.994863356425684 20.462965222939204
2458887 zr 5.3585252468810465 36.11609166151264
2458894 zr 4.028115631295067 27.12282187050363
2458901 zr 4.095452836558907 35.63512440530139
2458908 zr 3.22546189756368 29.93336907997822
2458914 zr 5.255878066176839 32.18068810081066
2458954 zr 4.0504374415422335 39.821890501281224
2458962 zr 3.682514269493474 45.6223904991165
2458965 zr 3.689303963081801 46.93121397894271
2458968 zr 3.282403113698661 47.82733713251398
2458971 zr 5.343739531084719 49.13075090236741
2458975 zr 9.334975246101743 25.772617165894047
2458978 zr 4.601449012683333 58.11767389539062
2458986 zr 4.024407307701151 42.11865710563897
2458992 zr 3.2284340262627684 44.228912164144084
2458995 zr 3.6153008092169587 42.65780554011931
2458998 zr 4.0504374415422335 46.724115781201405
2459005 zr 8.093417136532496 47.311788885084916
2459011 zr 5.193322363353389 42.50419494532769
2459014 zr 4.118147796054033 56.28961586831009
2459018 zr 4.057905499264268 50.27059017667462
2459021 zr 4.338050606813276 38.25126237151591
2459024 zr 4.378190094873016 42.587521923371064
2459172 zr 5.797355927593066 57.770886580728636
2459195 zr 4.080392390120094 46.997259045848814
2459200 zr 4.8829600935698 44.90869577889105
2459202 zr 4.398398902149895 36.90259312340181
2459205 zr 3.6286446347591395 40.007942682186986
2459217 zr 7.164311064337662 32.421778043175685
2459221 zr 6.137523782489123 43.88873422115725
2459223 zr 4.847113340481839 37.88064962396468
2459227 zr 4.504998120214798 43.35554676770102
2459231 zr 3.6253040681655597 35.42763391808085
2459251 zr 3.692703502910993 40.60713363440803
2459253 zr 3.685907552903016 39.50395280048399
2459255 zr 3.6253040681655597 31.911656578440876
2459262 zr 4.042983127828339 32.55767846298271
2459264 zr 3.249315752036379 34.311766859609776
2459268 zr 4.19470987979468 48.22099301285363
2459270 zr 7.00730224592137 40.0542672850419
2459272 zr 11.007159936336633 51.90482117246139
2459276 zr 5.87209655387103 16.769928458951583
2459280 zr 3.6153008092169587 27.358903855990057
2459290 zr 3.318882796424201 40.39314967393025
2459292 zr 3.6757370714705577 33.15009183514077
2459295 zr 5.660176378959673 28.315546556469712
2459297 zr 6.631654799362817 39.12758994420541
2459303 zr 8.42793589652656 24.140129579891923
2459304 zr 7.7100204486021084 28.86565639431627
2459306 zr 3.328065889556597 39.72636342997766
2459307 zr 5.202897633120746 22.471787659644487
2459307 zr 3.59206708068814 21.27277623342442
2459308 zr 4.046708568266248 27.18566857197884
2459309 zr 4.0766359400184164 30.319984402304108
2459309 zr 3.309725042092855 36.890899282040216
2459310 zr 4.815963369443748 23.32909327577063
2459311 zr 3.6689723460165746 30.091239094969698
2459313 zr 6.10370011696225 29.049599026023024
2459317 zr 3.7097482478407247 34.33414244232339
2459321 zr 3.285427711355055 32.24584914470303
2459323 zr 4.024407307701151 23.083006672266528
2459334 zr 4.488431629132103 27.98635165455285
2459336 zr 4.0504374415422335 24.525447009381363
2459338 zr 3.6689723460165746 27.162859137208795
2459342 zr 4.035542532828461 22.291647881410054
2459344 zr 3.679124109974609 27.775469977951165
2459346 zr 4.0616446900454735 24.7221029761023
2459348 zr 3.291485270358023 30.245671980759337
2459353 zr 4.459586725901492 23.21848350985954
2459358 zr 12.117783351204597 21.116316649273045
2459361 zr 4.905498813299479 26.11308185826419
2459366 zr 4.042983127828339 20.765173657762492
2459368 zr 3.642037711439623 20.98430243899976
2459370 zr 4.439096786111306 19.58797267413127
2459376 zr 4.492567531797349 24.321810229251817
2459378 zr 4.807100202857761 15.648861710638357
2459386 zr 8.451255346172417 16.954915322558865
2459537 zr 7.653419699460627 7.354926794961546
2459537 zr 6.7042600287114285 -1.8122980908543234
2459636 zr 3.6961061752744366 11.791807484235155
2459639 zr 4.94177735526484 12.923074517547684
2459641 zr 3.685907552903016 10.39131340403705
2459671 zr 3.64539369738801 4.5462435823733
2459674 zr 3.6655946533280983 6.893176861654711
2459678 zr 3.6521149493378404 5.148485845861702
2459687 zr 9.213608722144041 -0.7565044487210724
2459699 zr 4.057905499264268 4.554085307656861
2459707 zr 4.8829600935698 5.558545248744244
2459708 zr 5.289873434700616 5.532163547396526
2459709 zr 5.314290381074435 7.545137684393508
2459709 zr 5.3339050597603235 9.183319745467982
2459719 zr 4.0616446900454735 4.435222386964306
2459719 zr 3.6689723460165746 6.062876671984662
2459725 zr 4.110568870065168 9.597051362905793
2459727 zr 7.385407005821986 8.726412568494474
2459730 zr 4.072882948142332 5.382828602083615
2459732 zr 3.961885580573999 -6.716938287786256
2459736 zr 4.080392390120094 6.054078019924661
2459741 zr 12.85229975225675 -26.668691214079434
2459743 zr 6.582970540716046 9.57758560125513
2459749 zr 4.8829600935698 4.530212029571961
2459751 zr 5.353592134870243 9.806776243668129
2459889 zr 11.43667887250773 -11.565395197958264
2459896 zr 7.931072586004616 -9.285947868719585
2459899 zr 5.686302566063663 1.109629766664309
2459902 zr 5.155197180903 -9.364033643486842
2459902 zr 5.285003524235691 1.4771545537105264
2459923 zr 6.61335615214084 8.595768058181159
2459933 zr 4.43501010915006 -2.5435898592814867
2459937 zr 4.504998120214798 4.318876225892025
2459951 zr 8.616308173458986 4.984383687038214
2460020 zr 3.64539369738801 -1.3772985444703347
2460036 zr 7.098628265694452 -13.097462329694473
2460043 zr 6.4628177873091195 -2.7743769699060903
2460052 zr 4.0766359400184164 1.2158264953314566
2460054 zr 4.525792246742281 5.2965486937045965
2460056 zr 3.9838403768721857 -8.88870556804921
2460058 zr 4.19470987979468 13.991630739929686
2460060 zr 4.824842877632481 -4.915413786779943
2460062 zr 4.080392390120094 1.5510285650242952
2460064 zr 6.07565616231335 -1.7154995834788342
