jd filt fluxerr adjflux
2458210 zg 14.945334851744981 41.55505554010969
2458237 zg 14.265022928917107 49.44055670560929
2458237 zg 13.79904053292206 46.64926344439337
2458242 zg 2.870977341585289 32.79907993306459
2458245 zg 37.73391178495884 18.374535563182874
2458249 zg 3.3439514260032404 31.9773745319038
2458267 zg 8.309535195424134 30.718590470949643
2458270 zg 7.064887857280393 40.11052978096522
2458274 zg 2.941122886495666 29.261538732290845
2458277 zg 3.5834382644810177 40.26974213905271
2458280 zg 3.079465031757771 36.371019908616304
2458293 zg 7.319508221318772 39.59937443746279
2458443 zg 10.263268875343908 64.61946644368898
2458463 zg 38.623937967005645 -4.690394427789641
2458470 zg 5.601630301662475 66.90966557643475
2458487 zg 3.0721466115063523 70.9848980580299
2458495 zg 2.651701350252432 74.15377474917277
2458502 zg 7.586042746653943 74.41416748792538
2458511 zg 3.9754001153314147 78.25076498906031
2458539 zg 12.738548696065315 90.92000210742071
2458559 zg 6.0994398935892 75.35999939522864
2458575 zg 7.885740444926419 76.05706590571269
2458580 zg 3.003829491807744 86.35751562086432
2458586 zg 4.2638746593569135 85.61570740199835
2458600 zg 3.333306712722228 81.60104019711586
2458607 zg 3.1773546535205863 88.03633502294485
2458612 zg 2.9195315353698725 84.29066460274785
2458634 zg 3.314863831571919 91.77549939455457
2458637 zg 3.045882675076239 85.43001369208935
2458640 zg 3.3593864044868105 86.63709156313713
2458643 zg 4.693380727586878 89.22702114569674
2458650 zg 10.11532920025977 91.76863882329566
2458653 zg 10.622364051624103 74.481751752246
2458662 zg 4.136679815807849 82.8844083295649
2458676 zg 9.310650430521463 83.5269731433006
2458806 zg 7.4145005703543605 54.24277166292643
2458838 zg 28.956758710654945 54.37831429169017
2458854 zg 3.0372131875413517 57.43465870707856
2458857 zg 3.4755471423536064 51.805073239726816
2458873 zg 3.8712561407373762 46.39820694716528
2458877 zg 3.004982433922459 41.983035183323025
2458880 zg 3.2156271965217615 46.250304901212516
2458886 zg 5.903956735794472 41.92426225746569
2458898 zg 2.6280266500164444 42.14542920845393
2458908 zg 3.1787762553124366 39.25760832760728
2458914 zg 5.2354571017929485 40.194615492582365
2458962 zg 2.9177087487130553 28.096023466691516
2458965 zg 2.9141585097951226 35.9177840498477
2458968 zg 3.076630045407035 33.903659658200795
2458971 zg 5.064894277636133 29.32268363047448
2458978 zg 3.5894109525271127 26.44696544677309
2458981 zg 3.233446600599628 33.48538336285844
2458986 zg 2.790700117412458 32.846440530769264
2458992 zg 2.755763461859887 30.70483456077265
2458995 zg 4.077705611305985 22.068158406119338
2458998 zg 3.4253103500594877 35.178789017545796
2459005 zg 8.33318151173772 38.513004173257634
2459011 zg 3.4851637136675055 31.00102880168996
2459014 zg 3.2126668579184003 37.652735020709855
2459021 zg 3.0568580842257265 31.311679732810443
2459024 zg 3.3393788566896854 29.959455783333738
2459178 zg 4.378281218463858 15.465631593956912
2459185 zg 8.332527039447319 17.300464762283042
2459186 zg 7.522466764980682 22.442738820733453
2459190 zg 11.668722256637775 31.247814080837514
2459204 zg 3.3194028327710474 16.606617030735315
2459217 zg 11.009845256536064 37.283448498265116
2459221 zg 8.604566992741907 12.10815310107036
2459227 zg 3.187571684434258 13.495586358978585
2459251 zg 3.0936791965140147 20.376705819658568
2459253 zg 3.8492919014538227 10.010736539077104
2459255 zg 2.574688005249546 12.875806420656462
2459268 zg 4.347148035783894 18.660855197181306
2459270 zg 7.604901939006037 23.172548206572483
2459272 zg 14.46104805454213 26.778801749133102
2459276 zg 6.230142912018549 12.198788616722595
2459290 zg 2.7549465076997706 13.382384541262892
2459303 zg 12.169921886420422 36.788777774630915
2459304 zg 9.255345896481172 18.732485882266598
2459305 zg 5.747969337341192 20.033403383885847
2459306 zg 4.402359713647901 15.756322261458742
2459307 zg 2.8030430313972854 12.615207927890395
2459307 zg 3.040011852900493 14.643714112670237
2459308 zg 3.8428365017565183 18.804570491375287
2459309 zg 3.0964615608965804 10.536637426728483
2459309 zg 3.034417098661577 15.910110671271077
2459310 zg 3.192020656241319 11.463741396462051
2459311 zg 3.7571940229273855 17.702056155951006
2459313 zg 3.472641574207101 10.96172746474993
2459317 zg 2.503347982297356 11.101828045331766
2459321 zg 3.0427459504473884 13.172574249993854
2459323 zg 3.8534693344453435 16.142782298403255
2459325 zg 4.77843327019653 9.27478638427541
2459334 zg 3.192020656241319 9.301810364566887
2459336 zg 2.7966745970210813 6.5183927854682535
2459338 zg 3.4665696213591897 10.77856525117726
2459340 zg 2.770213048885493 9.395409248063446
2459342 zg 2.747344816148417 11.649571849631679
2459348 zg 2.847824163536919 13.28209444531422
2459358 zg 11.224867287363962 4.5805662466871135
2459361 zg 8.294978898844793 15.963894785223982
2459363 zg 3.024418859951075 13.243386982711215
2459366 zg 3.3593864044868105 4.448205854788021
2459370 zg 3.341180413479145 12.596065553430797
2459372 zg 4.915863179176676 10.106288932530955
2459374 zg 3.4158589314290206 9.744867812277217
2459376 zg 3.662884155732449 11.931176849559439
2459390 zg 8.985873028373906 30.609195529261623
2459550 zg 3.8076051649403264 -0.6762387539559578
2459600 zg 7.648508112096057 7.453477481857116
2459636 zg 3.353512479576883 -1.0157919647736176
2459670 zg 2.74310187887472 9.8574665593605
2459678 zg 3.553228882797428 4.587785092751283
2459697 zg 2.7676627630075203 8.288450392293814
2459699 zg 3.3044556452698473 11.505710914015513
2459701 zg 3.387286312894785 4.894734205505668
2459701 zg 3.573155422692007 11.908956222461548
2459715 zg 9.212821444819589 10.977838593681415
2459722 zg 3.1773546535205863 3.4645324305353795
2459730 zg 3.503189437774223 6.327470243925474
2459732 zg 3.381426305107224 3.029256024134522
2459734 zg 4.056774297435193 1.7647448615844459
2459736 zg 4.619197547636657 5.1158213821870095
2459741 zg 8.968690148917231 9.990008902838785
2459743 zg 10.358382299227285 0.6464151360547401
2459747 zg 5.353770626566911 15.11893182849811
2459749 zg 5.12803781802543 5.856633828296413
2459910 zg 4.668333997940888 1.4315979673129338
2459924 zg 8.682521441643415 2.4604198299084636
2459932 zg 4.316879969396173 3.5412824304549906
2460020 zg 3.6548000549940167 -2.3639257623129133
2460043 zg 8.812832609261148 11.274510535103019
2460045 zg 3.536903279026468 0.3968069229955534
2460050 zg 3.551923657351763 0.4779047921145384
2460054 zg 3.736077433764004 1.9418566094968042
2460056 zg 3.5109381889766538 0.16526603966276254
2460058 zg 3.3014135303069096 -0.20460232040859205
2460060 zg 4.4377406768312 -2.9283145808871662
2460062 zg 4.056774297435193 -1.624349427337027
2458217 zr 3.8665285710828887 19.36021486160196
2458217 zr 3.9311645577032226 14.382000968310217
2458224 zr 4.494091781206335 8.089943517373783
2458224 zr 4.492759494517968 12.941936477760187
2458233 zr 5.994884855718058 2.1750508301866756
2458242 zr 4.505190614081483 6.30451310164351
2458257 zr 3.71305963646352 17.553487031475342
2458274 zr 3.262679649036922 10.565186196696935
2458277 zr 3.8029553257202733 16.587103741135483
2458280 zr 4.804799580210605 17.369587638639935
2458283 zr 3.980380681575855 21.926026124245364
2458293 zr 8.527069188894872 3.7996042824750376
2458443 zr 5.108106698759333 34.57287805668088
2458443 zr 6.277755969777224 32.726369850827034
2458444 zr 4.406696804795119 25.955627190624906
2458444 zr 4.6413245455794 32.85517540037006
2458444 zr 5.749944102689548 30.247368840022077
2458444 zr 7.933407467083044 39.40726367821134
2458449 zr 7.356746404317775 23.240834089660556
2458449 zr 7.548936734018973 16.32482778130968
2458450 zr 6.843899965460929 22.34686983225573
2458474 zr 7.898619977702877 36.615367645557455
2458476 zr 6.185585951334508 29.267939503407266
2458488 zr 3.130046938495672 32.538328197013925
2458503 zr 5.289954142697959 31.66223330657393
2458524 zr 4.106999119663645 41.96080924234812
2458539 zr 7.704619922267072 52.5398352772982
2458543 zr 3.33253281114513 37.68261031581808
2458559 zr 4.916609241063694 37.78178649741668
2458567 zr 6.124235847586309 27.209627559566574
2458580 zr 3.7198139919429023 40.65952343464853
2458583 zr 4.538508682839709 39.241668169310906
2458586 zr 4.262978778080268 37.51803119999616
2458589 zr 11.884386972677605 51.270980020087016
2458596 zr 4.506526587104536 43.28300403426027
2458600 zr 3.4950671960449786 33.00101452615396
2458607 zr 4.069345925409201 35.31107151776537
2458612 zr 3.589678301646781 39.27383135957254
2458634 zr 3.4950671960449786 47.645422191765114
2458637 zr 3.517673522875415 47.69221530821522
2458640 zr 3.943888332139408 42.55355128779195
2458643 zr 4.7871306118169095 42.29048483910446
2458647 zr 8.415109288787333 54.635794801856434
2458653 zr 4.822427343252679 48.94328099807827
2458662 zr 5.631488267601854 49.32160434495276
2458669 zr 6.182583254785525 29.113879274448728
2458676 zr 9.329795081046825 72.4607570786276
2458796 zr 8.259816221832503 35.91954600547495
2458796 zr 9.635286183649889 9.863668001323006
2458798 zr 7.172747215699465 26.860619948288416
2458798 zr 6.379255155715036 24.21564369341984
2458798 zr 7.83176703911305 26.21147897496204
2458800 zr 10.831676697372478 8.868050425238536
2458800 zr 10.988285188169362 31.42491002819908
2458800 zr 10.174092663194813 28.943046704113257
2458800 zr 10.426292932398697 31.731953573770028
2458804 zr 7.324229096738495 30.99213968210377
2458804 zr 6.900578894767063 20.911285566067512
2458804 zr 7.481039025216502 28.460317596196656
2458874 zr 3.5264028563047396 15.321100819682297
2458876 zr 3.788970497356247 24.86911348620886
2458887 zr 5.2131464661993485 8.503626489501748
2458894 zr 4.172821092437916 25.52640059624853
2458901 zr 3.6688666296509864 27.42987147730903
2458908 zr 3.2777394940424625 21.090745875468826
2458911 zr 4.427037193066525 19.044172114133364
2458914 zr 4.826977527402575 18.503068494441944
2458954 zr 3.4502894473835317 14.692679967704015
2458962 zr 3.5005148518860603 20.28792605745016
2458965 zr 3.4060853777567615 15.136210641205533
2458968 zr 3.369569620888476 18.142132168283318
2458971 zr 4.584323713196161 9.133209594371104
2458975 zr 10.825096186016255 6.701769855723326
2458978 zr 4.156469612433115 15.980049229078938
2458986 zr 3.1911766849743843 20.314619186961846
2458992 zr 3.2149515621684523 15.737740799626676
2458995 zr 3.2928688521341734 18.78461225026917
2458998 zr 3.740519512608251 13.779592505091273
2459005 zr 7.615273851817641 9.326924477651826
2459011 zr 4.134564438709828 15.775492763931704
2459014 zr 3.7232416454920108 15.664075172279647
2459018 zr 3.7369838732043563 15.489932362583025
2459021 zr 3.9366301084772384 16.74923294186439
2459024 zr 4.26690693534032 20.77969300960308
2459164 zr 8.79022085462939 6.153422266645699
2459164 zr 6.9775611782270905 25.979046625153213
2459164 zr 12.451789319769562 11.628578126293904
2459164 zr 6.462044929838629 0.05049560727377589
2459164 zr 6.217501071952386 11.923555530640696
2459166 zr 5.501278389614818 11.48546440480429
2459166 zr 5.686743275959029 9.530697674538123
2459166 zr 5.5368610237345575 7.190899052693305
2459166 zr 6.7874032648543245 7.022559779934179
2459168 zr 6.533862235828527 10.923593942614765
2459168 zr 6.208416521781215 19.083158002853676
2459168 zr 9.405411440309205 17.271987824896087
2459172 zr 5.136885988873532 13.124967253856791
2459172 zr 5.846064770947022 16.528065467637987
2459185 zr 7.924472899431657 5.731039867477075
2459186 zr 6.011472240487233 6.620804125962062
2459195 zr 4.089119146367807 14.287983057780876
2459200 zr 4.506526587104536 7.910854787446821
2459202 zr 4.270018581933048 14.262971598231328
2459205 zr 3.5886567825940365 8.659711110059074
2459217 zr 7.170529375834224 1.3463730076919944
2459221 zr 6.720544013995056 3.938882567928659
2459223 zr 4.618227009586957 -3.114966865280606
2459227 zr 3.9456742145212287 7.436180482774642
2459231 zr 3.41865700359402 6.419486602137142
2459251 zr 3.459836132600377 4.78190170965091
2459253 zr 3.0644380792310844 8.328347098247447
2459255 zr 3.170840773064755 7.353325913076139
2459262 zr 3.778515635551285 6.583138690266944
2459264 zr 3.1796142453182696 10.494694953476667
2459268 zr 4.0172106905643155 1.5374222883525732
2459270 zr 7.199521831924973 4.278373174388891
2459272 zr 12.084978009618517 28.55729303265476
2459276 zr 6.491872374004329 -2.630690356117557
2459278 zr 5.042663173624327 4.481359892638109
2459280 zr 3.1099316936822756 10.560763294417526
2459290 zr 3.4439396295389733 8.367885007141002
2459292 zr 3.1042082608906076 4.583966053349881
2459295 zr 5.4332533979539255 6.885232259295473
2459297 zr 6.594319318737379 6.698025752506546
2459303 zr 8.732591931295774 9.870104962187119
2459304 zr 8.581104016084138 6.157118938785065
2459306 zr 3.340838869593333 1.3178927522068253
2459307 zr 3.485423298168437 8.866300038140993
2459307 zr 4.939303278201261 9.518957250714658
2459308 zr 3.6019022668745193 7.812768189189589
2459309 zr 3.6019022668745193 10.055437415227914
2459309 zr 3.1214102367298757 10.029273863015412
2459310 zr 4.220006993170526 5.3674698423180285
2459311 zr 3.2950008418792662 5.601329805152286
2459313 zr 5.821727954197183 3.630607105471913
2459317 zr 3.173762570674265 8.899186524660777
2459321 zr 2.873570864193158 1.233993441031564
2459323 zr 3.855859704195729 0.5895388770330134
2459334 zr 4.485820978242546 14.833274799145684
2459336 zr 3.5590322601946247 12.284851527922669
2459338 zr 3.491849602179328 4.158763580574244
2459342 zr 3.6688666296509864 9.232550720403092
2459344 zr 2.878869055658122 9.655088716568232
2459346 zr 3.459836132600377 3.358497120934314
2459348 zr 3.124286486160452 6.2114586774045035
2459353 zr 3.9167082580884385 11.524220409090992
2459358 zr 11.726724753818303 19.231877346421353
2459361 zr 4.891701640822975 5.258198580742705
2459366 zr 3.41865700359402 3.4990143725451386
2459368 zr 3.3346904815831553 -0.7898166927391799
2459370 zr 3.987719571045127 3.9635111688065976
2459376 zr 4.4734433050877715 4.601287933185822
2459378 zr 4.329420457529109 16.130236956879784
2459386 zr 8.650869499388865 -3.788327745265736
2459526 zr 8.421130247316112 -4.595008387539253
2459527 zr 8.596925561543296 7.266781218661955
2459527 zr 7.811801861960238 -9.205124814071457
2459527 zr 7.473967746408713 3.265993196835492
2459527 zr 6.504529217417915 7.18486386445685
2459527 zr 6.868873614712748 3.8073583367806494
2459528 zr 5.88387750628827 1.2855712278120985
2459528 zr 6.432354530330342 18.11568799088419
2459528 zr 6.898615188767865 2.5597669954478506
2459528 zr 7.862329115406445 -6.8668593187382925
2459529 zr 9.210967980049091 26.902787159720585
2459529 zr 9.725350732781452 -17.78140661610317
2459529 zr 13.601504446098055 23.26490573493333
2459537 zr 6.704555239000279 6.427785595957664
2459537 zr 7.063247585824468 3.742626319780354
2459537 zr 7.977370459286645 5.525201418865068
2459537 zr 8.500799257295686 -8.117133622670515
2459537 zr 6.902468441693946 -6.079128919679648
2459551 zr 3.795956471288624 4.621561109571623
2459600 zr 8.650869499388865 -15.849077617014444
2459636 zr 3.4886349704628024 1.307604281898774
2459639 zr 4.322282720249423 3.8590944324529444
2459641 zr 4.262978778080268 -0.45323576276284205
2459671 zr 3.130046938495672 2.883944396330919
2459674 zr 3.2327672222173023 -2.1051440410656665
2459678 zr 3.7061349040315705 -2.9712654276771833
2459687 zr 9.08862132360606 -0.8632026546731033
2459699 zr 3.652009718694832 3.019390883231824
2459707 zr 4.3462346579660265 6.998660467114826
2459708 zr 5.270598817861524 -7.038887118077034
2459709 zr 5.146357203188056 3.426816608015489
2459709 zr 4.800376233594409 2.0485712763427886
2459713 zr 10.530082262065914 -4.902206109856248
2459719 zr 3.575460006701724 3.417121118071231
2459719 zr 3.2387276876153868 3.6425039953023615
2459725 zr 3.7438739959810077 -0.1164060864383949
2459730 zr 3.2327672222173023 3.2292360102030164
2459732 zr 3.958444951529917 1.05917010903219
2459736 zr 3.709549952871315 -1.7567599160187728
2459741 zr 11.749389077798122 -21.100983146186227
2459743 zr 6.634442427431154 -5.433219593545534
2459749 zr 4.189027106828065 0.10825463571034999
2459751 zr 5.047309777557079 -7.741774334861625
2459755 zr 4.819943391232548 -0.8677399919894471
2459889 zr 12.834434314657676 -8.72205224796379
2459896 zr 9.851566030772531 18.089491596446617
2459896 zr 9.459422391207156 -17.227506762595
2459896 zr 10.995924872535067 -7.2983232221230425
2459896 zr 7.505340233066948 6.312568346946581
2459896 zr 8.231135681361499 -0.8777329306133252
2459899 zr 5.970571022363783 -7.877596590104683
2459899 zr 6.151831474098304 -2.8791004488854552
2459899 zr 6.009189072411182 1.1370541346280496
2459899 zr 6.180902704190779 5.879067110111401
2459899 zr 5.970571022363783 -4.9510632243112545
2459902 zr 5.899509011057845 3.8491650542383242
2459902 zr 5.683595786984153 -0.23918939633501002
2459902 zr 5.945396812851574 -1.9673550324289826
2459902 zr 5.92128369128016 -0.0993784320938107
2459902 zr 5.572673808695855 4.600029400855314
2459915 zr 4.730153962785211 2.441244769169254
2459923 zr 6.208416521781215 4.259844034194342
2459937 zr 4.024617485941768 -0.5492711022880132
2459951 zr 8.735705990622352 -0.8411897193956797
2460020 zr 3.3469985937905746 6.297422375321085
2460030 zr 3.7507768225298617 -0.9547533890545921
2460036 zr 6.54944394847183 -2.8127121580486842
2460043 zr 6.314950828927078 0.05826398084145501
2460052 zr 3.4312750304337825 3.586587199817898
2460054 zr 4.234769387376497 0.03858562811877364
2460060 zr 4.643818923132209 5.848052269820593
2460064 zr 5.181621583997405 -0.2341681533647203
