jd filt fluxerr adjflux
2458210 zg 15.131632519690333 18.16795838286521
2458229 zg 3.7430873718695947 0.8693508093502672
2458237 zg 14.114709144935091 -26.802942040045373
2458237 zg 13.597908204038298 27.85183905299195
2458242 zg 2.6662565105957445 1.3925634871882933
2458245 zg 48.602072028762265 -63.21031437004885
2458249 zg 3.409143492253226 -1.5451837627692993
2458267 zg 8.122011924531169 -2.7733156980980804
2458270 zg 7.028704366807669 -2.423039058644672
2458274 zg 2.6859747701227525 -0.7188633318860926
2458277 zg 3.482132408920176 3.467986007961104
2458280 zg 3.138218476286474 5.502279405216024
2458293 zg 6.887716718207195 -3.288259047943344
2458443 zg 8.793886296877305 8.146764730681149
2458463 zg 35.07143773410211 22.526170352674896
2458470 zg 5.664017803196198 -3.564873256354494
2458487 zg 2.6369502055715874 1.4674542051560722
2458495 zg 2.678563391477059 -5.309528811629784
2458502 zg 7.339648755366247 7.767795550302367
2458511 zg 3.8161897842570607 -2.6096028014102925
2458514 zg 15.664982804920689 0.0835398428899429
2458539 zg 11.245282873359864 12.16726615901281
2458559 zg 5.892839461249529 9.725633814227765
2458575 zg 8.822991662264045 7.891614128915634
2458580 zg 2.92748456595499 2.585833364345847
2458586 zg 3.7087705405731053 -2.803907005886281
2458600 zg 3.3407600321401096 -3.182145367624358
2458607 zg 3.208360604459653 2.006851781289541
2458612 zg 2.924789494343245 1.7123641100664464
2458634 zg 3.223169724147303 0.539351762367997
2458637 zg 2.9736826167263213 -2.4615644188098265
2458640 zg 3.283092923253206 -0.7836421522095495
2458643 zg 4.663917400463523 3.1236636511632416
2458650 zg 9.837928299154552 -8.474937893078305
2458653 zg 10.541090101840162 2.8940958800368213
2458662 zg 4.305483325343204 5.053796023157357
2458676 zg 9.63395092508978 1.441389548387516
2458806 zg 7.76783383528347 -0.688175617105406
2458838 zg 25.0348179942285 -51.43875123921795
2458854 zg 2.9409972207546815 2.1652358527473186
2458857 zg 3.402869398293317 0.20162896711205133
2458873 zg 3.402869398293317 -4.4189699311652575
2458877 zg 2.900645226128746 1.3439471786575559
2458880 zg 3.1411102138092155 -6.355716270742364
2458886 zg 5.793236038546296 -1.6622603476682025
2458898 zg 2.5912059302977792 1.2385287537311955
2458908 zg 3.331541912209125 -1.3214312079712596
2458914 zg 4.983958690772909 -7.800589986638471
2458962 zg 3.1672560543312898 -7.225704917146714
2458965 zg 2.9464197306247644 -0.7371376838233447
2458968 zg 3.1730957324834845 2.2318347300041292
2458971 zg 4.92329126756578 -6.112804537779185
2458978 zg 3.8021562880504636 2.8816352058730654
2458981 zg 2.92748456595499 3.5863070750415544
2458986 zg 2.6466830066200813 2.61944478781845
2458992 zg 2.651562870030059 -1.446268277410224
2458995 zg 3.691730287800222 3.272068432720954
2458998 zg 3.418576329780606 0.5465923920365481
2459005 zg 7.639412488163567 9.389491448330915
2459011 zg 3.7087705405731053 5.958093187073142
2459014 zg 2.932882161655319 -2.575970513749553
2459021 zg 3.2202024418174666 -1.0877339208197128
2459024 zg 3.223169724147303 -1.1036400206183734
2459178 zg 4.23469281059213 -8.746770200155668
2459185 zg 8.536181148210355 8.459902647730754
2459186 zg 7.258974602545566 -8.083571720820487
2459190 zg 9.314723618947697 4.2462513155875445
2459204 zg 3.1585166818890675 -0.7342129244566507
2459217 zg 10.303067283508673 13.527471358641337
2459221 zg 7.954688610090177 9.24940332415653
2459227 zg 3.1789461776340904 2.358168491112832
2459251 zg 2.8979748630820485 -1.2066338411052746
2459253 zg 3.671385299349628 -1.408703889728456
2459255 zg 2.393009586280837 5.3913946971107265
2459268 zg 4.010450755574566 -7.844346267373914
2459270 zg 7.492438445422667 -10.566028492067808
2459272 zg 14.235666281650587 13.74273802787345
2459276 zg 6.194835307609649 6.212438170221132
2459290 zg 2.6613496054136276 -5.0084509665272305
2459303 zg 11.448569352771184 -10.671539500025407
2459304 zg 8.84261763411328 -19.73255875277129
2459305 zg 5.965265322686311 4.581858376822667
2459306 zg 4.058758283607894 1.684384167149217
2459307 zg 2.943707227110766 -1.703253857083345
2459307 zg 2.892641509814359 -3.3207812481880064
2459308 zg 3.984677596147372 -2.925813603996282
2459309 zg 3.1877420769178975 0.35906210335441574
2459309 zg 2.892641509814359 -1.1963009275496637
2459310 zg 3.152703834620789 -1.7668383400461831
2459311 zg 3.715608644574091 2.1391245550706
2459313 zg 3.1411102138092155 3.0409210009220904
2459317 zg 2.371070342521676 1.0288070658246382
2459321 zg 2.871406069837941 3.028248771337846
2459323 zg 3.7258894475790787 -0.05798412445155823
2459325 zg 4.536812703225967 4.317338965719885
2459334 zg 3.1730957324834845 -2.2990246528787295
2459336 zg 2.6031663934401768 1.748038429102179
2459338 zg 3.466133463774468 0.753537461489331
2459340 zg 2.651562870030059 0.7911050548925347
2459342 zg 2.6909270783395023 -2.6024226760224662
2459348 zg 2.6613496054136276 -0.5984679441290643
2459358 zg 11.11606862780434 -0.2358796680015277
2459361 zg 8.453798796725065 -10.393564812079399
2459363 zg 3.1585166818890675 4.479742491702046
2459366 zg 3.4060050006098446 -0.03235042409907496
2459370 zg 3.2172378911974753 -0.3637504035169975
2459372 zg 5.327603856296181 0.2835773393526968
2459374 zg 3.1585166818890675 -6.101638250125418
2459376 zg 3.7430873718695947 6.784550608343502
2459390 zg 9.349103620365048 9.544949626454468
2459550 zg 3.4789267229490872 3.866352829298452
2459600 zg 7.36308747952746 8.262769293268757
2459636 zg 3.1209238708635105 27.240680941502738
2459670 zg 2.632097234907556 27.595670570655727
2459678 zg 3.482132408920176 35.34559588837428
2459697 zg 2.3688875114168004 37.472695286098535
2459699 zg 3.223169724147303 33.92928760754287
2459701 zg 3.431194058858897 35.80094853741523
2459701 zg 3.701945021230732 34.23405452029721
2459715 zg 9.0153137581022 45.62848638438257
2459722 zg 3.415429154172521 36.5440937186167
2459730 zg 3.2054069555537303 46.05442628377646
2459732 zg 3.1556089197974826 47.95261740359667
2459734 zg 4.047558999532046 53.16027416763751
2459736 zg 4.839209611056189 47.28265704223334
2459741 zg 9.078537019147678 43.17713952619472
2459743 zg 10.194405872349796 53.56177158195678
2459747 zg 5.426651406987194 51.41622993194818
2459749 zg 5.240007693245915 46.9327666399856
2459910 zg 4.528463277851754 88.92157564188751
2459924 zg 7.780780855677797 102.74799949294103
2459932 zg 4.014146218787408 88.19005232261829
2459937 zg 3.9372517798682645 90.45783195677225
2460020 zg 3.3903558291334317 53.09385204306909
2460036 zg 7.860011539868872 39.55181712996243
2460043 zg 8.590449098352584 24.70134532882506
2460045 zg 3.6883316439226075 41.53903517103509
2460050 zg 3.5078844662611064 42.26395053141442
2460052 zg 2.9301821209628995 40.538196559451194
2460054 zg 3.6781544737242537 38.5769248686134
2460056 zg 3.3500036578991157 39.73284571065029
2460058 zg 3.4060050006098446 37.90681376893039
2460060 zg 4.003070032258206 42.39600972998206
2460062 zg 4.0512886564450055 32.61348720514026
2458217 zr 4.04896887576346 -6.31004084883893
2458217 zr 4.0007778617131855 -1.3868662711800075
2458224 zr 4.930541449156728 0.8578194552825968
2458224 zr 4.876347131742403 0.7985922315527209
2458233 zr 5.710120605701423 4.516793275261936
2458242 zr 4.921467416222777 -2.0191069146732064
2458257 zr 4.030365553622671 3.9082479178360554
2458274 zr 3.5464342776308384 4.2451292138959795
2458277 zr 4.04896887576346 1.2429448076449212
2458280 zr 4.957864053748524 -4.276086469780922
2458283 zr 3.88458329639583 2.954243103658878
2458293 zr 8.728345413815155 9.715738985581144
2458443 zr 4.827192455869295 -5.757893724132684
2458443 zr 6.269457527857489 -4.4368993277744755
2458444 zr 4.465827348081442 -4.514489576050452
2458444 zr 4.352130696399549 3.964425448587079
2458444 zr 5.725920069718621 -3.073508328706243
2458444 zr 8.438311045036803 -1.6967455656815649
2458449 zr 7.371414801065126 -1.0209806695910566
2458449 zr 7.19154018571349 -4.799487063065533
2458450 zr 7.112493976378997 7.041722636771902
2458474 zr 8.016308717608107 5.431188759735684
2458476 zr 6.177744811411041 -8.290010043119421
2458488 zr 3.5497021689997896 3.246490789330255
2458503 zr 5.314754092073106 17.739575348044934
2458524 zr 4.424884396854842 4.608646656066604
2458539 zr 8.38408224405784 8.189724889239534
2458543 zr 3.5333927690068574 1.3509896214534698
2458559 zr 5.290335015140768 -0.5570174645013636
2458567 zr 5.810925148397043 6.283673594001645
2458580 zr 3.6123674134946957 -0.2129787363754208
2458583 zr 4.898855327427176 -2.2871394657134547
2458586 zr 4.3924004659241715 3.062963746899654
2458589 zr 11.691223427983678 -8.497207052905631
2458596 zr 4.894345392148065 4.923375349803183
2458600 zr 3.562803874492492 -1.4765622430214262
2458607 zr 4.465827348081442 -6.731561765607725
2458612 zr 3.5171583039001475 -1.5868585326305304
2458634 zr 3.5333927690068574 0.5428432289153783
2458637 zr 3.5074534502890784 4.588250798194037
2458640 zr 4.368194110155192 4.961887769223227
2458643 zr 5.295209838352321 1.4332711402019676
2458647 zr 8.193237232448045 12.456864505941505
2458653 zr 4.8673728365403255 0.006689067378768645
2458662 zr 5.720648730354268 -5.337249100752165
2458669 zr 6.486242596549734 -3.366565829008272
2458676 zr 9.258086276496345 -3.292844442871619
2458796 zr 8.218157004908033 0.23856044862618106
2458796 zr 9.425938671578999 -5.2350823539848985
2458798 zr 7.344307469539092 -14.721687277881092
2458798 zr 6.711091931212878 -9.093270023664612
2458798 zr 7.264770708442567 4.157846079235807
2458798 zr 8.068158734983736 1.4988190025930064
2458800 zr 10.056104203604075 1.704855063699182
2458800 zr 10.425890771312314 -10.098584161923627
2458800 zr 10.960792032153371 -14.386866385327696
2458800 zr 10.046846453356942 -4.3222139853015635
2458804 zr 7.577934555745673 -3.843122336441758
2458804 zr 6.76695343476379 -5.130204865813345
2458804 zr 7.446476963716631 -17.747808027469638
2458874 zr 3.5074534502890784 -2.6868860915913384
2458876 zr 3.9386232330582565 3.1226009011960127
2458887 zr 5.3049729647538095 -2.463702228775622
2458894 zr 4.441216339493055 -4.095810878848665
2458901 zr 3.8774342160910287 3.002479350966762
2458908 zr 3.0718497446440973 -7.903432753960219
2458911 zr 4.862891884357658 -0.8042397444483039
2458914 zr 4.948739737044229 0.11698531098610475
2458954 zr 3.9823959571693575 3.6942207067219535
2458962 zr 3.5301398922348803 1.6121978243280328
2458965 zr 3.5562469881894985 -2.041154979861832
2458968 zr 3.4402651491174114 -8.180006892599446
2458971 zr 4.948739737044229 -4.393006768752613
2458975 zr 10.740931270515693 -2.9986238542603045
2458978 zr 4.809441140854123 -0.8363352685302703
2458986 zr 3.5562469881894985 -6.777142294451069
2458992 zr 3.510685422450397 -5.406927673790789
2458995 zr 3.5171583039001475 0.4910182896947315
2458998 zr 3.934997297062464 -3.1806504242376734
2459005 zr 7.957459447130713 19.219149507757944
2459011 zr 4.876347131742403 -5.58827426139968
2459014 zr 3.949521100256696 7.331438876920718
2459018 zr 3.5139203727393373 -0.363370743049214
2459021 zr 4.424884396854842 -1.7177001462740606
2459024 zr 4.404553899783555 -1.3007410250429945
2459164 zr 6.194838155596779 -9.388585354232394
2459164 zr 6.963409114239279 1.3636485098585691
2459164 zr 6.570420850338203 4.3132450465704375
2459164 zr 8.38408224405784 -8.859742190961626
2459164 zr 11.804991891187393 25.14045384684576
2459166 zr 6.661824509239582 -1.6561161440010308
2459166 zr 5.762955701150112 6.005541645769121
2459166 zr 5.720648730354268 -9.112423603579167
2459166 zr 5.2370072482890935 8.10156047787876
2459168 zr 6.686412843305005 5.134576282397384
2459168 zr 6.194838155596779 -4.4783965543039725
2459168 zr 9.478172528222515 -14.822197632804535
2459172 zr 4.809441140854123 -1.9363299258430315
2459172 zr 5.314754092073106 -5.0336052642937785
2459185 zr 7.94281475752848 -16.522533580912075
2459186 zr 6.048253210208664 -2.5413198369289947
2459195 zr 4.336126353567721 4.437569553727474
2459200 zr 4.769738988924493 -5.605918609758707
2459202 zr 4.364172706907578 -2.6755206382317254
2459205 zr 3.9205269030927603 -3.7340852978912573
2459217 zr 8.178158623891683 12.991209809660406
2459221 zr 6.217702875290277 3.6635237866047987
2459223 zr 4.836092667862703 -4.830633418212229
2459227 zr 4.404553899783555 -3.8763809594766636
2459231 zr 3.1031299929269838 -1.1791551529127027
2459251 zr 3.9205269030927603 -1.033883073949228
2459253 zr 3.5301398922348803 -0.662581118848637
2459255 zr 3.5139203727393373 1.8819636227703855
2459262 zr 3.88458329639583 -3.796799095536633
2459264 zr 3.080349316344606 4.933674124752906
2459268 zr 3.9640985098051993 -8.1442615141919
2459270 zr 7.027840745478675 -5.28786781574748
2459272 zr 11.346849037959702 5.950594054255201
2459276 zr 6.1550270318252585 10.534882140226934
2459278 zr 5.295209838352321 4.5929488267784855
2459280 zr 3.5042244535137086 0.03590604439109697
2459290 zr 3.510685422450397 6.914636445215931
2459292 zr 3.497775375166635 -2.3506556042036717
2459295 zr 5.683884984645782 -7.273319633974432
2459297 zr 6.791929792431027 -1.994382570646103
2459303 zr 9.283702688319167 8.537861794498848
2459304 zr 8.48507196135474 -2.472199850176707
2459306 zr 3.5236431198268443 -2.9538766835680987
2459307 zr 3.5301398922348803 -3.0399924884530365
2459307 zr 5.324553253499684 -4.239761674924158
2459308 zr 3.997094705543749 7.569944916725924
2459309 zr 3.4817045571196394 -0.07916752024676436
2459309 zr 3.5268900100938456 0.7189630197239468
2459310 zr 4.805013521170711 -7.2885696499316746
2459311 zr 3.5139203727393373 -3.790168471366763
2459313 zr 5.275737455850221 3.507147179065744
2459317 zr 3.5139203727393373 5.833679314847386
2459321 zr 2.625748822038838 0.35028292535894
2459323 zr 3.934997297062464 0.11982654543894206
2459334 zr 4.3964478798751845 2.1512343729001775
2459336 zr 3.898921024996181 10.64421342405623
2459338 zr 3.494555288124154 -0.12000130326615718
2459342 zr 3.895331639250785 -8.020117664231558
2459344 zr 3.091718672881 -5.815062203347861
2459346 zr 3.494555288124154 0.2187541337579624
2459348 zr 3.52039921867955 -5.283095668998919
2459353 zr 3.9677512613555757 1.6686473774447355
2459358 zr 11.842951760399432 3.892264645825435
2459361 zr 4.4208108039615075 3.084239181753702
2459366 zr 3.497775375166635 0.8975191137446106
2459368 zr 3.5236431198268443 1.1927139229881556
2459370 zr 3.986065569054829 -5.15711364758161
2459376 zr 4.416740961258571 10.079241251544245
2459378 zr 4.827192455869295 1.7042478466168938
2459386 zr 8.88243267898611 8.813603883524092
2459526 zr 8.648323462066312 -3.6733304163601455
2459527 zr 6.426776366985681 -1.112178301799886
2459527 zr 6.76695343476379 1.7420829782689062
2459527 zr 7.627363321452792 3.5514114813184783
2459527 zr 7.378207252558548 13.268317595116857
2459527 zr 8.4305426513745 -13.983617765013694
2459528 zr 7.994189411087498 -0.5323784921021031
2459528 zr 6.6679631028553095 -1.6200870134089276
2459528 zr 6.275234571654018 -7.74096376905449
2459528 zr 6.5041895303515815 0.9080555121117719
2459529 zr 8.391807826391286 15.62199751767346
2459529 zr 9.326554312935416 -1.9742811485774947
2459529 zr 9.469446827664054 -4.038513588200449
2459529 zr 13.106898215688297 0.18625514218187922
2459537 zr 5.853899757071324 -3.0183495751250122
2459537 zr 8.314871269789652 1.6130907988241503
2459537 zr 7.079815034967747 6.044891887603422
2459537 zr 6.711091931212878 -5.6368955889857695
2459537 zr 6.61291876892596 2.321226465481102
2459551 zr 3.997094705543749 8.285634766830317
2459600 zr 8.256090294117609 10.242591856550765
2459636 zr 3.543169394715404 5.068497731518597
2459639 zr 4.445308735236873 5.785498751239059
2459641 zr 3.468901082854177 9.8795714585531
2459671 zr 3.472097530615787 19.397895465420405
2459674 zr 3.497775375166635 17.458753882427665
2459678 zr 3.92775543621682 11.884942534928449
2459687 zr 9.08096338555321 15.69653351693329
2459699 zr 3.543169394715404 18.204014433835358
2459707 zr 4.921467416222777 24.150280938125945
2459708 zr 5.7842263725386225 19.420528386690638
2459709 zr 4.787343766039504 26.928737535766274
2459709 zr 4.822748494147483 13.49179455029764
2459713 zr 10.897156062663852 14.16560254819964
2459719 zr 3.986065569054829 22.52554343093386
2459719 zr 3.5464342776308384 12.704930508155549
2459725 zr 3.949521100256696 19.207977395201944
2459730 zr 3.552973071594444 18.565385101990397
2459732 zr 3.9823959571693575 16.728150964007973
2459736 zr 3.536648643169206 21.108179041437175
2459741 zr 11.718329165828282 17.650130258930652
2459743 zr 6.420859812294623 18.317001136025084
2459749 zr 3.9823959571693575 16.98281060514509
2459751 zr 5.295209838352321 25.17083103504964
2459755 zr 5.3049729647538095 24.82178724139316
2459896 zr 8.453869313710294 41.023146995415935
2459896 zr 8.360948144363931 59.415936692014114
2459896 zr 9.215549233932292 51.60095198722584
2459896 zr 10.00068538697048 47.83873032725106
2459896 zr 11.133762107789039 45.26618340439953
2459899 zr 5.762955701150112 37.50285423643798
2459899 zr 6.409043038416572 34.138237140740884
2459899 zr 6.200546440751957 46.89373768835234
2459899 zr 6.053826423446418 50.08257623497293
2459899 zr 6.115471754217269 49.56535913193593
2459902 zr 5.217748897549816 47.164092133019054
2459902 zr 6.104217008125673 47.63459630458359
2459902 zr 5.626590145584467 36.40867861264959
2459902 zr 5.827003530821587 46.02972706672897
2459902 zr 5.616235123765187 52.937801207979604
2459915 zr 4.782936489420664 32.30982187845109
2459923 zr 6.480271296652139 56.01122813720005
2459933 zr 4.778533270184811 50.47333571919737
2459937 zr 4.433042847038548 47.258146391445464
2459951 zr 9.06425103018976 28.397776177118228
2460020 zr 3.52039921867955 19.313319245628186
2460030 zr 4.04896887576346 19.8531548226654
2460036 zr 6.855228124784727 17.826457795550603
2460043 zr 6.540232508706077 35.973312622005366
2460045 zr 3.0888724057055206 22.832925149548252
2460050 zr 3.5171583039001475 21.044345114427614
2460052 zr 4.022948179659491 13.272297851290137
2460054 zr 4.3401219132697335 20.556329861739282
2460056 zr 3.536648643169206 19.886437595397577
2460058 zr 4.380280566892136 15.681926472124065
2460060 zr 5.270880559109006 16.017460136916743
2460062 zr 4.3561410034364005 19.22821092539606
2460064 zr 5.7682660246246575 5.877576800390415
