jd filt fluxerr adjflux
2458207 zg 10.026264412722504 -2.1754749694720488
2458207 zg 9.251692328222955 7.594976313008871
2458230 zg 2.875410980285687 -0.21058577284162538
2458243 zg 2.647681208449612 -1.393859946044472
2458246 zg 2.947812980021451 2.5000856895724297
2458267 zg 9.444622438333592 8.663301491368088
2458270 zg 6.252492498081397 5.279011059289147
2458273 zg 2.6920013721084066 4.5519000487857255
2458279 zg 2.496176423323727 -3.625570593154009
2458283 zg 2.613759913940094 -2.757918374238784
2458286 zg 2.8988329133902733 -2.951352006060148
2458289 zg 4.704332490110102 -3.625570593154009
2458293 zg 7.3425322798786405 12.925070274582495
2458299 zg 6.053851505205073 -0.11138799482043282
2458302 zg 3.2152583059878053 -2.078087754947603
2458305 zg 3.8502221280037063 -5.90445350855542
2458472 zg 8.057344188068402 1.4882652133216112
2458487 zg 2.6969052772394924 0.5855605587954358
2458495 zg 2.377003192161215 4.345013628098158
2458503 zg 8.371369888522956 8.663301491368088
2458511 zg 4.677349117527527 0.1867541159364947
2458547 zg 2.623465014010444 1.6898844592001012
2458561 zg 10.362717601998112 8.127908949547091
2458568 zg 2.9418680093884575 -1.393859946044472
2458573 zg 2.9127279741602847 1.1865318582752167
2458581 zg 3.242377841584616 5.696612670753382
2458584 zg 3.6484101309213566 -0.8038576089659415
2458587 zg 4.815703730663485 5.801253685923925
2458600 zg 2.63800295025484 2.296975371623404
2458617 zg 7.254374451606941 4.655486258987551
2458634 zg 2.4553486594957086 3.2139254284809056
2458637 zg 2.5576548536413632 3.2139254284809056
2458640 zg 2.4560767706573188 -1.1975546637471979
2458643 zg 3.8935989788721153 -7.2107235700242285
2458651 zg 10.315776612322928 4.138507955491306
2458654 zg 5.688238513996368 8.663301491368088
2458658 zg 2.609007195792526 1.086139202238357
2458662 zg 3.62246693233961 1.3875947785360694
2458667 zg 3.0810583758682992 7.488683978822493
2458672 zg 6.586366060340766 0.4857211629559117
2458676 zg 8.124959064175886 -6.466346651142899
2458836 zg 9.231917941734306 4.759167919564305
2458857 zg 2.9800474805106467 -0.012098810181882413
2458873 zg 2.915411931583926 1.2870170219606223
2458877 zg 2.384744949042415 -4.295456314893173
2458894 zg 4.659233144033781 4.5519000487857255
2458898 zg 1.9048269628889194 0.9858389686859113
2458937 zg 2.117001782411756 1.5890284117170097
2458940 zg 32.43217236311938 -27.46913011643676
2458955 zg 2.5613874477936447 -0.9024178925248663
2458963 zg 2.4788025692117994 -0.21058577284162341
2458963 zg 2.2203925677289065 -3.0479352847685828
2458966 zg 5.047836418162357 -2.467099009249828
2458972 zg 5.500874843550474 -9.953794256208614
2458976 zg 10.435798488204984 -2.9513520060596465
2458980 zg 2.0161921737254818 1.5890284117195426
2458986 zg 2.5017386469913108 0.7855154287996589
2458992 zg 2.3357683261712547 2.3984837629791613
2458995 zg 2.2715620775105165 4.241713242880948
2458998 zg 2.960896207125971 -0.7052065039512138
2459014 zg 2.4606052008226325 -1.0008869591547114
2459017 zg 2.2388745775982293 -2.1754737449165447
2459020 zg 2.4598757471946238 3.4187294335113405
2459023 zg 2.589853970093339 0.2863254342324323
2459026 zg 9.774501421299972 -11.386049759519492
2459033 zg 7.830688871659028 13.594542814121523
2459039 zg 4.22168461366408 3.932962069202305
2459043 zg 4.210670128491296 0.9873991821463735
2459190 zg 9.255180168724682 172.68522508164057
2459204 zg 3.4375728233643645 174.27018950230695
2459217 zg 7.428171172366733 177.40755251984788
2459218 zg 6.235086435757147 158.37582411803822
2459227 zg 3.152268365520662 160.83311744563377
2459231 zg 2.5553002509668157 155.9050533820859
2459251 zg 2.7660495795973534 143.40818105970286
2459253 zg 3.2330756658580926 141.67312703784566
2459255 zg 2.098575555157325 138.02491895496684
2459258 zg 3.8697733154856606 143.7663365302891
2459264 zg 2.252810230866045 141.89706658361436
2459270 zg 6.860424981122957 136.22976152997916
2459272 zg 11.412582663905267 132.48460180139497
2459292 zg 2.4440673571488385 130.2669358779794
2459304 zg 10.227776166970527 147.4487414381477
2459306 zg 3.6158002437851806 123.574137786271
2459307 zg 2.353042465350054 125.23997296124362
2459307 zg 2.3357683261712547 124.42453129548481
2459308 zg 2.50404389488028 122.55118832862048
2459309 zg 2.730611785153666 119.32552114036211
2459313 zg 3.0949376715675303 117.02433780634452
2459323 zg 3.8237150952473664 117.77184842613266
2459325 zg 4.010162027134568 116.68346184889333
2459334 zg 2.700598115591021 109.51314098252183
2459336 zg 2.406810722377845 108.65577417455738
2459338 zg 2.838310868957654 113.52776325398864
2459340 zg 2.6648653927941757 114.09410396682024
2459342 zg 2.4447921229435354 108.33478671172436
2459344 zg 2.099525837922771 110.05882137282757
2459346 zg 3.2543452342147634 114.84381653837278
2459348 zg 2.3330530267659735 115.36299207903438
2459366 zg 2.8045291622659136 103.36672307501152
2459368 zg 2.5248869496855573 103.66731899027599
2459370 zg 2.6969052772394924 101.86100664356432
2459374 zg 2.790395051667513 104.42899770021216
2459376 zg 2.734483309506627 105.81942668211876
2459379 zg 3.009287095442944 96.14724963851805
2459390 zg 8.366873296928427 108.71595029142935
2459392 zg 7.943000704894824 85.02992805235603
2459394 zg 3.602503651667487 95.11917587596636
2459399 zg 5.017321530370243 94.03460210372312
2459401 zg 3.837988357799655 97.15926390362279
2459641 zg 2.2178113910980297 47.0143114810186
2459673 zg 2.947812980021451 43.82205444330699
2459675 zg 2.5922404125798435 41.46415571692813
2459677 zg 3.7273865152270247 45.38773363391311
2459679 zg 3.5075545156230596 38.51682715885819
2459682 zg 8.27781128415677 50.629420087174346
2459694 zg 4.091530431423809 39.31847696241678
2459696 zg 2.510972391517487 39.790186520092874
2459699 zg 3.733933129541745 34.34934135772838
2459701 zg 2.8198316686936775 32.22629535500668
2459717 zg 6.691039881005965 45.58722707924499
2459722 zg 2.6758388832447975 31.64098081366597
2459724 zg 3.035450699640519 37.52760507812182
2459730 zg 2.4892887530278296 30.996175266107386
2459730 zg 2.4788025692117994 34.698782894369515
2459734 zg 3.6058232086276027 35.3843060498052
2459736 zg 3.6391874799897024 36.187019007337696
2459742 zg 14.406337004027757 43.43323741942852
2459747 zg 6.559234826665427 44.026694204829866
2459749 zg 3.8865290684802516 30.63116319173028
2459751 zg 3.2215407022884452 37.77326520297445
2459753 zg 4.047267599520692 34.605910013011375
2459756 zg 3.941717772875321 37.083884585377405
2459758 zg 3.424931637285099 40.475781070552095
2459761 zg 4.174020766489978 26.983843233791696
2459763 zg 3.4992097298712856 32.34764635653114
2459765 zg 4.5406125242488455 33.165242035553554
2459769 zg 7.783532293857429 49.37373080296834
2459771 zg 10.203217007005035 34.956951063316694
2459924 zg 8.24690948642572 -2.9237025114360335
2459937 zg 3.3420725150345603 21.016313302689632
2459951 zg 14.106735625285264 8.471444361578488
2460032 zg 3.7230910137934883 15.673367281188815
2460042 zg 10.539634107474098 26.461087090169418
2460044 zg 4.704945590011252 22.02227332981814
2460046 zg 2.355663054511988 12.410388674942297
2460050 zg 2.682042732459582 13.5327955216663
2460057 zg 2.8886832743348787 13.553581592720684
2460059 zg 2.904423622118658 17.948158772490647
2460061 zg 3.4944662147884076 16.837815976751028
2460063 zg 4.969035563799334 10.955740299946116
2460065 zg 7.164077538259289 14.64681699705551
2458198 zr 3.0959446523588547 -1.4683497736372146
2458217 zr 4.135537131989815 -1.055176723712151
2458218 zr 3.637260732622756 -6.165537153547831
2458219 zr 7.8795905923091345 5.660157401805208
2458224 zr 8.267354035723473 4.59779591753076
2458230 zr 3.5510014555524894 1.230929844973332
2458231 zr 3.7668162391646764 1.6490797341378425
2458233 zr 5.112601435295162 -3.5228370879258364
2458243 zr 3.3298288487341483 0.39693730506240854
2458256 zr 3.342119016990578 1.230929844973332
2458256 zr 3.728845884243792 -0.6412418794799635
2458279 zr 4.435281854147056 3.7514222055800133
2458283 zr 3.275079990029406 -3.318238823995472
2458286 zr 3.451046811721695 -5.152856957426508
2458289 zr 5.692010507172284 3.3294032231271444
2458293 zr 7.405765791343542 4.174219292167152
2458296 zr 7.1743216873577795 3.540315540898888
2458305 zr 5.08291878572074 4.385910072733992
2458312 zr 4.87206608713651 -5.152856957426508
2458450 zr 6.899472195748385 1.4399085069919977
2458450 zr 6.877837445527073 7.799613917950552
2458450 zr 7.7368920253727955 -10.169942797507986
2458450 zr 6.052014039610117 1.0221435708029674
2458450 zr 6.6657942944572905 0.6051474777174235
2458451 zr 5.2061079688983725 9.958866581506328
2458451 zr 5.892504553998978 -4.949760688864586
2458451 zr 6.153184350729984 4.809877006302457
2458451 zr 7.714426631387217 0.8135495073677816
2458475 zr 7.259448907652925 -12.537417709301451
2458477 zr 5.720842089993368 -3.7272469966462154
2458488 zr 3.2032673565091963 6.299926592267525
2458503 zr 6.0788745883140525 -5.558488749301318
2458524 zr 3.3237007232636753 -0.018908175599676724
2458539 zr 4.849680976830342 -6.165537153547831
2458543 zr 3.811145504631057 -7.776156451483928
2458561 zr 7.30415487539152 1.0221435708029674
2458568 zr 5.450868350944781 -6.367514166118809
2458573 zr 4.204566480084494 -8.176960395088429
2458584 zr 3.8076369259088203 -7.97665071179847
2458593 zr 8.49476207249667 -5.963374027577402
2458596 zr 4.346315249939078 -0.8483046136099119
2458606 zr 3.4829789547158643 -3.1134520312921836
2458617 zr 5.486245996214772 3.540315540898888
2458634 zr 3.247829244323304 9.52542358907732
2458637 zr 3.0394372941570262 -5.558488749301318
2458640 zr 3.0619154065007117 -3.9314687235573444
2458643 zr 4.243470854726549 -6.165537153547831
2458648 zr 9.864428590876393 -11.356951032544828
2458651 zr 9.184589713407108 -8.776783681268114
2458654 zr 5.324047697506173 5.660157401805208
2458658 zr 3.8439208278110355 6.299926592267525
2458667 zr 3.732281860305208 -0.433988345670997
2458672 zr 5.652752363942736 -6.367514166118809
2458679 zr 7.7643240553726285 2.2777505815604115
2458812 zr 9.378958310566867 5.873217412404188
2458812 zr 7.643381301542316 -7.17356450681163
2458854 zr 5.925157878921702 -3.7272469966462154
2458877 zr 3.248044058091007 -5.152856957426508
2458884 zr 4.306467992214244 -2.9084765360946676
2458887 zr 4.306467992214244 -2.9084765360946676
2458895 zr 3.5087372726733688 -1.4683497736372146
2458898 zr 2.76204000544539 -11.356951032544828
2458901 zr 2.9189722389032715 0.8135495073677816
2458904 zr 3.5346860858801064 0.1889188127780983
2458908 zr 2.8577877127339977 -3.9314687235573444
2458914 zr 3.7633484704082094 1.4399085069919977
2458940 zr 6.8480981038695194 -13.125209236812509
2458941 zr 4.298542486913596 -3.318238823995472
2458955 zr 3.8641638198445936 -4.746477275556797
2458972 zr 5.87570469055226 2.277750581562723
2458976 zr 8.916006666284664 -0.43398834565988625
2458980 zr 2.274545422594398 -1.0551767236608398
2458986 zr 2.710474221838752 0.813549507840221
2458992 zr 2.712971810859707 1.0221435747784815
2458998 zr 3.633714905045611 6.51357615408362
2459009 zr 4.74711513361691 -1.4683487548134466
2459017 zr 3.0817200787784955 -2.4979479522202763
2459020 zr 3.2180529668324698 7.370169842991998
2459033 zr 6.832518967304224 -7.373864586855103
2459039 zr 3.6136896372138287 5.237739590234824
2459174 zr 12.574583770275876 102.51342494109154
2459174 zr 12.36068327519282 95.33177348531864
2459184 zr 10.72272758164174 103.04989178576855
2459184 zr 9.295221872258155 98.55900569617572
2459184 zr 8.357675896314158 117.9598073536178
2459184 zr 9.407186640943099 101.20170576179771
2459185 zr 10.044843304439137 106.06424454376362
2459185 zr 8.278695714169672 103.56686019601587
2459185 zr 7.367220238381133 95.04021292752914
2459185 zr 8.273428643475706 115.24331635146426
2459185 zr 7.6789820606437456 104.1886209732558
2459186 zr 6.214743140406321 103.46545885700449
2459186 zr 6.2988841784127 99.15694004761987
2459186 zr 7.030413124382686 103.0515240127723
2459186 zr 8.98989471284672 100.37945373983824
2459201 zr 6.855132741731331 99.56869030493233
2459205 zr 3.339042228750409 99.43813683893468
2459217 zr 6.776116217346899 85.80748540097831
2459218 zr 4.443459474806126 98.87685060707524
2459232 zr 2.844657370896058 85.91040348874783
2459251 zr 3.597281581307411 77.31651561505598
2459253 zr 2.8525283187930004 81.04744891222535
2459255 zr 2.680681895410435 83.20839072266374
2459262 zr 3.101652848992361 82.0880106743103
2459265 zr 2.9405594537605526 84.89618924928048
2459268 zr 4.143162093604214 81.03905361177229
2459270 zr 6.034759405606652 89.64371006405617
2459278 zr 4.808723045521601 80.7390254320325
2459290 zr 2.8709786614761628 73.62467758283992
2459304 zr 9.43440341458788 75.49589643702963
2459305 zr 6.592526849991504 71.33021216430934
2459307 zr 3.1102348835876734 72.34506435243541
2459307 zr 3.221018268510686 80.36383314554014
2459308 zr 3.1045108928136265 71.71574365410025
2459309 zr 3.1535025607849265 75.04750956795432
2459310 zr 4.748026898492485 61.37167616292055
2459311 zr 6.266473156857334 73.15376832769904
2459317 zr 2.600430680139762 62.28028126024667
2459321 zr 2.9189722389032715 70.63966294293058
2459323 zr 3.5249328680660303 68.98017281671542
2459325 zr 4.368422242966458 59.033169714599595
2459334 zr 4.112746340510444 64.89906830869754
2459338 zr 3.3298288487341483 66.7979428291965
2459340 zr 2.876272073526596 63.51130157596063
2459342 zr 3.0788830164088874 62.91651412276188
2459344 zr 2.860421044996684 61.50544279865201
2459346 zr 3.0732167247492916 61.73438525647843
2459362 zr 3.9870853257318903 64.1273908509595
2459364 zr 3.732281860305208 61.05075835239059
2459366 zr 3.0987974363148565 59.86014749961585
2459368 zr 2.6732851213317885 58.468989033370995
2459370 zr 3.5608268031407704 62.261375509445514
2459376 zr 3.6473247529884314 53.781662534533396
2459386 zr 9.21659246578324 64.76594872058918
2459390 zr 9.909960724468078 46.56424905844937
2459392 zr 3.121714545688264 56.99353580302094
2459396 zr 3.4990556551148946 53.8440798375313
2459399 zr 4.208544509272652 58.34469447666826
2459541 zr 8.657059142886792 29.447757519072198
2459551 zr 3.5970862415097207 39.53257322492864
2459551 zr 3.5542735553855316 36.798262439753486
2459551 zr 3.6303696707104227 41.658280525029014
2459551 zr 3.54773236804731 36.380497503564456
2459551 zr 3.5346860858801064 35.54727274553959
2459601 zr 6.357167036125788 27.58783341023306
2459636 zr 3.528180946782262 27.269864634103026
2459641 zr 3.0760485658673167 24.184174067371554
2459670 zr 2.7079789321232743 25.47020931522723
2459673 zr 3.557548670322195 26.294422284547874
2459675 zr 3.4861883746496263 21.59146618626649
2459677 zr 3.8535014779877685 18.99963445438294
2459682 zr 5.713019324750732 28.171984760171508
2459687 zr 9.45242339298038 11.894216771584322
2459690 zr 4.239668736268448 28.034236044534712
2459696 zr 3.0760485658673167 20.1156029434738
2459699 zr 2.8975434999593848 21.972323357877134
2459702 zr 3.245053876200226 17.263208002322035
2459709 zr 5.0844260787428865 17.408874084645003
2459709 zr 3.9870853257318903 24.433101941762214
2459714 zr 9.010548307130916 29.200166448088424
2459717 zr 4.984593708186878 31.379166718288392
2459719 zr 2.876272073526596 19.01151043190368
2459719 zr 3.0450413044603186 16.356612217010515
2459724 zr 3.1476989413672816 23.471374237349252
2459726 zr 3.3359682730323104 21.88213739913828
2459730 zr 3.156408381954489 23.72888594044196
2459730 zr 3.3482811014797127 22.469804761771318
2459732 zr 3.360639375726346 23.185583094378185
2459734 zr 3.8181723640817715 13.201164644054384
2459736 zr 2.9189722389032715 21.26793700225547
2459738 zr 5.282935117378393 15.383952304602861
2459742 zr 10.341363372585032 6.383116737999313
2459747 zr 2.826376181971368 13.431913434161238
2459751 zr 4.7831408593036935 10.390749762426598
2459753 zr 3.573969568889584 22.148890205443255
2459756 zr 3.441524378774749 13.51815638798896
2459761 zr 3.28414188416948 16.292772922090926
2459765 zr 3.9143128171824553 16.891841894293297
2459904 zr 8.313167593456997 18.316189676891497
2459904 zr 9.433215601993105 9.534495728392642
2459905 zr 6.4841328942016565 6.8477243919907504
2459905 zr 7.8937892177512285 12.387304965692392
2459914 zr 4.458920867162605 -2.9925963537992057
2459914 zr 4.976375813740278 11.646241121695335
2459914 zr 4.470175868550948 7.130468778501745
2459914 zr 4.536538592233044 10.405578403411335
2459914 zr 5.435947790589636 13.52013797435833
2459915 zr 5.307202919717629 -0.10011146573577889
2459924 zr 5.5444690086080755 1.1617202193599816
2459937 zr 3.7519369352532985 0.12597508531532853
2459972 zr 4.350320198284425 9.534153157345706
2459996 zr 2.9082381328557156 9.45902845591647
2460016 zr 6.795977107464979 13.95553546040087
2460021 zr 3.8963281834319345 5.89372742835123
2460046 zr 3.2811184702584715 5.266171348137188
2460055 zr 3.784203072941912 10.657682705694072
2460057 zr 3.0959446523588547 6.444541726149042
2460061 zr 3.299300794351305 6.145148674730907
2460063 zr 3.6574166197235027 2.823904672299241
