jd filt fluxerr adjflux
2458207 zg 9.497912109085984 -13.415181518180963
2458207 zg 10.008011664827265 14.502238207812592
2458230 zg 2.5818984312307487 0.7143583025147002
2458243 zg 2.36230118733646 -1.8398801641014266
2458246 zg 2.4847672061670965 -1.2886639136713036
2458267 zg 9.268298692965173 -22.216019836379914
2458270 zg 5.993137046731487 -2.3122998573176297
2458273 zg 2.3189196816347692 -2.97152991230924
2458279 zg 2.108592483780064 3.2303813994762436
2458283 zg 2.2614375602179155 1.3996522302105205
2458286 zg 2.639538522372813 2.7415271355068107
2458289 zg 4.236019984129425 -3.036456611123821
2458293 zg 6.575897048955251 9.37607264317096
2458299 zg 5.74654473624233 1.476853300593561
2458302 zg 2.8618633326844667 -0.39059907816843875
2458305 zg 3.709279278068918 -1.7944094278759941
2458472 zg 7.834958906237345 5.239648425471792
2458487 zg 2.4529834275070823 -2.290010274284729
2458495 zg 2.0445226016789078 1.24588856168209
2458503 zg 8.324987030116898 7.478460833086604
2458511 zg 4.43097248559445 3.755262664480693
2458547 zg 2.448452252616727 -5.894219442047014
2458561 zg 10.26811819154843 -0.27007541666733914
2458568 zg 2.827308259997084 5.474391559428497
2458573 zg 2.6385975933211396 3.340120694489787
2458581 zg 2.8848525075885734 -1.2421768638169013
2458584 zg 3.469146576277214 -2.0434651197762683
2458587 zg 4.522135127171009 -0.24590400893362485
2458596 zg 2.9791042881143537 3.727407742633588
2458600 zg 2.4306682290968924 -2.0659816747477926
2458617 zg 7.039633116186886 -8.084451913929183
2458634 zg 2.1444492921290905 1.8922144201112943
2458637 zg 2.341255929755641 -5.140534421235078
2458640 zg 2.233005312456578 -0.14899544322106095
2458643 zg 3.6869260002729973 1.2970487325164015
2458651 zg 10.024446638235196 8.72122832326404
2458654 zg 5.629318095413547 3.312647956498253
2458658 zg 2.202825124997497 2.3137418507570224
2458662 zg 3.2495457054502817 -3.591702886355577
2458667 zg 2.747297240296087 -3.0148343083560896
2458672 zg 6.104690107966496 -5.120850938469925
2458676 zg 7.561105362631341 -1.2421768638169013
2458836 zg 8.98738230158073 -7.87976721170492
2458857 zg 2.8244144640245796 1.6318968606513522
2458873 zg 2.6885681012071916 -5.7990993379173865
2458877 zg 2.1882247991544346 0.1930099646872705
2458894 zg 4.264053546550166 3.560815899963586
2458898 zg 1.6531624084407395 -2.8846814435200585
2458937 zg 1.9016431362724702 -0.3665387279652883
2458955 zg 2.2770531192257 -0.7488576925483024
2458963 zg 2.00144343832786 -2.6222079900560393
2458963 zg 2.3649925801787672 0.8148111300838831
2458966 zg 4.458152906635854 0.5394539080951193
2458972 zg 5.003557396445417 -3.6759513841534996
2458976 zg 9.886574981708067 -10.237805884588061
2458980 zg 1.7120995780294093 -2.971529912307923
2458986 zg 2.366420590877712 2.366870892897789
2458992 zg 2.012759642705334 0.8148111302175571
2458995 zg 2.1929553161238475 -1.1722855307061049
2458998 zg 2.8408302332085418 -2.7756699419778292
2459014 zg 2.1038810484699346 -0.2459037586344915
2459017 zg 2.0138426497275126 -3.4859542119234823
2459020 zg 2.090874685712254 -3.3370854816351883
2459023 zg 2.5060165583777056 -3.443515236322513
2459026 zg 11.330012156744072 -19.349775602223357
2459033 zg 7.25879932544794 -12.453320625519858
2459039 zg 4.349486291619805 6.522276832767871
2459043 zg 3.862512795814731 2.4209092035170543
2459190 zg 10.36805504309792 44.176426927659634
2459204 zg 3.216788415555947 52.75517014637484
2459217 zg 7.3564287279516325 36.75242332550667
2459218 zg 5.7059420406092425 37.78728306322698
2459227 zg 2.920049901762415 38.239243919277136
2459231 zg 2.4462149391373837 38.34393453030674
2459251 zg 2.533804843465036 35.27241280515652
2459253 zg 2.916285003825065 28.5564093645436
2459255 zg 1.928414463783791 29.623737414134084
2459258 zg 3.5521528003843024 34.206890383855324
2459264 zg 2.012430332578557 28.167362268142917
2459270 zg 6.809540172980943 32.3201451586157
2459272 zg 11.492355330217404 35.71785792287841
2459292 zg 2.3791703244583093 22.39078566450859
2459304 zg 10.393297210333124 -0.04063252485015667
2459306 zg 3.334941325118515 16.584203618680792
2459307 zg 2.204396720680715 18.105567371059937
2459307 zg 1.990550325496111 14.603053276857604
2459308 zg 2.230165656178209 16.35803401946453
2459309 zg 2.5743789404970157 13.894308337603317
2459313 zg 2.9310982478109553 9.477558776198322
2459323 zg 3.6989535379285483 15.859854253660007
2459325 zg 3.756584722828909 16.132589771250217
2459334 zg 2.338997634208963 14.589428948604926
2459336 zg 2.120314972874949 14.054509643525341
2459338 zg 2.6565686398342057 7.460763401049004
2459340 zg 2.304735978784715 15.491348960817648
2459342 zg 2.1876840532056634 13.450322808609165
2459344 zg 1.9915566025280917 14.276261782418546
2459346 zg 2.72724160827093 9.814837507851365
2459348 zg 2.0978827647183427 12.797512018679281
2459366 zg 2.592541305152367 9.681147573613378
2459368 zg 2.2091295327372062 10.980849902583856
2459370 zg 2.5620073564305503 7.825709621190573
2459374 zg 2.606907877606736 9.024444034609912
2459376 zg 2.641190760217054 7.562703274445976
2459379 zg 2.8281466723722346 13.054943136993728
2459390 zg 8.449098401178938 21.990556375237368
2459392 zg 7.619279563692982 17.05043932913465
2459394 zg 3.2964855564508087 1.6502885582280395
2459399 zg 4.4058998676652426 -1.9052023616617122
2459401 zg 3.602411826816867 6.116610211140883
2459641 zg 1.8984384952625573 0.5181098010750073
2459673 zg 2.6101277239336897 -2.8457714556856994
2459675 zg 2.4797494020166213 -0.683698566831151
2459677 zg 3.629066429161995 -12.551565913493892
2459679 zg 3.5078844662611 3.1970403267584033
2459682 zg 8.179079909662395 1.3808615942377411
2459694 zg 3.960035263436317 0.8835104369494486
2459696 zg 2.4206898748634806 -0.6479265440914126
2459699 zg 3.3462548672661545 -3.1803724461032723
2459701 zg 2.593701251638269 -1.0381316996269145
2459717 zg 6.467786568081892 6.280357394419481
2459722 zg 2.449061940852839 -3.121928473891601
2459724 zg 2.6334703126559504 -0.017546030848984928
2459730 zg 2.257028918320257 -1.511472547231778
2459730 zg 2.420944745899359 1.9991382462791392
2459734 zg 3.355828586847859 5.40902483673397
2459736 zg 3.2841218607093765 -2.0222257005260262
2459747 zg 6.070342427833311 -1.6179343739737533
2459749 zg 3.6026074558205106 -2.1616621801256053
2459751 zg 3.1380829628696914 -2.6499643955889365
2459753 zg 3.606782481613987 8.649920867585593
2459756 zg 3.726863919540802 -4.681740963999876
2459758 zg 3.0724383335608314 1.4749114775458452
2459761 zg 4.1362501125799 -6.190858396153412
2459763 zg 3.4106563760796256 -0.4372210666630556
2459765 zg 4.182682539313431 -5.880023925405986
2459769 zg 7.324285957575242 -5.525581112772988
2459771 zg 9.23163630307823 -0.7116277669740677
2459924 zg 8.004641649253756 7.47930449947346
2459937 zg 3.20515392002413 2.7696238130587294
2459951 zg 12.75298510198797 -19.659926216397704
2460032 zg 3.5496887431757393 0.6498126952480813
2460042 zg 9.619042194815243 4.498087293170303
2460044 zg 4.579897832962056 -2.2360457818177197
2460046 zg 1.8399097958223802 -0.8816475847399399
2460050 zg 2.4529834275070823 -2.281245832064733
2460053 zg 3.2725455989063663 6.713474007717878
2460059 zg 2.4792938586514226 0.9741738141469641
2460061 zg 3.0884710547917837 -8.562041695456118
2460063 zg 4.635037993192625 -1.5810862569109105
2460065 zg 6.814559531766043 8.405810698191114
2458198 zr 2.7152162847912438 0.026542325368794195
2458217 zr 7.724870862507659 -1.9847578135727133
2458217 zr 4.316141645568603 4.918733311259402
2458218 zr 3.5383418317548485 -0.12416417535450819
2458219 zr 7.5850756774671595 -10.867833719216634
2458224 zr 7.470904105864994 2.6314875228258927
2458224 zr 7.746244985342796 -1.7637420135055208
2458230 zr 3.4970191372482575 -4.376049673304678
2458231 zr 3.738282391152441 -2.2784971881707037
2458233 zr 5.262896012660059 -3.5870143036684823
2458243 zr 3.2236747631955223 1.47218537128866
2458256 zr 3.473306957774763 -3.2981045753515446
2458256 zr 3.1128000110560814 -1.3940225475535755
2458279 zr 3.969133338354624 -2.0582941423341055
2458283 zr 3.0555246076640086 -0.9481058531463304
2458286 zr 3.3354253051904217 4.361033212841193
2458289 zr 5.500177835684691 7.267894605372533
2458293 zr 6.665454720542934 -4.8740168543271665
2458296 zr 6.904448907847211 13.028681638272303
2458305 zr 4.379018546955038 1.548974889768644
2458312 zr 4.2647707289064245 3.8858580503012377
2458450 zr 6.575503605417911 8.50782310368237
2458450 zr 6.324426963354102 -2.9354674051962633
2458450 zr 7.216523075094095 -1.9111537241497274
2458450 zr 6.343501110501761 5.319297681851012
2458450 zr 6.6608402857909805 9.6806474514661
2458451 zr 5.422045932191233 -3.3704318239301756
2458451 zr 5.384569906610579 2.8652761182722344
2458451 zr 6.064387554729762 -0.5746215817346894
2458451 zr 7.737903382841821 1.3188183488466905
2458475 zr 6.871019507682573 3.8858580503012377
2458477 zr 5.618681641680604 2.8652761182722344
2458488 zr 2.9045963391801393 -4.944893302277848
2458503 zr 5.749557549788283 4.83884155942647
2458524 zr 3.018328718810214 2.165843822322529
2458539 zr 4.229564855611538 3.178000804812612
2458543 zr 3.458581459138805 -5.227747198820438
2458561 zr 6.718769720115095 -2.5711563779162248
2458568 zr 5.7596558145121 -1.6899342672348894
2458573 zr 3.949824492833962 -0.9481058531463304
2458584 zr 3.7091289601459128 -1.3198741202052275
2458593 zr 8.869556997820123 14.43740540384023
2458596 zr 3.9433435802080137 -4.018388071653149
2458606 zr 3.101353130891131 -1.6899342672348894
2458617 zr 5.072369023021493 -0.8735465321502005
2458634 zr 3.1926742197812317 -3.080722704642014
2458637 zr 2.7733483920474242 1.7797682561164976
2458640 zr 2.987903286443871 1.3188183488466905
2458643 zr 3.771360160203211 1.702766266951926
2458648 zr 9.511208396367545 -5.368783849552884
2458651 zr 8.716054790175827 2.6314875228258927
2458654 zr 4.887039671154975 -1.4681027131174176
2458658 zr 3.512366181011628 -0.7242217169303871
2458667 zr 3.2045745885256673 -0.9481058531463304
2458672 zr 4.643582644323406 2.165843822322529
2458676 zr 6.984185751032422 10.612820348211741
2458679 zr 7.608375450455617 10.954140685305205
2458812 zr 9.106543572183753 -7.5219541191861765
2458812 zr 7.7998776562523275 -9.48130779770544
2458854 zr 6.16643879648903 11.12527298481129
2458877 zr 3.1143712710574585 -3.2257106802283175
2458884 zr 4.053001687957862 -4.660995411542942
2458887 zr 4.252698739330308 2.08848640812478
2458895 zr 3.853942870831338 -1.3940225475535755
2458898 zr 2.341272193889627 -2.424961557542815
2458901 zr 2.688871037603971 1.548974889768644
2458904 zr 3.3201004179579168 3.9648716675515345
2458908 zr 2.7345478396428637 -3.7310705141145917
2458914 zr 3.904299870223909 6.450741446319043
2458937 zr 3.5246373796762813 3.178000804812612
2458940 zr 6.244950786158938 3.9648716675515345
2458941 zr 3.939781214112146 2.011200209937158
2458955 zr 3.536473307870581 7.4322303307055515
2458972 zr 5.6701252732882175 -1.9111537241485255
2458976 zr 8.839074213395413 2.3207725613054686
2458980 zr 2.1530789761528673 1.6258351666161355
2458986 zr 2.3989205723067286 -2.935467404950595
2458992 zr 2.494484708374436 -2.2051637652705693
2458998 zr 3.464750238037324 -6.626490629623097
2459009 zr 4.651149270526674 -10.736935498360218
2459017 zr 2.8216533169333466 0.9366401221468756
2459020 zr 2.923895994073539 -2.498079584449114
2459033 zr 6.7449885225588355 5.319687126725299
2459174 zr 12.424937208339049 20.07017655870917
2459174 zr 11.770909400107735 36.01709800427464
2459184 zr 10.28266411889147 42.93053372364317
2459185 zr 7.523597166770067 40.63036249937142
2459185 zr 9.67326809873186 34.81731083973023
2459186 zr 9.10886826087408 22.949590494359875
2459186 zr 6.837380613979077 34.96144289455024
2459201 zr 6.6900564534674904 26.366001537976587
2459205 zr 3.00304555462477 29.355586715236093
2459217 zr 6.534086470048642 20.668778554539102
2459218 zr 4.496056538973468 24.141934688347785
2459232 zr 2.7472846082338487 21.24218118866069
2459251 zr 3.4408026230271966 17.83810930917733
2459253 zr 2.704995431555394 11.553117662198453
2459255 zr 2.646088892236416 15.682402619684172
2459262 zr 2.924850368201022 20.470415329370674
2459265 zr 2.809340820840302 18.868152323813472
2459268 zr 4.046360927980202 13.5307594027595
2459270 zr 5.743711981950808 14.325338578492865
2459278 zr 4.330419029118612 13.19674945314794
2459290 zr 2.845552062862265 9.722907432030587
2459304 zr 9.196549393441408 18.79756266411169
2459305 zr 5.57442361695125 15.194767771341871
2459307 zr 2.8899180367169617 11.087107854871494
2459307 zr 2.8066021009935804 18.140751590752192
2459308 zr 2.781022033490927 12.283690739550288
2459309 zr 2.7982436413630163 8.255978856580615
2459310 zr 4.686549185518994 13.006204528484243
2459311 zr 5.804703234274916 4.029307729406844
2459317 zr 2.479795507145804 9.087659942643903
2459321 zr 2.790638959368778 9.01057524159851
2459323 zr 2.970037414306864 7.555034366440902
2459325 zr 4.3749871786224945 10.093277449853602
2459334 zr 4.098045581270579 4.054184753227979
2459338 zr 3.0871797741705214 9.473751179445568
2459340 zr 2.612046150815286 8.934873526563607
2459342 zr 2.919890304129144 6.660549715122597
2459344 zr 2.7187543757997963 9.563506869797507
2459346 zr 2.9091528220270324 6.069335193240161
2459354 zr 5.207052014049724 -4.800775299965241
2459362 zr 3.921892530547717 2.8790006544447015
2459364 zr 3.447146656966686 5.267269764901961
2459366 zr 2.636215116275825 7.970070933460199
2459368 zr 2.6327878726980525 10.293033967989993
2459370 zr 2.9851525927529186 6.663316294070341
2459376 zr 3.4166444514671586 2.1604441990988814
2459386 zr 8.901470555620419 1.9525799296588184
2459392 zr 3.035888280565969 2.8529113796977477
2459396 zr 2.983223460080062 1.2837125462750558
2459399 zr 3.93006548479319 12.945127898478646
2459537 zr 8.813733571328402 1.6012833664191128
2459551 zr 3.438067846140226 1.9281789489073715
2459601 zr 5.860486214115631 4.624117453054749
2459636 zr 3.1781206818331147 -1.2668107866988754
2459641 zr 2.89845482549113 -0.8396708545346363
2459670 zr 2.592870615560373 1.1826183937974348
2459673 zr 3.222332744555815 -0.26122553480172184
2459675 zr 3.277286754317193 -2.5563187380201056
2459677 zr 3.6852922450602197 -1.6086239618447107
2459682 zr 5.39216523851392 -3.5856392328109603
2459687 zr 8.592621552111032 4.7264490510689345
2459690 zr 3.686927676084405 -8.88005413479866
2459696 zr 2.9145166182862448 -0.5360744899020512
2459699 zr 2.9504331954041425 -3.5486532097082444
2459702 zr 3.0386857250785555 -1.2171606640570598
2459709 zr 4.70593435230192 -4.282836252171759
2459709 zr 3.9717124525920515 -0.33516980789104545
2459714 zr 9.713125852275878 -14.960150369783076
2459717 zr 4.285030727820653 -2.8566066368656555
2459719 zr 2.850385847382075 1.9281979459192207
2459719 zr 2.866061633946313 0.17497201517151725
2459724 zr 2.989174160059943 -4.448884842495494
2459726 zr 3.0942443416017196 -5.371465308633392
2459730 zr 3.144497250600617 -0.4421047969633168
2459730 zr 2.7961890841475006 -3.8858712868817764
2459732 zr 3.0099175929806647 -7.460580394149771
2459734 zr 3.439314837396253 -7.051650038162974
2459736 zr 2.936070881668917 0.00040406048793446836
2459738 zr 5.365799311019722 -0.8260797370583782
2459742 zr 9.678698100416755 -16.878125827867834
2459747 zr 2.4935372985512587 0.2887401719571019
2459751 zr 4.492932795109602 2.349993146457623
2459753 zr 3.4983218339205324 0.8127103265459705
2459756 zr 3.0330934114088253 -1.440755739776629
2459761 zr 3.202475276771313 3.0396159368617965
2459765 zr 3.547434968419039 3.820426575417831
2459914 zr 4.2596880793138725 5.419513901448322
2459915 zr 4.504568331937154 -0.33002620938812866
2459924 zr 4.970674052296858 1.1836677754573273
2459937 zr 3.39156220469592 -3.4992018800543967
2459972 zr 4.1665615190320535 3.502813591733466
2459996 zr 3.1000620348545556 -3.5784770337613443
2460016 zr 6.7235769581985325 3.028441069990787
2460021 zr 3.5448657051441237 0.03313994759209604
2460046 zr 2.974175117848663 0.9417331691244861
2460055 zr 3.3812096908963203 -9.875551463355556
2460057 zr 2.50247630090698 -4.22863061418923
2460059 zr 3.6000229764375153 -6.691294604913049
2460061 zr 3.2251848080530863 -2.2741290442756688
2460063 zr 3.6029626547801987 3.1822798060396873
