jd filt fluxerr adjflux
2458207 zg 10.610318650356826 1.840540586536028
2458207 zg 10.167765798190137 -4.333996971991626
2458230 zg 3.2483560267132634 1.4506713284659487
2458243 zg 2.830479151103102 -1.5302304296058618
2458246 zg 3.1598293068245096 -0.4971869508511299
2458267 zg 9.077883418844175 12.037850113930457
2458270 zg 6.505518300736996 -7.1971950770071125
2458273 zg 2.8696120256194857 -3.188623134869888
2458279 zg 2.7622672419326717 -3.1736994759343835
2458283 zg 2.714408939423598 4.516874639060266
2458286 zg 3.281433615616823 -7.2896172512860495
2458289 zg 4.715355522648285 0.8826830688713023
2458293 zg 7.635446269415913 -9.493728087742408
2458299 zg 6.46180637703109 8.711961615228201
2458302 zg 3.4243712799290713 -1.0414044676776162
2458305 zg 4.296212809523994 1.5684199164698642
2458472 zg 7.776651805031516 -11.290954321159845
2458487 zg 2.925903242901472 1.1476527914033943
2458495 zg 2.602806829527322 1.0103410418062075
2458503 zg 8.225966713907463 2.1491085603970044
2458511 zg 4.93790995729908 -5.022333685069911
2458547 zg 3.0805139772283288 0.36999914178782556
2458561 zg 10.50560775314441 -9.88530143129203
2458568 zg 3.1247542600667617 0.3346906623748605
2458573 zg 3.1320103147195364 0.0847050382729618
2458581 zg 3.4353419544966495 -2.654508642627514
2458584 zg 3.865110551187031 0.3257631617074987
2458587 zg 4.943104444108134 3.203968629992051
2458600 zg 2.909532305422493 -2.3106553582530642
2458617 zg 7.210688451711408 -9.5684996084942
2458634 zg 2.8674768925295653 -1.019690680112282
2458637 zg 2.9636245495685927 3.487966715503243
2458640 zg 2.6944819391682917 -2.077296952404632
2458643 zg 4.03800205816261 4.615908635628894
2458651 zg 10.407232771483852 1.393361271320859
2458654 zg 5.768935572246371 -6.370390539945787
2458658 zg 2.8435440492519626 -1.063637699272314
2458662 zg 3.6425408395686225 -5.734279310638004
2458667 zg 3.3531417049943366 -2.136557032517069
2458672 zg 6.641189375955952 -0.44156539334993683
2458676 zg 8.225966713907463 10.15536395013525
2458836 zg 9.204503775203703 -15.231151003977304
2458857 zg 3.3010485159433367 -5.496358119169621
2458873 zg 3.2300992640191106 0.204247747224414
2458877 zg 2.550597546634542 -0.1296669657660407
2458894 zg 4.773091796958651 -6.266629888058117
2458898 zg 2.285141884798985 -2.5422657508280566
2458937 zg 2.474240649109979 -2.954743820049386
2458940 zg 32.67894008281318 -1.0817209865173751
2458955 zg 2.8330873196644846 -2.0698388827975163
2458963 zg 2.801947284630268 1.0097254780053266
2458963 zg 2.6697787802645516 -1.5103387747299226
2458966 zg 5.49482594990521 12.73535491877217
2458972 zg 5.263467349809911 5.439876813154347
2458976 zg 10.358951060909176 14.378994328225785
2458980 zg 2.310094600196088 0.37660542556635224
2458986 zg 2.856669252230687 -0.06135850410562541
2458992 zg 2.5576548536413632 0.7986670658321634
2458995 zg 2.6355162183105825 -0.506660353150508
2458998 zg 3.33104765573258 -2.021060024340361
2459014 zg 2.5017386469913108 0.6843749399338681
2459017 zg 2.589853970093339 -2.617321933752775
2459020 zg 2.549618941469997 0.18405711374870873
2459023 zg 3.0410473595974863 5.083565378292365
2459026 zg 9.549044520745277 -10.947724668960582
2459033 zg 7.2239832719253165 -11.679762047259349
2459039 zg 4.768697640845288 2.736311809657843
2459043 zg 4.137625877205119 -4.093412624825287
2459190 zg 9.623752343204833 0.14095210489386317
2459204 zg 3.618141317598393 -2.058316609917356
2459217 zg 7.755767635806407 5.506876217344336
2459218 zg 5.95081959796712 -0.6535593776685114
2459227 zg 3.4720090297097728 -3.0046891788919567
2459231 zg 2.792966284401988 1.5743134984291423
2459251 zg 2.9965614191549914 0.6186535436449135
2459253 zg 3.4818048805134714 -7.6747429040260915
2459255 zg 2.3950422037602785 -2.085087984093852
2459258 zg 3.9027122893064443 9.05502050188359
2459264 zg 2.5449266928635415 0.8837211966091063
2459270 zg 7.112698918964622 3.1845494151524036
2459272 zg 11.784837924566245 6.604103462164205
2459292 zg 2.9315676922139273 2.7266136060043036
2459304 zg 10.267711635962318 1.2175821917218317
2459306 zg 3.7196634989174227 1.8375556708244498
2459307 zg 2.787826186035634 -1.3741015558421361
2459307 zg 2.5202402171568523 -1.0091193916348253
2459308 zg 2.731965916784574 2.27557249918432
2459309 zg 3.1291269546550375 -3.0751285340493517
2459313 zg 3.449696165717868 -1.3482369519344664
2459323 zg 4.073445595248065 -0.13828543548026845
2459325 zg 4.205005188135632 -1.4284369046527141
2459334 zg 2.8844677861231856 -0.22153165396737087
2459336 zg 2.5435597127720806 -7.358847352899045
2459338 zg 3.0861937233119248 3.1400771527883378
2459340 zg 2.820070465823941 -3.723396940684668
2459342 zg 2.7699102226870926 0.19455104782988789
2459344 zg 2.4576111609447766 -2.8181174409900462
2459346 zg 3.5333027057357147 -3.4999791769464164
2459348 zg 2.581320542625587 0.026791460842185092
2459366 zg 3.1181709906180854 0.6027725310636465
2459368 zg 2.7597242710441607 0.15891498732075832
2459370 zg 3.0466543384842453 1.6611730328497407
2459374 zg 3.077678025207881 -8.624268846406617
2459376 zg 3.2453655576210445 3.578583885136234
2459379 zg 3.3729963312761964 -2.1175170910210923
2459390 zg 8.756673432940307 9.621110190677662
2459392 zg 8.271356349198385 1.0758077168747935
2459394 zg 3.754952345586045 0.33246936019887624
2459399 zg 5.100347736669265 -9.956412854067652
2459401 zg 4.063362100464263 0.969486671708874
2459641 zg 2.517920058771376 9.541582207687355
2459673 zg 3.215611867345657 10.0047497427698
2459675 zg 2.8084435122508666 8.998951407912873
2459677 zg 4.0225703951329885 7.315827293965012
2459679 zg 3.8279524635819806 9.262889963962555
2459682 zg 8.19938379029959 13.934654812544299
2459694 zg 4.407277380390367 6.541409773880449
2459696 zg 2.904423622118658 6.204552907231601
2459699 zg 3.881204586884544 10.136826257282408
2459701 zg 3.0691858243696353 4.166830330938621
2459717 zg 6.7418134574098305 7.569482885173468
2459722 zg 2.820070465823941 1.773460684910443
2459724 zg 3.0693888225327575 4.811830206585993
2459730 zg 2.872499490194022 2.418952259012525
2459730 zg 2.903124715403045 5.557102738564191
2459734 zg 3.6593540441645596 1.8698193175847408
2459736 zg 3.9272226653098334 7.595911987652867
2459742 zg 14.029223276273875 4.743553578662748
2459747 zg 6.314717706244401 -7.436739621910567
2459749 zg 4.2509453874720435 9.658096439583973
2459751 zg 3.579157797870739 1.108373019981268
2459753 zg 4.140814597484314 12.63453197966309
2459756 zg 3.9369683213162117 2.877469302387194
2459758 zg 3.594312794436493 -0.8433267347567259
2459761 zg 4.59378202975174 0.774879326672754
2459763 zg 3.81667803510658 10.405063139161479
2459765 zg 4.680149871500628 7.778827620104154
2459769 zg 7.843697831140779 -0.8186311939967768
2459771 zg 9.766263257885637 -12.153960321902094
2459924 zg 8.313653425260505 -7.3259227939614115
2459937 zg 3.7203247032933064 3.153940127734674
2459951 zg 13.873996523822472 -6.981321542780206
2460032 zg 3.7506250768369 -0.3731089934298547
2460042 zg 9.75954975636551 -1.2180083690099737
2460044 zg 5.01186987676682 -6.5233888524441
2460046 zg 2.438046236744345 2.7255482327801968
2460050 zg 3.0835564776204234 3.6353807765751838
2460057 zg 3.130859817610091 -1.0785667417385751
2460059 zg 3.0466543384842453 0.15967812856209113
2460061 zg 3.580716795097908 -8.132007601425748
2460063 zg 4.930283960704537 -0.05314041055414537
2460065 zg 7.58508195610171 -8.411155262042026
2458198 zr 3.506145741306982 1.8374941278848815
2458217 zr 5.0643209790931065 -4.858651220657115
2458218 zr 4.269474598548186 -1.544354137468108
2458219 zr 7.735058859267294 -0.40380240039061477
2458224 zr 8.759625225102026 3.1282630054219243
2458230 zr 4.156720758541416 -0.21886092755465458
2458231 zr 4.2889486865006 0.49450279141854575
2458233 zr 6.156206380098855 -2.22909032450192
2458243 zr 3.937512192539516 4.751506511476126
2458256 zr 3.973945544282627 -1.2091042644436705
2458256 zr 4.051556611597479 4.998127635709067
2458279 zr 4.681385806295265 9.262900360503549
2458283 zr 3.766978903487131 2.545606899170207
2458286 zr 3.9194209673415075 3.2360837900834274
2458289 zr 6.266743765123178 3.910361886492885
2458293 zr 7.281539062358421 10.902281307941882
2458296 zr 7.142659714715819 -10.561686270746131
2458305 zr 5.366871829407134 -11.173235702038665
2458312 zr 5.300594843738693 -7.3190570190777775
2458450 zr 7.044658749468683 -7.313874340254652
2458450 zr 6.669076406691165 7.71954521032748
2458450 zr 8.244813685178276 5.182684774595463
2458450 zr 6.529430099377693 -10.524983291261988
2458450 zr 7.11639359754707 8.787064678654867
2458451 zr 5.654962964106955 -8.925989993905135
2458451 zr 6.066150357290659 4.194068034590823
2458451 zr 6.122279755470702 10.414694177277381
2458451 zr 7.8172123101727955 14.109776331303573
2458475 zr 7.849890934970115 8.065105409060445
2458477 zr 6.0271662455794095 -3.0871862549092532
2458488 zr 3.7462192227113333 -1.8610685368278015
2458503 zr 6.24369870451889 5.4030340298458945
2458524 zr 3.879912322436835 -1.8249802563798363
2458539 zr 5.153724793060117 4.966212886370787
2458543 zr 4.214546504413151 0.8424853769206235
2458561 zr 7.242690497241912 -3.6069821618502833
2458568 zr 6.099765940754631 0.7535715725327211
2458573 zr 4.723408751239501 -0.44479982026668424
2458584 zr 4.389089471744523 4.732304071730595
2458593 zr 9.556212216951478 -3.2110441410604946
2458596 zr 4.474808290647948 0.005723189115801817
2458606 zr 3.952045278039209 1.4020027053317954
2458617 zr 5.960918316423941 9.936115332221144
2458634 zr 4.066510627169754 -0.07857134358310384
2458637 zr 3.694819168037485 2.9481903681901516
2458640 zr 3.617372127923647 5.3155196794343675
2458643 zr 4.684416800537678 -6.265335294147155
2458648 zr 9.914841722674407 -1.8995456709873637
2458651 zr 9.591483536102027 -8.296560044982995
2458654 zr 5.813394092403548 0.6840232337023399
2458658 zr 4.5203746841845565 -8.630427385869929
2458667 zr 4.261385760283761 -0.6105463154034291
2458672 zr 6.005002197294157 2.4347630535314058
2458679 zr 8.032738383923116 1.682055621668562
2458812 zr 9.780519431862157 -11.563164630419374
2458812 zr 8.249276656676015 10.041071389514684
2458854 zr 6.718397459961915 6.459068712398716
2458877 zr 3.9194209673415075 -1.735408185074955
2458884 zr 4.806794215752748 1.7315685846673023
2458887 zr 5.158473735646033 14.392264034071765
2458895 zr 4.516213181976311 4.323231516590743
2458898 zr 3.135055844200494 2.6586865517624636
2458901 zr 3.454856112377594 3.639928789601382
2458904 zr 4.029228633645703 -3.703635146731885
2458908 zr 3.698223789898167 2.8465482287718613
2458914 zr 4.372949218262815 -12.38509406644693
2458940 zr 7.269422767542887 9.785470213329155
2458941 zr 4.797947923825149 -2.925291728433995
2458955 zr 4.312715903607314 -2.9961228358637046
2458972 zr 6.249452012633345 -2.762377962426581
2458976 zr 8.508478528998532 -3.4600981909771953
2458980 zr 3.1962834144952352 2.167937050158637
2458986 zr 3.4996931270746727 1.7722547287653445
2458992 zr 3.4580396182843076 -0.6543964596579142
2458998 zr 4.316689891555462 0.19471551531872616
2459009 zr 5.11130650419727 -0.5843148289964817
2459017 zr 3.7152940153149068 -3.731911225629796
2459020 zr 3.9014128637729097 -3.4453619592550253
2459033 zr 6.852672241001775 -7.585088054321263
2459039 zr 4.103466103640233 -2.0482883398478244
2459174 zr 12.603698596920022 3.600586460266532
2459174 zr 12.74888210577202 15.260820397545944
2459184 zr 10.659936199806822 -7.886232726209732
2459184 zr 9.368833601075355 14.284731659689768
2459184 zr 8.573733366059548 19.756266556855042
2459184 zr 8.769332475152654 1.1547177937552628
2459185 zr 10.738771596061412 14.59937518720175
2459185 zr 8.336444169597227 4.060658345608448
2459185 zr 7.964710106282937 3.4862343769730826
2459185 zr 8.086877155774475 0.8325274296874747
2459185 zr 7.69951949204759 -10.05919921874867
2459186 zr 6.589700752128594 1.4275720488789496
2459186 zr 6.948002407873376 3.793730436515685
2459186 zr 7.002702770110018 -3.690821825805068
2459186 zr 9.403805825330055 7.4865092883215185
2459201 zr 7.031098525381808 -0.6752221026134081
2459205 zr 3.9849411455962938 8.85511458880443
2459217 zr 7.366541210758362 -4.818083379382965
2459218 zr 4.994835890331294 3.174956328763317
2459232 zr 3.5126102526482423 -3.404597873232745
2459251 zr 4.230102104420466 -6.426124938846974
2459253 zr 3.4453231684720764 1.1672881574949288
2459255 zr 3.4389824904306883 -3.192832792656257
2459262 zr 3.6812319950429404 0.11497042121593526
2459265 zr 3.7427704157744968 1.3413222297403082
2459268 zr 4.48305878879583 -4.209862954474341
2459270 zr 6.284083362560615 4.921897068645226
2459278 zr 5.061223663481372 5.232701828769451
2459290 zr 3.694819168037485 -5.176083378435399
2459304 zr 9.403805825330055 14.185445828237844
2459305 zr 6.5656129483923085 3.3970123406662007
2459307 zr 3.554620064559738 2.2349090447663915
2459307 zr 3.4231818011517547 2.6274559333107987
2459308 zr 3.5190866830339447 2.3293044832610925
2459309 zr 3.6812319950429404 4.941758704764393
2459310 zr 5.504585347519644 4.373928586957608
2459311 zr 6.699859464735041 -4.506762890613774
2459317 zr 3.3545167488619576 -3.9882889673900466
2459321 zr 3.708456490348968 5.245134700428371
2459323 zr 3.58420786091148 1.9123412378717946
2459325 zr 5.036411694341111 -6.982241292702153
2459334 zr 4.65431239871804 1.7636737377218576
2459338 zr 4.014411717312277 -9.226736771102434
2459340 zr 3.1962834144952352 -7.054365660867644
2459342 zr 3.660944862293663 0.571648471480404
2459344 zr 3.654207360014777 -10.443744836974375
2459346 zr 3.694819168037485 -2.8763367025767104
2459362 zr 4.845425545366738 -2.32633457653969
2459364 zr 4.269242757285415 5.931559550632084
2459366 zr 3.770450017536369 2.2434917749050736
2459368 zr 3.4358165287067446 -0.15863277916187196
2459370 zr 3.7152940153149068 -2.867047045248603
2459376 zr 4.152894039779298 2.863836137172706
2459386 zr 8.830188472207118 7.514437778421481
2459390 zr 9.684685578732305 -8.206106098045192
2459392 zr 3.923032550398695 2.745768369186396
2459396 zr 4.168222084798614 2.6211175669095583
2459399 zr 4.650027592108347 -4.570776241957998
2459541 zr 8.625900211359319 21.397413374049044
2459551 zr 4.152894039779298 14.03191628260797
2459551 zr 4.32863384008554 13.21869443936272
2459551 zr 4.1836067045732355 17.867851197650364
2459551 zr 4.141435008016748 14.766110134331095
2459551 zr 4.27340874143604 14.046694243604998
2459601 zr 6.736986748394095 4.28234648573593
2459636 zr 3.8834874999244913 6.500959365917743
2459641 zr 3.664318270393498 4.057376839136732
2459670 zr 3.4326534815988583 4.814113593716762
2459673 zr 3.9338872793787516 2.984485990122325
2459675 zr 4.269242757285415 9.891987538754144
2459677 zr 4.381011912144362 5.744026641095236
2459682 zr 5.8834188141127495 -1.8507348352001731
2459687 zr 9.851123998162095 6.650016830731509
2459690 zr 4.316689891555462 1.8291525566768723
2459696 zr 3.684624096890023 0.013843524550985808
2459699 zr 3.694819168037485 3.6285370968972828
2459702 zr 3.718717503893956 7.456004312115189
2459709 zr 5.409095009145783 -3.2551746066950074
2459709 zr 4.425623189301095 5.351160088205152
2459714 zr 9.633110365220572 1.505546996023082
2459717 zr 5.441532453625337 2.0830932773110167
2459719 zr 3.4772023512472985 -0.9218214309792236
2459719 zr 3.819635416807419 2.688891737131812
2459724 zr 3.8372660528313225 -2.7878703692801556
2459726 zr 3.995967170892089 4.902572152745935
2459730 zr 3.8514291367543625 -5.750467014579517
2459730 zr 3.887065971789169 -2.4231265972824865
2459732 zr 3.545112035147794 2.208189612775209
2459734 zr 4.226207830056396 -4.591979177757276
2459736 zr 3.6914176805057957 8.69146490803418
2459738 zr 5.906268288809273 2.014487789565534
2459742 zr 10.30589671459941 11.320433799556902
2459747 zr 3.2617095203162245 -1.4887800764437151
2459751 zr 5.352063082983642 -1.1395097510312944
2459753 zr 4.257693887418652 0.9803868723237625
2459756 zr 3.756584722828909 3.9202711392573697
2459761 zr 4.152894039779298 -2.5987757308438124
2459765 zr 4.249627368590675 1.8022280108460615
2459904 zr 8.124204484732688 4.8852109523229
2459904 zr 9.934619070643523 17.444345926305775
2459905 zr 6.641404931074957 -4.048853760504537
2459905 zr 8.71326346270079 5.2476593450392555
2459914 zr 4.9491649045783195 1.7329648621102716
2459914 zr 5.711163715347123 0.018772720964666784
2459914 zr 4.858832464736461 -0.29702337690262903
2459914 zr 5.148980222398287 -0.7146671075293478
2459914 zr 5.777143705131544 0.4915814035085378
2459915 zr 5.499517771117342 -4.195775845111788
2459924 zr 6.192156692191512 14.211121924708017
2459937 zr 4.210666550690228 2.029290343874888
2459972 zr 4.818722585216994 2.567191461682804
2459996 zr 3.9411404459066506 3.988703764183499
2460016 zr 7.400543620064374 8.922732046764997
2460021 zr 4.401233744337969 -2.910205514247883
2460046 zr 3.664318270393498 8.43274220667378
2460055 zr 4.397181924472197 7.476533584254615
2460057 zr 3.4772023512472985 5.568598452068078
2460061 zr 3.923032550398695 -5.9385079340925016
2460063 zr 4.0890452033578155 1.24773454518394
