jd filt fluxerr adjflux
2458207 zg 10.326449360931473 -15.019422643161818
2458207 zg 9.953520875696178 -16.212292044125405
2458230 zg 3.1380187187724005 1.8096986694879433
2458243 zg 2.951035500614749 0.49328343877701286
2458246 zg 3.2190811472305327 -2.755629433539241
2458267 zg 9.067020934029218 1.4796849567962624
2458270 zg 6.2994647923300615 7.3436149601697025
2458273 zg 3.114981917315568 0.49328343877701286
2458279 zg 2.860055323862236 -4.994520550972794
2458283 zg 2.865328595837185 -4.676443756487345
2458286 zg 3.3092678843446572 2.1403208501512268
2458289 zg 4.856237595838244 4.304274107339978
2458293 zg 7.418471673296632 1.4796849567962624
2458299 zg 6.276037437544801 1.8096986694879433
2458302 zg 3.606821167418026 0.49328343877701286
2458305 zg 4.3738682102476005 -1.6253112319446075
2458472 zg 8.10587284680224 9.742630014824783
2458487 zg 3.1438044901274242 2.1403208501512268
2458495 zg 2.666993219775749 3.468916721021145
2458503 zg 8.771313193164701 -4.357780502909918
2458511 zg 4.856237595838244 4.304274107339978
2458547 zg 2.953754756827327 0.6573053787775791
2458561 zg 10.564425005087045 -3.7186902913155677
2458568 zg 3.2728938844538584 0.1656924204857546
2458573 zg 3.109249190231165 0.1656924204857546
2458581 zg 3.502068283801004 -4.676443756487345
2458584 zg 3.9979921551587063 -3.878683645873906
2458587 zg 5.046882382885549 5.143487328161939
2458600 zg 2.9893339471516747 2.8033951049511527
2458617 zg 7.349533276911052 -4.03852970893087
2458634 zg 2.907866298034037 -2.110625784169132
2458637 zg 3.060945026517436 -2.594601206684919
2458640 zg 2.833834179043325 -6.576145276115764
2458643 zg 4.123947906420054 9.054037887219833
2458651 zg 10.559738884304675 13.575572352528463
2458654 zg 6.150147413627058 -1.7872264430341058
2458658 zg 2.926674570443482 -0.9761186652443216
2458662 zg 4.022658551479783 4.471859818261939
2458667 zg 3.4428747507172073 0.49348316563975697
2458672 zg 6.879579920877932 9.22666727100274
2458676 zg 7.81444266300128 -4.3558641085788885
2458836 zg 9.144373166620401 151.43131525208113
2458857 zg 3.245875998914861 149.979697078343
2458873 zg 3.3614079561640597 140.783101599285
2458877 zg 2.615904660451229 142.8571888114265
2458894 zg 4.780792856124497 137.54295362189032
2458898 zg 2.3899740639244507 129.99552147715178
2458937 zg 2.5516547471024587 115.93286007569208
2458940 zg 32.819911927071765 97.35774604574773
2458955 zg 2.8104407510285725 106.25660847898388
2458963 zg 2.7640815387521775 110.67869594319858
2458963 zg 2.7437898823519817 109.38273206036301
2458966 zg 5.589601489587493 111.68496412172492
2458972 zg 5.345274014007791 97.11894222933009
2458976 zg 11.016742011987796 129.4175947973678
2458980 zg 2.4411428158952453 105.53292797472172
2458986 zg 2.792227823236662 105.35519577840427
2458992 zg 2.5446139961191596 97.91638071121655
2458995 zg 2.657185730801489 104.67586211323245
2458998 zg 3.3614079561640597 97.28183512715927
2459014 zg 2.831071581550386 99.77697251887535
2459017 zg 2.61349643242113 95.48762941743396
2459020 zg 2.681333599516328 88.56926706181855
2459023 zg 2.9293713790742943 93.20511780008049
2459026 zg 9.908566801456264 73.91179133988986
2459033 zg 7.897951140591683 104.41118441862758
2459039 zg 4.459289758255516 91.61528742552312
2459043 zg 4.306012407797696 91.0880348488928
2459190 zg 9.515503294368413 50.12061641675261
2459204 zg 3.631029396669017 49.869724344801966
2459217 zg 7.379038680129706 46.8785146860625
2459218 zg 6.100515514935251 46.097371300427966
2459227 zg 3.6477894668587343 47.0910623911767
2459231 zg 3.04407627220507 48.24734531469338
2459251 zg 2.9755992052676015 50.895473779998454
2459253 zg 3.5279677766018294 45.24273380315657
2459255 zg 2.56107272850595 44.64435689238154
2459258 zg 4.161743183822169 44.23041038173296
2459264 zg 2.6547394990045734 49.76920386885777
2459270 zg 7.177313565188073 63.63589592207136
2459272 zg 11.728210818385207 77.30431984617067
2459292 zg 2.9865819363801447 46.135566320380505
2459304 zg 10.554699289618984 38.14926698044905
2459306 zg 3.9347140008196653 42.281075002601426
2459307 zg 2.7488487880909904 39.71922390205638
2459307 zg 2.7186346655079205 37.78954350303051
2459308 zg 2.7336999845527226 38.63249544351138
2459309 zg 3.083582198969118 40.129101238725326
2459313 zg 3.6268083736116865 42.43767557803463
2459323 zg 3.9979921551587063 35.92237962572307
2459325 zg 4.373964731834143 44.717116573133666
2459334 zg 3.021729120391502 33.73059668634899
2459336 zg 2.708637272447711 33.8285891648421
2459338 zg 3.0779072590631262 36.501345323067426
2459340 zg 3.0384740379206168 34.03010689478337
2459342 zg 2.792227823236662 38.51364792971831
2459344 zg 2.587151800556226 35.52778298691469
2459346 zg 3.567176594257163 35.79939226533806
2459348 zg 2.7691778575517465 36.39905508906251
2459366 zg 3.0779072590631262 33.561961891959946
2459368 zg 2.926674570443482 34.0100678754333
2459370 zg 2.9646568615896896 36.101188848855195
2459374 zg 3.0412738651008158 30.671172069812414
2459376 zg 3.3062213391862243 36.168283029436694
2459379 zg 3.4779330986058317 36.20654390386854
2459390 zg 8.612024815595392 35.154704331261534
2459392 zg 8.233790011482633 45.3587517531139
2459394 zg 4.151852704377326 35.27789724519957
2459399 zg 5.355695398209521 30.711545871364336
2459401 zg 4.027559245417679 29.235038582442872
2459641 zg 2.3943806161848205 11.803853438683046
2459673 zg 3.2488669383574633 13.461444985956332
2459675 zg 2.9976052039945262 17.818976303763954
2459677 zg 4.023851434038166 11.678088313588194
2459679 zg 3.820438127782914 9.674795828586966
2459682 zg 8.17227864950927 21.57202015213477
2459694 zg 4.48562727314125 -1.4215208353221271
2459696 zg 2.8838617315626975 10.110385205006725
2459699 zg 3.923856990676843 13.554063334565475
2459701 zg 3.1351298273109522 15.119116647585244
2459717 zg 6.980948637978454 3.7940655226252833
2459722 zg 3.08642359143959 11.54897169873045
2459724 zg 3.257856303002055 11.964475111815778
2459730 zg 2.852163606788579 6.929561240536943
2459730 zg 2.738740286884022 9.805498501541992
2459734 zg 3.8310089858957133 8.060560976950185
2459736 zg 3.9339584166374197 20.38559669895109
2459742 zg 14.338038964908355 3.6817922707952935
2459747 zg 6.583934862206063 22.41750397877683
2459749 zg 4.169416463256708 8.3448085469131
2459751 zg 3.657882619421292 6.840411245648182
2459753 zg 4.098660417520485 12.102530450741371
2459756 zg 4.223527019864702 10.37122789807598
2459758 zg 3.570463598806347 10.143088762797335
2459761 zg 4.442891353185415 12.496437911064934
2459763 zg 3.8021545400641577 13.256257930869406
2459765 zg 4.982223245252791 14.02025487019913
2459769 zg 7.623780512197926 26.077768956130832
2459771 zg 9.879931660498494 15.32994206827824
2459924 zg 8.208656925437857 4.356705491508726
2459937 zg 3.877155064045383 4.741653266672811
2459951 zg 13.746154314706207 6.748535251374924
2460032 zg 3.985778596202233 8.02275622003911
2460042 zg 10.37838846780363 21.841828916745204
2460044 zg 4.966650759913535 1.4843995836860264
2460046 zg 2.558714979301572 1.1354486740376668
2460050 zg 3.0665886920404497 2.6848922849280052
2460057 zg 3.3062213391862243 6.833492013958466
2460059 zg 3.293982015479378 -2.3739324017611967
2460061 zg 3.5902493294660647 4.478626762708305
2460063 zg 5.271934105093478 -9.192683401846871
2460065 zg 7.516225251698367 0.869770531474594
2458198 zr 3.653439575730218 -0.05177329153508481
2458217 zr 5.114815406022305 -0.05177329153508481
2458218 zr 4.112393027122491 9.187791849250743
2458219 zr 8.098969528034042 -14.39961183472974
2458224 zr 8.449475771216168 2.146358522513367
2458230 zr 4.0410536297120805 2.146358522513367
2458231 zr 4.3881672816255906 0.31373896481443353
2458233 zr 5.582043132922329 7.322819844168464
2458243 zr 3.9490680188332274 -6.932924027301567
2458256 zr 4.052234913930571 3.249988076304817
2458256 zr 4.2922318710344864 -8.36630675161041
2458279 zr 4.7450990374653275 -0.41694905363988255
2458283 zr 3.7316588109565014 8.44077226783179
2458286 zr 4.343933568442771 -3.6884396913084743
2458289 zr 6.153905888627259 -3.6884396913084743
2458293 zr 7.644009597655953 -1.5104604708641887
2458296 zr 7.490679640552842 -9.437883599476493
2458305 zr 5.439928455329649 -2.9637835351583703
2458312 zr 5.67050727027709 -11.926745050430952
2458450 zr 6.947931529240519 0.31373896481443353
2458450 zr 7.21991233925313 -4.77292412282867
2458450 zr 7.985913646569723 -2.6009545748752885
2458450 zr 6.947931529240519 0.31373896481443353
2458450 zr 7.4017076008219345 5.096160744107522
2458451 zr 5.55639597440078 5.466416607100598
2458451 zr 6.222298626071073 0.679588025471844
2458451 zr 6.735571242364728 9.561817979766033
2458451 zr 8.325872672848645 -3.6884396913084743
2458475 zr 7.7503483637438295 3.9874370677507045
2458477 zr 6.450218611556806 -7.650275486408475
2458488 zr 3.6703030866065753 1.7791591382443244
2458503 zr 6.239515247231179 1.7791591382443244
2458524 zr 3.636653545648332 -1.8742933509413433
2458539 zr 5.0399933639358725 -5.854416149190513
2458543 zr 4.40436370392789 1.7791591382443244
2458561 zr 7.539129854136162 -6.932924027301567
2458568 zr 6.153905888627259 -3.6884396913084743
2458573 zr 5.0539386374771915 -4.77292412282867
2458584 zr 4.308074202363521 -6.932924027301566
2458593 zr 8.695872644335779 -3.3262784714674796
2458596 zr 4.851156454243451 8.440772267831875
2458606 zr 3.985608295320565 -3.326278471462589
2458617 zr 6.485962509964628 -5.494250786059942
2458634 zr 3.974610853148505 -4.411762100842174
2458637 zr 3.6433586828059474 -1.1462920494396738
2458640 zr 3.963643756089495 -5.4942500625682955
2458643 zr 4.654202565783773 -8.008454190865752
2458648 zr 10.310166839253196 17.878162027456735
2458651 zr 9.810141619448208 12.943618873083619
2458654 zr 5.55128070061645 5.09620270640834
2458658 zr 4.085964735747035 6.5793548419887
2458667 zr 4.392210794873698 0.68076184893341
2458672 zr 5.877896188672118 2.15013584845577
2458679 zr 8.224786054244982 9.205258027451205
2458812 zr 9.467644398540363 117.18622473201061
2458812 zr 8.34122363150546 99.76680452420398
2458854 zr 6.485962509964628 85.58828407765043
2458877 zr 3.6500761826656367 84.85653007080363
2458884 zr 4.753847888427723 83.89390023954627
2458887 zr 4.891536305431965 94.67800977677749
2458895 zr 4.351942764263719 78.02312851272538
2458898 zr 3.2399957339587746 74.43931687870534
2458901 zr 3.6703030866065753 81.38564616843453
2458904 zr 4.372030419367137 77.778830939195
2458908 zr 3.6838499217550646 81.2756895348832
2458914 zr 3.985608295320565 73.36947191732783
2458940 zr 7.306879151460436 71.13789743876615
2458941 zr 4.771394012588547 72.76513996269792
2458955 zr 4.380091419198764 67.7778151836142
2458972 zr 6.326315550645307 72.27538193525261
2458976 zr 9.657734829947538 70.79160251581172
2458980 zr 3.3154649295795577 66.73060115051112
2458986 zr 3.6033125055359045 56.904332806641875
2458992 zr 3.2549508747696287 57.28472984387853
2458998 zr 4.0671914330699 65.01578570923274
2459009 zr 5.54617013600441 63.1451766972188
2459017 zr 3.6433586828059474 55.948754154791686
2459020 zr 3.6804585326213504 59.48813417753188
2459033 zr 7.587893446919874 50.12484069524565
2459039 zr 4.044777292197899 56.12092068584294
2459174 zr 13.743699565694572 42.98985751360355
2459174 zr 13.222197898103753 27.68679693670917
2459184 zr 11.392608769860228 50.975470701120635
2459184 zr 9.016582019552903 30.24839210370346
2459184 zr 8.841239812212155 38.63213372620073
2459184 zr 9.359987675880905 29.527729500705398
2459185 zr 10.643878951159069 37.06006838906461
2459185 zr 8.638329484563151 46.342281424804696
2459185 zr 7.786122346375355 41.11792289625839
2459185 zr 8.600291482075741 27.63063376441181
2459185 zr 8.209649384104303 43.721681518652076
2459186 zr 6.6126332122561315 37.32632103471558
2459186 zr 6.884232510099158 31.853684040734713
2459186 zr 7.077103220474063 42.875089992916564
2459186 zr 9.38588604102907 30.407038389373547
2459201 zr 7.308959070695312 54.64426340068371
2459205 zr 3.927304851708241 24.23490148462224
2459217 zr 7.422187555796659 38.39781097233425
2459218 zr 4.828867414973769 38.67698876743152
2459232 zr 3.3185199923212596 34.454193630087424
2459251 zr 4.3479363221678895 25.87551872986355
2459253 zr 3.257950176332078 25.346490552804074
2459255 zr 3.6568060680213255 29.182755774576243
2459262 zr 3.6838499217550646 31.545738473466564
2459265 zr 3.7350973790126374 36.86767291391585
2459268 zr 4.833317015026062 34.76430320566382
2459270 zr 6.462111303545281 20.721590664323013
2459278 zr 5.480159363595327 26.976037319417703
2459290 zr 3.6568060680213255 26.42802192152114
2459304 zr 9.363580264612798 35.023640518189296
2459305 zr 7.122878394294959 35.32657533645319
2459307 zr 4.0410536297120805 27.019083051752556
2459307 zr 3.707677307797788 30.709738174677295
2459308 zr 3.704263982933853 30.26797459117162
2459309 zr 4.055968879503761 28.3491378307763
2459310 zr 5.691436720893602 14.153331524407417
2459311 zr 7.186739855295706 18.015525297662027
2459317 zr 3.288095618157196 24.118379289434458
2459321 zr 3.5966810682619985 17.68046230455836
2459323 zr 4.007694551086542 22.61187907054646
2459325 zr 5.030717898706994 17.048658330973787
2459334 zr 4.428770493567902 27.008461538259468
2459338 zr 4.12377170196024 33.06958397561077
2459340 zr 3.3032727779459172 24.40778936493705
2459342 zr 3.981939104405873 18.810884429807338
2459344 zr 3.297193525538057 23.41653110634578
2459346 zr 3.6500761826656367 21.825975304151534
2459362 zr 4.363984254777998 19.371919897972433
2459364 zr 4.108607116913901 29.93891669830635
2459366 zr 3.7282234084805634 29.07187197916421
2459368 zr 3.6132825937713684 16.472308520156698
2459370 zr 4.0671914330699 25.490979251343813
2459376 zr 4.490380828243152 29.972615810779185
2459386 zr 9.016582019552903 14.700506962541628
2459390 zr 9.937457330917589 37.86841965412252
2459392 zr 4.055968879503761 23.114727546836182
2459396 zr 4.052234913930571 22.523996529349233
2459399 zr 4.882534056492216 30.170411523344264
2459541 zr 9.022214968832875 24.15851305094928
2459551 zr 4.457416075360402 18.94128381164878
2459551 zr 4.445116779520624 17.828467912792256
2459551 zr 4.296186983800407 4.353595314402947
2459551 zr 4.01878353330324 12.310278014156575
2459551 zr 4.441024560493161 17.45821204979918
2459601 zr 6.503908668788462 6.300241190542019
2459636 zr 3.963643756089495 4.195593855138993
2459641 zr 3.6132825937713684 5.140249144204702
2459670 zr 3.3154649295795577 12.040361463845363
2459673 zr 4.055968879503761 12.333678043047037
2459675 zr 4.085964735747035 15.244567143769697
2459677 zr 4.416550239145621 11.49759125462095
2459682 zr 5.94322143381387 15.072495287823495
2459687 zr 9.78307261086393 20.18567381245707
2459690 zr 4.408422141504088 10.447147760621418
2459696 zr 3.687244435912511 11.777844735755425
2459699 zr 3.6940428508195438 12.446136577180276
2459702 zr 4.0671914330699 12.746472095448086
2459709 zr 5.520687798932025 10.742737412528061
2459709 zr 4.49866003850208 18.171869239755825
2459714 zr 9.94661428364781 26.391720474958007
2459717 zr 5.326353233328088 24.036352533969527
2459719 zr 3.636653545648332 5.764625208413492
2459719 zr 3.941800262618048 -0.011356927053639332
2459724 zr 3.6974467573362735 12.256504432136088
2459726 zr 4.0671914330699 12.21347449990397
2459730 zr 3.6500761826656367 6.9849560883456405
2459730 zr 3.6669241688249925 8.814202943393283
2459732 zr 4.104824692052151 15.800380924428158
2459734 zr 4.416550239145621 10.19932654436504
2459736 zr 3.704263982933853 12.74215599244448
2459738 zr 5.717707199180001 -1.489664225769097
2459742 zr 10.505656184192041 -9.354835292045102
2459747 zr 3.6333056059711586 4.8122030782431935
2459751 zr 5.124245927352648 7.649241444925585
2459753 zr 4.4533125334779955 13.137779110668543
2459756 zr 3.996636166568274 4.632722235375446
2459761 zr 4.173444227378648 21.986530088308832
2459765 zr 4.469749402404672 14.390729432463221
2459904 zr 8.833100478291241 7.377691621331814
2459904 zr 9.337743447531594 13.310028992655667
2459905 zr 6.967155920767485 5.895352892280016
2459905 zr 8.20209149865724 12.550833274099887
2459914 zr 5.0399933639358725 -1.4854920015677209
2459914 zr 5.51560539845168 6.882820413331885
2459914 zr 4.753847888427723 4.6826631124372255
2459914 zr 4.8244219112678275 10.576876321124061
2459914 zr 5.802590352351626 1.4051406124644217
2459915 zr 5.490263493592122 5.036011683358475
2459924 zr 6.031452495273537 16.81197765427895
2459937 zr 4.441024560493161 9.186443943348259
2459972 zr 4.688622650167509 -1.433772575523661
2459996 zr 3.6433586828059474 2.307800194906224
2460016 zr 7.186739855295706 -3.3120373101452896
2460021 zr 4.684306257196676 -2.2789319301650206
2460046 zr 4.029903197879848 4.038825273030092
2460055 zr 4.276447797630036 -6.877565322167214
2460057 zr 3.6299607484407836 0.29923083091077274
2460061 zr 4.004005027343594 1.3566747487190551
2460063 zr 4.0485043858834855 5.732524314081107
