jd filt fluxerr adjflux
2458207 zg 10.210799786458805 2.3246715483706004
2458207 zg 10.746621008636053 8.285285241474377
2458230 zg 3.661186999826176 5.988125000010485
2458243 zg 3.460932968936687 -6.33506977592189
2458246 zg 3.7361294179467737 1.6972269332221044
2458267 zg 10.412215937796745 -2.807623106708015
2458270 zg 6.526193709137595 9.493824754861715
2458273 zg 3.496175201323711 -5.365257772029539
2458279 zg 3.31459113601174 -1.272359344620226
2458283 zg 3.5058488488883572 -0.7485487702636962
2458286 zg 3.9586841324062694 -3.23954430410584
2458289 zg 5.36574173094133 -4.748166135141006
2458293 zg 7.610346482588523 3.9278098900858627
2458299 zg 6.264201123733853 2.3443274889331445
2458302 zg 4.210895210971621 -4.998790806352605
2458305 zg 4.84084551913533 6.748089073752176
2458472 zg 9.099225535935988 -2.874427021148141
2458487 zg 3.7915947355303876 -6.541569395420706
2458495 zg 3.2183254872889324 0.39310052865020906
2458503 zg 9.322904152853692 -11.835100761880733
2458511 zg 5.170405557960832 -0.19028867030202762
2458547 zg 3.6984683930858284 -1.4779513365429908
2458561 zg 11.753786520894849 18.482289573576598
2458573 zg 3.976956588139865 1.504083036488412
2458581 zg 3.929622667653693 -0.13356792289518285
2458584 zg 4.730770986020724 1.1218315047538594
2458587 zg 5.440386633923833 -6.374269903030448
2458600 zg 3.6713172223307993 -1.3954664889407784
2458617 zg 7.537301169593301 -8.989010178457294
2458634 zg 3.4993967810486932 3.574378568767191
2458637 zg 3.9879605207800166 10.443920889084161
2458640 zg 3.6747001881280825 0.49542226196847317
2458643 zg 4.743860665053541 -2.390745987821037
2458651 zg 10.227521108773601 -6.1066813288749975
2458654 zg 6.021092191303125 -5.617425563080726
2458658 zg 3.476907909688881 -6.644116775627642
2458662 zg 4.149296159258854 -1.9044082420018076
2458667 zg 3.756833186050741 3.176250461290948
2458672 zg 7.067464289689707 5.168640865735904
2458676 zg 8.409496095992033 2.723019636738782
2458836 zg 9.999995092640553 -2.3224490636486386
2458857 zg 4.1646109247497005 -4.06879377617085
2458873 zg 3.8295773893969245 4.413344925740526
2458877 zg 3.451383257232217 -1.7688786898347526
2458894 zg 5.537492750298699 17.501498825968913
2458898 zg 3.2391418303608783 6.2162450606432955
2458937 zg 3.2124025695394494 0.9831758714637098
2458940 zg 24.57111744263803 22.08277016791974
2458955 zg 3.627621035653876 -4.045593456639992
2458963 zg 3.5026213293251 2.4502727745543553
2458963 zg 3.496175201323711 -3.6897023970246163
2458966 zg 4.71760118299425 2.0812337200731768
2458972 zg 6.141040161483372 0.04728798945368855
2458980 zg 3.1770932700818837 -5.902359587051579
2458986 zg 3.5187886948058966 -0.4794527742696599
2458992 zg 3.3977638231836407 -0.7896786155007818
2458995 zg 3.30544522360858 1.4971095182793923
2458998 zg 3.78113263269583 -0.23119286597982106
2459014 zg 3.2751407196445945 -0.5222879937343318
2459017 zg 3.1888197018684536 1.370454754342697
2459020 zg 3.4865282461412135 -8.011737157394471
2459023 zg 3.6713172223307993 -2.85363019544841
2459026 zg 6.501924730965647 -2.68724813712192
2459033 zg 7.621068563709552 -11.038923653878923
2459039 zg 4.899155493468171 3.223309387656855
2459043 zg 4.696041482563427 -4.816651736437298
2459204 zg 4.657275449889728 3.980675878637903
2459217 zg 8.824775238807424 -1.6357999767917075
2459218 zg 7.165782511603792 -5.9449815102627275
2459227 zg 4.248694748317723 4.435368976368139
2459231 zg 3.8295773893969245 -9.046805615778817
2459251 zg 3.6679373709256966 1.6934210593602392
2459253 zg 4.735130194302486 -5.861547505878031
2459255 zg 3.3542326960403077 -4.870969587855569
2459258 zg 4.8811395445976995 -5.9688005140228775
2459264 zg 3.245114049042956 0.019534936993028832
2459270 zg 7.7770675080012515 1.031387523650085
2459272 zg 12.311338505186463 13.13874417521129
2459292 zg 3.6713172223307993 -0.5580651903522682
2459304 zg 12.287530771361611 -10.132006919018194
2459307 zg 3.6747001881280825 0.1736373298678034
2459307 zg 3.0356051520817533 2.0816311761663275
2459308 zg 3.3329589489439715 4.963187448055932
2459309 zg 4.010059811407744 -0.6668381783793009
2459313 zg 4.289181597894027 -1.0267820386207716
2459323 zg 4.761369927062817 0.5951012399496155
2459325 zg 5.01561981848947 1.270462177655913
2459334 zg 3.509079342476351 2.9357232287459096
2459336 zg 3.419740785333729 -5.4944969874894
2459338 zg 3.9368679712366594 6.889171071307911
2459340 zg 3.4897409365990875 -3.262683683947521
2459342 zg 3.5811450471071304 1.362870990291581
2459344 zg 3.4355255916053022 4.463538065979796
2459346 zg 3.955039728145633 4.601265320769706
2459348 zg 2.9994752397451285 2.443985317543939
2459366 zg 3.445031426370077 -7.013095049630244
2459368 zg 3.2721255922958004 1.1449789912099633
2459370 zg 3.6679373709256966 -1.1535135033314163
2459374 zg 3.8090959416502534 -2.3221329159798128
2459376 zg 3.8020857861978645 -3.224282533978501
2459379 zg 3.9696375065684473 8.122722421097217
2459390 zg 8.109693295193486 -9.80143704241612
2459392 zg 7.980238459713546 7.726394806856917
2459394 zg 4.234229894598822 0.44784322203584415
2459399 zg 5.385546313005303 6.3715819071305715
2459401 zg 4.367727447034979 4.782292501115317
2459641 zg 3.1421720747305737 6.302306669433026
2459673 zg 4.351665749366717 6.309786266361291
2459675 zg 3.857898970813716 9.790028191973601
2459677 zg 4.823162837231529 -1.3414707335327591
2459679 zg 4.598916558176131 2.3744270409943584
2459682 zg 9.169843427314241 -4.451239901182594
2459694 zg 4.831936560125104 4.885615991693739
2459696 zg 3.6848678005841755 5.590905360340599
2459699 zg 4.276175588226013 5.540105801658019
2459701 zg 4.054846647596743 9.43341887182413
2459717 zg 7.393730605487301 2.3092445890858375
2459722 zg 3.6984683930858284 6.630358464458846
2459724 zg 3.9262182194030855 3.8989894584368505
2459730 zg 3.257091540825815 10.047960580753468
2459734 zg 4.1992761372584315 8.148265621287916
2459736 zg 4.27340874143604 7.74191633322847
2459742 zg 15.228105063321424 21.031750387931478
2459747 zg 6.392425762308355 7.4955564119480425
2459749 zg 4.572270593006713 11.694423356783581
2459751 zg 4.343657063356377 12.076821760434848
2459753 zg 4.4900950013262975 5.480592197504462
2459756 zg 4.436653683811794 14.248360030798851
2459758 zg 4.348850057596982 9.8310349421826
2459761 zg 4.823043996918108 5.394260278045881
2459763 zg 4.176134082489235 15.224502366886911
2459765 zg 5.175169871176338 20.71730813848683
2459769 zg 7.899795861129068 15.054136964771633
2459771 zg 9.756308523831592 8.596501508297859
2459924 zg 9.761452441684447 40.96043438544417
2459937 zg 4.635877212918508 56.458337734569334
2460032 zg 4.787637099467221 84.52636448373862
2460042 zg 10.936128958432262 92.97415373496904
2460044 zg 5.475575416122239 91.55593142223086
2460046 zg 3.1277351054375013 88.9326166152863
2460050 zg 3.7637599063100637 92.67495113192278
2460053 zg 4.50123746129054 89.32017532747605
2460059 zg 3.712119184434876 87.57727207124519
2460061 zg 4.249858144639602 93.81510469968104
2460063 zg 5.800186225679494 87.23010032999113
2460065 zg 6.8912804874836295 94.73003849958113
2458198 zr 4.5977403165147805 -5.216638366367382
2458217 zr 8.0690408032247 16.87859192286854
2458217 zr 6.0741173065656335 -4.531965303632418
2458219 zr 10.245470910953069 15.457097817634983
2458224 zr 9.212434945036668 3.8220437852598
2458224 zr 8.92793151764622 5.490747973504047
2458230 zr 5.099198624040076 3.0095204507411695
2458231 zr 5.155869648748507 -4.039259913819
2458233 zr 6.448300696529002 -1.9177932881584183
2458243 zr 5.122735455476534 -4.597561896452221
2458246 zr 5.6298213553001855 2.482503044078896
2458256 zr 5.132180579522592 -0.13915064619106973
2458256 zr 5.089814199078155 -3.5067050250377405
2458279 zr 5.4462128948632325 0.11241727289395183
2458283 zr 5.127455842679523 0.9985614540043944
2458286 zr 4.648838278035993 4.23205490955225
2458289 zr 6.490008733848448 7.535184789473392
2458293 zr 8.463516599398622 6.339817349499972
2458296 zr 8.196376728762454 4.848218928253746
2458305 zr 6.538005494864518 -3.9011094092500267
2458450 zr 9.338035699039155 1.048132622736218
2458450 zr 8.203929348287236 16.60501187553997
2458450 zr 7.958329412941704 -2.5680396524850524
2458450 zr 8.341072798242802 -16.93536274909571
2458450 zr 8.054190762362277 7.672906586934624
2458451 zr 7.178438179751332 -2.038302233865767
2458451 zr 7.427282872901768 8.99898062480941
2458451 zr 7.7981787881322475 -1.1516318596177137
2458451 zr 9.11957152873522 5.244533212725113
2458475 zr 9.905023947913326 -3.4069976880035555
2458477 zr 7.165227179472964 -5.149186260251924
2458488 zr 4.67029634056557 3.4368969761988732
2458503 zr 7.152040492356327 1.3639243028331094
2458524 zr 5.136909670013721 9.81924509644192
2458539 zr 6.232799765309561 -4.970560705474024
2458543 zr 6.342278099045 10.515330867726275
2458561 zr 8.471315377179653 -10.030308105539014
2458573 zr 5.635009001024187 -4.259032585888045
2458584 zr 5.080447044953942 -9.527720196334602
2458593 zr 10.245218467688078 -12.479795356751962
2458596 zr 5.609118486444083 -3.526864573285096
2458606 zr 5.14638092799071 5.093856724661232
2458617 zr 6.562136821501261 -13.501052662260543
2458637 zr 4.665996818978915 9.296696590827361
2458640 zr 4.623218703012348 -1.9284721750909988
2458643 zr 5.803561808745141 -3.5183976787140545
2458648 zr 10.217200703366181 -3.581327060345237
2458651 zr 8.589163113088668 9.31046455762793
2458654 zr 6.141623296691112 2.655173728015041
2458658 zr 5.033869226476423 -3.7927062826115545
2458667 zr 4.640282683873656 6.279557366009639
2458672 zr 6.2156016740998705 -5.797383570584665
2458679 zr 8.748847577584206 -11.166714107751
2458854 zr 7.271599726194488 -6.107854444526698
2458877 zr 4.67029634056557 7.147559566752674
2458884 zr 5.671456613623358 -0.3455837313371553
2458887 zr 5.527065535135948 -3.1103011213268297
2458895 zr 5.075769934520945 -3.922033032996695
2458898 zr 4.58083277917034 5.664364649376977
2458901 zr 4.585053825644018 -1.1370615574926421
2458904 zr 5.10389732303394 9.69585290384711
2458908 zr 4.58083277917034 -2.2553193951704875
2458914 zr 5.635009001024187 -10.32813935700026
2458937 zr 5.085128465149246 -0.3036983150617688
2458940 zr 7.238189760265863 -0.8455995705941564
2458941 zr 5.588491749449336 4.865235377396459
2458955 zr 5.583346927973039 -3.9906797879118536
2458972 zr 7.244859450437102 13.219908661784709
2458980 zr 4.0419591120417255 1.8876546161820793
2458986 zr 4.1095277360109765 3.120671893995634
2458992 zr 4.060615947616756 3.2577796134152375
2459009 zr 5.72920832212054 -0.32674591458873503
2459017 zr 4.601976942579386 -3.4186972042848525
2459020 zr 4.576615618634321 -6.305145331444964
2459033 zr 7.870854997658894 -5.2245573283031375
2459037 zr 6.135969256772515 2.63030376185417
2459039 zr 5.108600351683091 -0.8825261911009448
2459178 zr 6.91878706193476 -1.7866971228178248
2459178 zr 6.690295206387922 2.9258778535819063
2459178 zr 8.234209484785135 9.563754123880642
2459182 zr 7.251535286449848 -3.241672513978208
2459182 zr 6.814677080766478 -1.7090799865203503
2459182 zr 7.191673538019209 24.456198069653524
2459182 zr 8.781138969623543 -0.7156085868163202
2459184 zr 10.397571717509663 -18.57731402625055
2459184 zr 10.752875309873668 5.137391393514037
2459184 zr 11.207909351574267 6.46431080366512
2459184 zr 10.551670567077721 -3.5541056362058923
2459185 zr 9.144804680917096 -6.8991272222884605
2459185 zr 9.546749560689365 11.79109842778764
2459185 zr 9.011029968363022 2.2870771167967416
2459185 zr 9.407095000218312 5.12170482993221
2459185 zr 10.66893879440328 -0.31734373603568894
2459186 zr 10.05846999209926 -1.6122892777948374
2459186 zr 7.783827234275951 0.919194595438008
2459186 zr 8.151206801144921 -0.8704791758899966
2459186 zr 8.644718390753718 -0.06577716487094612
2459201 zr 8.8542310432772 5.205911703781658
2459205 zr 5.122735455476534 0.440420287056908
2459217 zr 8.279839371928116 21.85400444133699
2459218 zr 5.718664444630314 -0.1789389333683041
2459232 zr 4.105744463618073 -1.669487913844373
2459251 zr 4.992314410652653 2.1086248893975905
2459253 zr 4.640282683873656 11.859980068758324
2459255 zr 4.5977403165147805 3.883773977935409
2459262 zr 4.65312198874234 1.1449771297754057
2459265 zr 4.517981397202708 0.9945557087039343
2459268 zr 5.635009001024187 -0.2629467757552123
2459270 zr 7.264905418657555 -1.2755734418049747
2459278 zr 6.15861669542711 3.347142493055877
2459290 zr 4.61046190992888 3.924605538288524
2459304 zr 11.218236972888166 -6.844898383483887
2459307 zr 4.717853363607561 0.39851542781624294
2459307 zr 4.593507590730546 -0.7308721739274426
2459308 zr 4.576615618634321 -1.4235604607542007
2459309 zr 4.601976942579386 4.541041223776442
2459310 zr 7.447833592684955 4.495293344501015
2459317 zr 4.6189625215703325 5.1533086972086455
2459321 zr 4.563987416894402 -3.5786266334408974
2459323 zr 5.132180579522592 -2.293506662624067
2459325 zr 5.935853516427796 6.54609407872396
2459334 zr 6.164291604016465 -8.449593036033981
2459338 zr 4.6189625215703325 -0.28982047122563714
2459340 zr 4.030806181722734 -2.769138182011772
2459342 zr 5.089814199078155 0.8368529583099804
2459344 zr 4.606217472518334 -1.2618572739161504
2459346 zr 4.585053825644018 -2.8004388220336396
2459354 zr 6.598500914877229 16.78179473154148
2459362 zr 5.266255539220205 4.411184192337611
2459364 zr 5.189218156183967 -8.043079899856611
2459366 zr 4.58083277917034 2.3498619016604327
2459368 zr 4.6189625215703325 3.1512113850117505
2459370 zr 4.517981397202708 -1.945969998228422
2459376 zr 5.071097129882669 -0.7292802202077865
2459386 zr 10.847289315417317 -5.487687577935339
2459390 zr 9.626214391442732 -10.33540198140496
2459392 zr 4.5263114964446665 4.903497352112523
2459396 zr 4.071851359262524 8.283713238909408
2459399 zr 5.141643118164616 -0.6198748595894225
2459537 zr 10.932628980868646 4.955821718539786
2459537 zr 10.962878723408963 -4.137352623214243
2459537 zr 11.105154621002134 -16.46783430923015
2459537 zr 12.991978012777109 10.511478762342557
2459541 zr 10.91250887104908 -9.053635166553878
2459541 zr 10.033571039277414 -8.09464285354353
2459551 zr 5.010740698273774 -4.736043984146961
2459551 zr 5.198785858754832 -2.901018141887968
2459551 zr 5.217974218227883 -0.6778617122706263
2459551 zr 5.573071489782635 7.554684020050014
2459551 zr 5.189218156183967 0.15475660376550526
2459601 zr 7.2182175082479105 -6.337695869016051
2459636 zr 5.179668061749892 -4.672942190683386
2459641 zr 4.547204001046941 -6.034296145246498
2459670 zr 4.563987416894402 2.386045371407379
2459673 zr 5.184440909976572 3.281328745691295
2459675 zr 4.98312669245862 11.363460198010575
2459677 zr 5.501670975731242 0.292250820613873
2459682 zr 6.1813477242132855 -3.8279490372185285
2459687 zr 9.48539738024004 7.82768902451458
2459690 zr 5.614287055337334 2.474800490006216
2459696 zr 4.6189625215703325 1.8406681796265933
2459699 zr 4.501367161961925 -0.4155206244253393
2459702 zr 4.593507590730546 -4.746246942834942
2459709 zr 6.001822882615901 4.304334885432701
2459709 zr 5.184440909976572 8.652374172537996
2459714 zr 11.074512298248129 -5.556818827675976
2459717 zr 6.096536453944731 20.19147501757231
2459719 zr 4.631742835191638 6.0967650570479766
2459719 zr 5.122735455476534 14.043189466445128
2459724 zr 4.61046190992888 1.5908918531783822
2459726 zr 4.640282683873656 9.25514344077245
2459730 zr 4.585053825644018 2.013968869965096
2459730 zr 4.5555879799242245 -2.1468241248935893
2459732 zr 5.136909670013721 -1.0000991912585704
2459734 zr 4.576615618634321 7.652939063840362
2459736 zr 4.5977403165147805 9.208166025349179
2459738 zr 6.113405100858691 -4.236576475677292
2459742 zr 9.886795014145795 4.591190374994322
2459747 zr 4.086880281346472 9.592662566862245
2459751 zr 5.557693779057373 9.12880507535825
2459753 zr 5.132180579522592 -1.2551762773993094
2459756 zr 4.023387996839704 2.6298098631937887
2459761 zr 4.576615618634321 9.397012640687475
2459765 zr 5.155869648748507 3.3066212657634795
2459902 zr 9.661744083783567 22.252496861411036
2459902 zr 8.604999517634647 19.006559393831647
2459902 zr 10.541956593472987 31.632107939214066
2459902 zr 7.523036830464065 26.55899083185731
2459902 zr 8.813549546960173 35.64696817506883
2459904 zr 8.432393218537927 30.373534958051295
2459904 zr 9.688477385676144 30.87188174204739
2459904 zr 11.471752402812651 23.750337764619008
2459904 zr 13.939909693127142 13.400701107249311
2459905 zr 10.030715773952087 10.923316055697068
2459907 zr 13.895228505574915 28.702913362341306
2459914 zr 6.764649220205017 21.99326264558393
2459914 zr 6.777121648572276 28.42863498318203
2459914 zr 6.107777038893787 27.366179436242593
2459914 zr 6.1927446812754745 23.21003713252518
2459914 zr 6.250045442313317 22.046439238380138
2459915 zr 6.484033966807151 20.29641275393968
2459915 zr 9.203953885158771 29.24439173817875
2459924 zr 6.7026305433730595 20.99129162884504
2460021 zr 5.122735455476534 40.164950289950006
2460032 zr 5.66101902078978 49.74161113984101
2460046 zr 5.127455842679523 42.22242078032359
2460055 zr 5.151123103511071 41.25830589055194
2460057 zr 4.534656954438075 70.63889669490023
2460059 zr 5.573071489782635 43.06591534256344
2460061 zr 5.052448890052157 48.80558014817206
2460063 zr 5.132180579522592 32.65679654574059
