jd filt fluxerr adjflux
2458203 zg 5.647061221713103 3.365023510166644
2458206 zg 8.071300849178003 5.47418731102136
2458206 zg 7.7404331443189625 -0.9842230193616643
2458210 zg 17.47325842893288 -20.856635223229272
2458229 zg 3.175274056439904 -0.34661277433475135
2458243 zg 2.652227914405118 0.9589525029294208
2458267 zg 8.495334893505499 9.571229460170983
2458270 zg 5.981626114623005 2.7916561408855074
2458275 zg 2.5423917956819295 2.426947811735026
2458278 zg 3.4419168957568016 2.0652501661691716
2458284 zg 2.832456131554886 -0.384396253352854
2458293 zg 6.618709453079964 -1.903934338872638
2458472 zg 7.526532095268502 -13.306514016637763
2458488 zg 2.557677979938176 0.6868072763958466
2458492 zg 3.239108786914556 -4.369265040298693
2458495 zg 2.333898167023619 -1.7946838669064888
2458502 zg 7.908505421849276 -11.573986504667193
2458508 zg 7.407718101673143 -5.642497469469255
2458511 zg 3.989475306888211 11.434989019245641
2458539 zg 7.992230732466862 -5.970217860209615
2458547 zg 3.2092265774225908 -0.8724277769953304
2458560 zg 8.142512286247552 -0.8350939986846058
2458573 zg 2.7859930027070186 -4.944380823888075
2458580 zg 2.6424747227453587 0.8032261309155047
2458600 zg 2.886853791747515 1.5480628380136636
2458606 zg 5.797639099556184 -5.2119233962320095
2458609 zg 2.4571505350899905 2.3463112528952337
2458617 zg 7.802296498701185 -7.905253114934865
2458634 zg 2.782433471445165 -0.0049908916397995995
2458637 zg 2.3566420273578657 -0.11917964241883539
2458640 zg 2.6436257227845608 -0.384396253352854
2458643 zg 6.063816407107053 -11.32581856120186
2458651 zg 10.045566525076557 19.205130772080608
2458654 zg 6.876065066042103 1.2721316942575598
2458658 zg 2.765433326934382 -1.3546507269649979
2458662 zg 3.711411880701982 -2.2659300824161903
2458668 zg 3.0706109128883186 4.281100636708118
2458676 zg 9.171755984456237 -5.044940374023156
2458831 zg 6.360242248491869 -4.061126740624495
2458854 zg 2.4194451524246547 -9.353286362011438
2458857 zg 2.718991151210333 -13.538331230445426
2458872 zg 2.836060696326941 -0.8724277769953304
2458881 zg 2.305910667308691 -1.6485462012313263
2458887 zg 7.4810345899469155 -3.95784505392281
2458894 zg 3.4795894437971753 -2.8382328437111113
2458898 zg 2.1064635113707837 -2.6246070290341166
2458955 zg 2.7791726116962074 -1.6851311072970603
2458963 zg 2.5803695180509445 2.3866109650625233
2458963 zg 2.562122963676323 -1.6485462012313263
2458966 zg 7.293869693685177 -0.9842230193616643
2458969 zg 4.696850396455564 -3.3321259601909716
2458972 zg 5.944837360288243 -4.505397648661393
2458980 zg 2.204356858861363 -3.992303996336041
2458986 zg 2.380970094368791 2.426947811735026
2458992 zg 2.503801924770117 -2.5531356789395474
2458995 zg 2.669173052504364 1.8655987858772463
2458998 zg 2.918747538358048 -0.7603232058019103
2459014 zg 2.610719888600462 -1.4651153772075958
2459017 zg 2.5747415924194104 -3.611504406862281
2459020 zg 2.4296908584102126 -3.156466187251489
2459023 zg 2.992435436721905 3.1183890641316694
2459026 zg 6.430172885391022 3.9458320232543755
2459033 zg 9.13754996966249 1.746248538964572
2459185 zg 9.22821674540279 1.8020254027194416
2459186 zg 8.306919706256917 -13.789113097045398
2459190 zg 10.696385239977122 6.594561547822416
2459200 zg 3.514581860419044 0.7200759449205885
2459204 zg 3.2316266546362913 3.2411887336921303
2459217 zg 11.7640754338513 11.908841074858483
2459218 zg 6.182913746401208 18.002156365371228
2459222 zg 4.046533824758441 14.207175101164012
2459253 zg 3.1403642255741198 36.913019230196724
2459255 zg 2.2163164196424066 34.788532677724525
2459264 zg 2.5329955415700454 31.39823414489353
2459268 zg 3.923627689018365 28.70175826003028
2459270 zg 7.3915673818237 33.00055445616365
2459291 zg 2.9037765408787704 29.539983027115618
2459293 zg 3.464072300399251 33.553790467125566
2459298 zg 11.602430274472539 12.32142461377056
2459304 zg 8.929228400427617 26.184587878484923
2459305 zg 7.936513602979502 22.393992885509807
2459306 zg 3.5163310555554546 26.251995606009743
2459307 zg 2.4571655929162275 21.63362478684697
2459307 zg 2.5610336546226202 27.358948334992046
2459308 zg 3.8555803328377074 29.90938639057768
2459309 zg 2.9910328411826623 21.56369923216272
2459309 zg 3.032237345871253 28.132559018285335
2459311 zg 2.8496574263164445 24.078540369691122
2459313 zg 3.71198985218435 18.915127373158064
2459317 zg 2.057263666035241 22.792104283441336
2459323 zg 3.8983937906023636 21.510258874191113
2459325 zg 4.037402993608668 24.619867133948535
2459334 zg 2.802700762270758 25.720364613132162
2459336 zg 2.525894955565416 22.20687993858254
2459339 zg 2.6616504496653155 21.473322332079405
2459341 zg 2.2453389126342085 17.404899880684425
2459343 zg 2.6400420340497877 21.19214857904415
2459345 zg 2.631479365909588 19.58440951446527
2459348 zg 2.480008557052815 23.246915485031348
2459354 zg 5.148795583540814 21.612528243842277
2459362 zg 2.6426672242706486 22.152503497282556
2459366 zg 2.886534360867767 22.911772296952496
2459370 zg 3.178876554115504 11.255968189953744
2459372 zg 4.954758553815991 14.715178659765442
2459374 zg 2.89411324773435 16.57062203742038
2459376 zg 2.9660687619907153 13.342983621378028
2459390 zg 7.071119835206557 25.070402639963433
2459392 zg 6.814321971156455 21.389213124302252
2459394 zg 4.37848245817677 11.489195143043379
2459396 zg 5.495559849843981 20.692726035215543
2459636 zg 2.940589657176446 5.85139122106451
2459641 zg 2.172350621390169 2.0788192990817094
2459672 zg 2.0524477269275865 4.584649613662034
2459678 zg 3.522058228157328 9.826833296430314
2459683 zg 10.943554939891008 15.232817944019832
2459697 zg 2.535439075798992 6.420695548597852
2459699 zg 2.706144729143599 3.0968679433708113
2459702 zg 2.502383919508543 6.5268031751003095
2459715 zg 5.493163125919972 3.8560554034338814
2459722 zg 2.8928162917147673 -2.804705094662369
2459722 zg 2.6348765823078133 0.5369791547545384
2459724 zg 2.9189374532449306 3.6363105423096242
2459726 zg 2.427965315637966 2.044658335672814
2459730 zg 2.714153622873091 1.0880346160484446
2459730 zg 2.716132922398657 2.898681225558091
2459734 zg 4.399303622007064 0.5974346647148967
2459736 zg 3.904263796553031 1.2541464218161666
2459741 zg 8.928030805390135 4.927296311421717
2459743 zg 9.199927062246548 7.370774532853652
2459747 zg 6.7992307161854475 -0.739490402826321
2459749 zg 4.387398075180949 -1.29655692665546
2459751 zg 3.8475553614329443 4.875879267962744
2459753 zg 4.185471975437968 10.43187951720293
2459756 zg 4.5886581731218525 6.474582459096039
2459758 zg 3.748260640546382 3.189774151132349
2459924 zg 7.711627507128066 -2.731794264177865
2459932 zg 4.131761725412604 2.148864674921316
2459937 zg 3.573856607930299 -1.8043806070501645
2459951 zg 10.08374632320977 27.393120173278827
2460043 zg 7.663197471964947 8.925447883212295
2460051 zg 2.600159377293568 -0.8764645854949177
2460053 zg 3.5856934838521326 -0.6553889434148884
2460055 zg 3.5154819910584645 -0.16928788344451043
2460057 zg 3.139065517092447 -1.5832236577396546
2460059 zg 2.7176399361317687 -4.332738929395965
2460061 zg 3.6797742969812512 4.704550133546842
2460063 zg 4.715060821553797 1.0880824418912813
2460065 zg 8.45521411236718 0.50536324290064
2458217 zr 4.001085191709849 -6.716808906336965
2458217 zr 3.684199729366311 -5.346623279086032
2458224 zr 4.525743704298981 -0.9356127518547765
2458224 zr 4.725959069103865 2.9461920752437862
2458233 zr 5.733799182678616 10.134372900232123
2458243 zr 4.125386266113839 -7.243554269312085
2458249 zr 3.9179578603352607 3.7940116978370497
2458267 zr 8.208944118377334 -15.022321780479643
2458278 zr 4.493417626664116 -3.0907596793576744
2458281 zr 3.4574126713043243 0.6957031318224267
2458287 zr 4.3842538170885295 -0.5305966242286502
2458293 zr 8.939812843882507 0.367031541749256
2458438 zr 7.4883235547781535 3.708877912448557
2458439 zr 6.343501110501761 -1.4995109685236798
2458439 zr 6.022821179606552 4.7356767905156545
2458439 zr 6.46190066619336 10.134372900232123
2458439 zr 6.459515860939465 11.509037161207928
2458440 zr 8.39509343798175 7.264467204834091
2458440 zr 7.141364741427048 3.6238225020757397
2458440 zr 7.079245082729419 6.2098729878976116
2458442 zr 9.415956013407508 -17.686642369591326
2458442 zr 9.525304683421849 -20.19153943482854
2458443 zr 5.50567842586315 -0.7738300865350283
2458443 zr 6.08685076625618 -2.853936982823157
2458443 zr 5.686466413731522 9.318644314243059
2458444 zr 4.745310320168587 4.994154634100184
2458444 zr 6.908629710313813 5.08047274841644
2458444 zr 5.5255655030680755 0.8604935614530262
2458444 zr 4.929640915465088 -6.338477567718726
2458450 zr 5.765338207595722 -2.932950600073454
2458475 zr 6.594939892290985 16.618090656827235
2458476 zr 5.923794292416371 3.1997185524173943
2458488 zr 3.31093930385777 -3.0907596793576744
2458503 zr 5.366385938193925 2.3573474421315552
2458512 zr 4.973313820722718 -6.867654276819124
2458524 zr 3.8877471257897804 -2.5371537650701725
2458543 zr 3.5116760260503774 -3.9535325321024573
2458547 zr 3.740850777316606 5.773887215549408
2458560 zr 5.82842241419514 3.0306230774227743
2458573 zr 4.573667812680839 1.6058185494653685
2458580 zr 3.489403716871977 1.522699236605007
2458583 zr 4.193511115756513 -2.774850557818084
2458587 zr 5.104508608668085 5.253347665974047
2458593 zr 9.768972573828032 0.449085954997841
2458600 zr 3.8257311114787753 3.6238225020757397
2458606 zr 3.208379890918664 -3.7190970616152015
2458634 zr 3.5624978049702727 -0.7738300865350283
2458637 zr 3.2973612962053003 3.1151318792509244
2458640 zr 3.8041686357772075 1.1082490714450586
2458643 zr 4.735630386096409 8.330781878126913
2458648 zr 8.874323745687342 3.964514682604289
2458651 zr 8.784674708003795 -0.36806720405564874
2458654 zr 5.075672807357071 0.20314926605341554
2458658 zr 4.1180886247135335 -5.88217413919061
2458676 zr 7.273121700690072 4.220858780018162
2458679 zr 8.817154013303723 -0.8547586710276249
2458804 zr 7.7289563512148645 10.043402114818576
2458804 zr 8.566923873323196 -4.884823488176707
2458804 zr 8.780861427841922 7.618596753465539
2458804 zr 8.327895525145431 -1.7400709168563964
2458806 zr 7.8248075187605615 -1.0970976768044238
2458806 zr 8.953893860484943 -10.908860870405434
2458812 zr 5.429838941142488 -15.899015459896788
2458812 zr 5.914465750476453 -4.187321127548799
2458812 zr 7.768192008569336 -13.375972369806973
2458873 zr 3.560080027314611 -4.652964828052163
2458885 zr 4.851826615692534 12.622524762368343
2458887 zr 6.756485586900815 -2.3783239661763957
2458894 zr 4.200779853984479 -10.04451933060301
2458901 zr 2.9464810546742317 -2.2192013223438067
2458908 zr 3.099456357461991 -0.12371102709839477
2458911 zr 4.320698285599833 -9.170571747896588
2458955 zr 3.6020903794146952 0.20314926605341554
2458972 zr 6.157322710535855 -5.116042383422766
2458976 zr 8.30408786147376 12.622524762368343
2458992 zr 3.1146154222381535 5.253347665974047
2458995 zr 2.706548842643328 0.367031541749256
2458998 zr 3.484613424609294 -2.6956912579683916
2459005 zr 6.985238113912556 1.6058185494653685
2459009 zr 4.548462499298835 1.1082490714450586
2459017 zr 3.1174854105303815 5.339904615865834
2459020 zr 3.22615913403908 -3.248278331150999
2459033 zr 9.997310366458779 1.7722870187080986
2459168 zr 6.946742726201857 1.1088562926043866
2459172 zr 6.09866004543318 3.285876691730563
2459172 zr 8.390546978106524 -24.525530603612737
2459174 zr 10.177426306870757 -11.406358575949525
2459174 zr 11.854635289486517 -2.2964918456563335
2459178 zr 5.349965971265645 -4.492691216020487
2459178 zr 4.716629510893615 -4.724977369195398
2459178 zr 6.581632800494725 7.890396287647195
2459185 zr 8.214349214897023 4.241971755302544
2459186 zr 6.016180458278807 -11.809077855591278
2459195 zr 3.939781214112146 -4.686111656367588
2459217 zr 6.710225630894959 -12.721927514544698
2459218 zr 4.7081813136887325 -0.8503318538562747
2459222 zr 9.232693679891899 7.213373638160256
2459223 zr 4.489291422332758 7.599535017721438
2459228 zr 4.254984760489198 12.24185101564904
2459251 zr 3.3688818930248967 22.11910609816957
2459253 zr 3.315633629948272 26.092731131263164
2459255 zr 2.831196242803948 22.298430098905857
2459262 zr 3.5052132340340565 19.462291835671863
2459265 zr 3.327871404632753 27.069517853361123
2459268 zr 3.797896859553069 19.87264289690614
2459270 zr 6.7762889393702 25.631914237121727
2459272 zr 10.162042697581482 13.321579260909182
2459276 zr 6.0088678667973126 17.517739309586787
2459278 zr 4.787203649429143 13.718623573943262
2459291 zr 3.072995471547395 14.15817641457625
2459298 zr 10.913040752467705 2.1088744086910545
2459304 zr 10.080621286179268 19.587436353516583
2459305 zr 4.970862657386618 17.491538568779315
2459307 zr 3.3349228058162557 17.09431853868535
2459307 zr 3.162900468428868 19.151400196048677
2459308 zr 3.1080323145343693 17.46767829448522
2459309 zr 3.200998904828541 20.00866245252574
2459309 zr 2.888048150815827 15.651327785189835
2459311 zr 5.948297127188927 12.19526770697691
2459313 zr 6.83635786918106 29.774106335339788
2459321 zr 3.248519855250713 20.04164143646421
2459323 zr 3.780447108541485 12.526077632004057
2459325 zr 3.6240967805220166 10.525779338105547
2459334 zr 4.570397153645974 10.010274498862744
2459336 zr 2.8694881110694523 12.253093914481383
2459339 zr 3.2665215340579823 18.75730697977805
2459341 zr 3.071040370774308 12.985164840809507
2459345 zr 3.500824861505739 13.267772608229901
2459348 zr 2.7553758395260086 12.593239486866812
2459354 zr 5.213759806061723 6.123830344136072
2459362 zr 3.8398516207300997 16.066657325942145
2459364 zr 4.99840870202866 12.226904390855934
2459368 zr 3.2134129234754196 12.40567124507563
2459370 zr 3.4766575931389543 17.16053575558156
2459376 zr 3.9056921511778664 8.884188516042231
2459378 zr 4.107710109731885 17.08758415059819
2459386 zr 8.843002937770706 5.119792202918246
2459392 zr 3.8756376508431885 8.892003962632188
2459396 zr 3.481531945766403 8.873834248370468
2459532 zr 5.541556479904541 13.848900005372863
2459532 zr 5.591568487660397 -2.744897029450561
2459532 zr 6.938886061133179 -2.89588139765444
2459532 zr 8.01725199222977 6.8425770025952435
2459537 zr 6.9374582125093625 2.6715485586053163
2459537 zr 7.44203889673604 5.874791545081372
2459537 zr 7.683147196635495 -3.923708947115152
2459537 zr 7.968569639757131 -8.348460414038435
2459537 zr 9.354051772411449 3.4005790313540913
2459551 zr 5.979238328846164 13.113177178740337
2459670 zr 2.97717545408651 2.661032656389316
2459678 zr 3.3410716221778913 1.266900003461742
2459687 zr 10.1620276539792 10.34467055309192
2459702 zr 3.556070681269998 2.3627224279005867
2459709 zr 5.845032735752543 -9.13641903161146
2459709 zr 5.12439357966888 0.8292090415253677
2459719 zr 2.954633740863423 -0.8599068001947505
2459724 zr 3.5510044728364774 4.1984722259782385
2459726 zr 2.914094646167394 -2.100563596134469
2459730 zr 3.79575356828225 -3.5346741680784945
2459730 zr 3.6198100849066877 8.217000447490394
2459732 zr 3.4638726783670912 6.366980531712931
2459734 zr 5.49005545960525 1.2985251301452985
2459736 zr 3.7852799900293177 -3.8075592576733843
2459741 zr 10.418536733754992 -3.29784354715772
2459743 zr 7.240097894148938 -0.38431557937476124
2459749 zr 4.708580025498015 3.526272436889726
2459751 zr 4.635429240052616 2.0958684061939015
2459756 zr 3.9597879825105617 -1.8204748954825036
2459896 zr 11.314567727418517 -2.4306798445181412
2459896 zr 12.061278892624733 -2.7465889660577316
2459896 zr 10.562425149239633 -10.850687610379426
2459897 zr 12.856475639299179 -9.919617264545833
2459897 zr 15.715273051546106 7.518022356495394
2459898 zr 11.72972392936861 20.507669949522143
2459899 zr 7.107932931370475 -3.5381036619964834
2459899 zr 7.525498408511987 -9.779557549158593
2459899 zr 7.889024462290308 -3.5381036619964834
2459899 zr 8.63153012652483 -8.24519498731257
2459902 zr 6.518097532222447 -5.092666517762462
2459902 zr 6.247709884447094 -8.54642720610469
2459902 zr 7.12731058627697 -16.699060426951284
2459902 zr 6.173277238380799 -6.612297239125093
2459902 zr 6.48528431371777 0.7797615416019481
2459907 zr 6.020392264536858 1.1803283128528506
2459907 zr 6.241885263425952 -5.71472079715285
2459910 zr 6.751078563494661 -12.014867991686035
2459910 zr 6.109316911955369 -2.2236521660706687
2459910 zr 5.62277907147011 0.10826348129109947
2459910 zr 5.790734437267832 -3.4055954626156977
2459910 zr 6.5240274747509694 -1.985297684600856
2459933 zr 4.684514833009551 4.062947077704784
2459936 zr 3.949824492833962 -7.503304400969421
2459951 zr 9.181256079362731 9.286758241621502
2460016 zr 5.300917188419257 -5.115187890519499
2460020 zr 3.0476277563561043 -5.807823451085903
2460030 zr 3.9878899621394024 1.6635645853325465
2460036 zr 6.331826705451777 -1.5246161712981556
2460043 zr 5.8102111563669885 -9.697766062959202
2460045 zr 3.045815924720476 0.8231633702557887
2460049 zr 3.6155168052931184 2.7333508493201113
2460055 zr 4.157700285644789 -13.326059352528128
2460057 zr 3.286633058989851 -3.6014364320030268
2460059 zr 3.7874173673416984 -2.8957892429852197
2460061 zr 3.933174060612716 0.3996171469286147
2460063 zr 3.9156132268630217 1.885334109043489
