jd filt fluxerr adjflux
2458207 zg 8.840931778610448 -2.9395574101706785
2458207 zg 9.5581384483036 -2.053717410749627
2458223 zg 2.3580586646245743 -0.8865529923164814
2458233 zg 5.181142465665485 0.1406613426657728
2458243 zg 2.3597822672888342 -7.831569977266518
2458246 zg 2.703604535389017 2.0806034851520963
2458249 zg 3.063210095185191 -0.7255539392032588
2458262 zg 5.804707927115507 -3.300302743040426
2458267 zg 11.468904362842748 10.882615319218559
2458273 zg 2.4138731427939053 -0.8329360622200284
2458279 zg 2.303303774765546 0.46879723101869786
2458282 zg 2.6723787454485133 0.1406613426657728
2458294 zg 8.250676008084985 -4.116181905382078
2458300 zg 4.640270747876468 -3.7097452223692926
2458303 zg 2.469280259709224 3.274943528105311
2458333 zg 4.553328883791707 3.5050676614128733
2458336 zg 3.8765240117254725 7.734067388416264
2458488 zg 2.9611787111057915 -0.6179738287085641
2458488 zg 3.2842163886809685 -0.6179738287085641
2458493 zg 2.7904351458545995 1.5199384615766292
2458494 zg 2.3591264472466476 1.9118614348064753
2458495 zg 2.5021563450482796 1.297114359103496
2458495 zg 2.7765485547353967 -1.1005275640800178
2458502 zg 11.707381704279317 8.53879309612789
2458502 zg 10.184083025816971 3.045665643630734
2458508 zg 7.016259607181801 0.9091420575947637
2458508 zg 6.572467191684267 6.393983334510224
2458539 zg 20.39122323476254 -0.34815496000828716
2458544 zg 5.50773659290261 3.2175448429153803
2458560 zg 8.520169114638488 -14.81207849913892
2458568 zg 5.11605574847828 -5.663139377602498
2458582 zg 2.7534177326092037 -0.4562316377311362
2458585 zg 3.146992361390822 4.200548846478775
2458588 zg 7.619244295969539 5.555232484453867
2458594 zg 11.165348276356742 -0.510195365693562
2458597 zg 3.254266978131459 -0.18566620099814912
2458606 zg 2.3820704707435665 -0.2940419185659806
2458617 zg 6.2903161574223425 -4.870225824287473
2458628 zg 2.4218910674998373 0.6885640721921504
2458633 zg 2.6275026717945837 0.35921705694290296
2458634 zg 2.500344134687092 -1.313715274730292
2458634 zg 2.469190545707176 1.8557176166438722
2458635 zg 1.9300562807570327 0.7987514850058446
2458637 zg 2.3762152877765725 3.8518474136256273
2458640 zg 2.5491757995363096 -0.18566620099814912
2458643 zg 3.5224308687098618 1.631658733993305
2458649 zg 10.369722133208189 -2.211051677990511
2458652 zg 5.843508272645844 6.333713230035642
2458667 zg 2.768887256909298 -1.2604919568728974
2458670 zg 3.701819898610319 2.760253585672949
2458673 zg 5.417279147950631 10.947077047366747
2458677 zg 7.717474360273171 -11.733809354512253
2458680 zg 9.960363664285351 2.0243043213679
2458683 zg 5.171123113099778 1.297114359103496
2458683 zg 3.6395347008561187 0.7987514850058446
2458686 zg 3.0168515512464866 -3.556557724761177
2458686 zg 3.421731000584538 -2.784238862193291
2458853 zg 3.11442443823477 4.7272274577669435
2458856 zg 3.0994879762579357 1.0197361645375622
2458874 zg 2.25468453325883 0.6335464338333026
2458877 zg 2.312888013613883 -2.001175974016533
2458896 zg 3.6298912874925953 4.4926090052994
2458900 zg 2.474653756015789 0.6335464338333026
2458914 zg 8.736823654080457 12.248858455796736
2458937 zg 2.2138654331633143 -1.843260996863883
2458940 zg 3.580772517490503 -1.047107802632837
2458944 zg 7.433176309009714 -14.237653974754934
2458954 zg 3.167332218043516 -3.6076672614763226
2458963 zg 2.6331277696101028 -1.895947811706547
2458969 zg 4.255623440103319 2.532868400399424
2458972 zg 4.9599084825577835 -3.556557724761096
2458980 zg 1.9239971735769863 -1.0471078026306841
2458986 zg 2.135032201872137 5.317569161062103
2458992 zg 2.4152961245620435 1.9118614350249827
2458995 zg 2.8719561094997106 -0.23987901355573468
2458998 zg 2.7885459069620055 -1.9485861206162176
2459012 zg 2.1605610175773062 1.075109877455626
2459018 zg 2.25468453325883 0.6335478476727202
2459024 zg 2.3559734095331435 0.41399033810422037
2459027 zg 4.926554837219649 -0.29402203171029834
2459032 zg 7.265937188857984 2.0806826323192644
2459036 zg 4.831876009214951 4.903987857192488
2459040 zg 2.709392556131803 -0.23924548317209357
2459045 zg 3.342642694225043 5.736198669821948
2459218 zg 9.226893968049806 127.08063612978424
2459227 zg 2.9721082171705495 129.34811651915885
2459227 zg 2.59102799292651 125.83699679813006
2459229 zg 2.504627624749383 126.52677403938819
2459230 zg 3.026751627544291 127.12707955158453
2459250 zg 3.964531893122816 115.53756410158327
2459253 zg 2.2023458764758477 123.53726255412849
2459255 zg 3.1673473170651993 123.55414153954571
2459257 zg 2.4037982184632107 112.39732209724164
2459264 zg 2.321424723498056 113.87530569975505
2459268 zg 3.2845955708944587 110.88622816559166
2459270 zg 6.653480529785295 115.16218208571243
2459272 zg 11.86138209420453 121.17978126693373
2459290 zg 2.3873409234327108 105.22037547656964
2459292 zg 2.5780896120969485 104.0842422306086
2459301 zg 13.988070118177358 91.20231747032791
2459305 zg 6.213061462764119 95.87978044641123
2459305 zg 6.515082981379589 105.9213636968694
2459307 zg 3.2608432492473525 103.17475055872266
2459311 zg 2.209791096083099 98.00865806446959
2459313 zg 4.010831576245485 100.74673966215208
2459321 zg 2.4519659940093192 96.986837740207
2459325 zg 4.441355340117563 100.08002362834122
2459329 zg 10.60224819888171 92.15492759126633
2459335 zg 2.854069985901182 90.0455210849733
2459340 zg 2.608213667234059 91.27127800435451
2459344 zg 2.2094581794259414 89.65651602911672
2459346 zg 2.5058473159823693 92.42223917569368
2459348 zg 2.3210555017599974 96.3504242629257
2459356 zg 7.255833347448937 92.95343979716986
2459361 zg 8.481621465299568 65.19983837327712
2459363 zg 2.6604469623968345 91.62619312479669
2459365 zg 2.7458202593890064 83.90646192494452
2459366 zg 2.442139029976231 86.85198087510575
2459368 zg 2.3158714175958193 80.54312823201323
2459370 zg 2.509245571315339 80.90638219287419
2459374 zg 2.572257503170202 85.18314017659475
2459376 zg 2.647279440901746 83.76632198249848
2459378 zg 2.557759819382686 82.4770405549003
2459387 zg 15.19303689257036 66.73133335430325
2459391 zg 5.546583229886109 82.28496557578504
2459393 zg 7.550456756667261 80.99005077717581
2459395 zg 3.550533530890009 80.10810742554995
2459397 zg 3.45155887351542 75.10837564956154
2459400 zg 3.851370376106494 81.07699432314712
2459408 zg 3.9015976265830825 82.12440089365289
2459419 zg 10.582951162758807 63.926749615648774
2459423 zg 3.9030127406362545 72.05612903904235
2459600 zg 6.878787582170254 40.015122255898625
2459641 zg 2.2261884247365358 37.22261877766367
2459670 zg 2.2654329836086147 32.27036618724265
2459673 zg 2.453916385981829 31.322672752059006
2459677 zg 3.6918366629694988 36.62681331213458
2459679 zg 4.058364212971344 36.663037875832366
2459682 zg 6.723726152960108 16.484883876978962
2459684 zg 11.629613026851606 33.01751780002496
2459687 zg 11.889545792431155 34.08328022434323
2459694 zg 3.457922739460872 29.112407543090537
2459697 zg 1.9792636694671868 29.15032724258277
2459699 zg 2.8305583046727048 31.143326486200035
2459699 zg 3.7257253918198554 30.371298625458184
2459701 zg 2.9928844922308677 28.724715283971715
2459710 zg 6.152795405686892 22.895977144862226
2459711 zg 7.278165243667701 19.17639792757278
2459715 zg 10.749026889549436 26.084976693949812
2459722 zg 3.3025787284088692 28.580706643697965
2459722 zg 2.529797654945616 35.8110616058116
2459724 zg 3.3516076986410357 29.295209233113773
2459730 zg 2.638484853617795 33.240901554706724
2459730 zg 2.620252634523254 27.40293239697362
2459732 zg 2.5095727321646857 25.938711787226538
2459734 zg 3.1586076928027804 31.30590358231148
2459738 zg 5.1751143636814625 17.634414621299968
2459747 zg 4.691262734116869 22.09879024668043
2459749 zg 3.489608705291602 23.12431178945641
2459759 zg 2.5909543464144744 26.94503150812084
2459759 zg 2.9560057368306634 27.51088430128688
2459761 zg 3.0175409976297773 20.241103548130063
2459763 zg 2.9873764698909224 23.40356555206927
2459770 zg 8.443947353293337 25.270903257158857
2459937 zg 3.9193611693530035 20.69947015689362
2459951 zg 15.077883689705676 30.76559088080407
2459957 zg 6.87833264429031 16.604178113513452
2459978 zg 3.371821832903394 20.08356873537565
2459985 zg 7.336472589265298 19.081095574752332
2459995 zg 3.112470705653283 17.8608359822608
2460016 zg 5.9805228444863126 15.161012239073239
2460043 zg 9.698748602303045 0.4261983731006289
2460045 zg 3.407551893342281 9.880974001533163
2460049 zg 2.8050665306005667 14.478468551392586
2460051 zg 2.337497845973363 11.39303236488071
2460055 zg 2.7852997057260316 11.324760113283215
2460057 zg 2.896440546571113 7.958987239022125
2460061 zg 2.9065500014898555 10.202067971814511
2460063 zg 3.5890274884061153 18.963220659402126
2460065 zg 6.121892605406831 12.658774083815434
2458198 zr 3.249791735483086 5.270955091992846
2458217 zr 4.693533552504861 -4.713133821191718
2458217 zr 3.4555821635886557 -1.775623456690198
2458218 zr 3.588568359890678 5.0999921651277305
2458219 zr 5.398236498999279 2.722971412696438
2458243 zr 4.19799519941298 1.881436153514727
2458256 zr 3.7044574414054208 2.385892188262744
2458256 zr 3.094963487851952 -3.5765519591850534
2458262 zr 7.35723185751908 -2.923778984661311
2458270 zr 5.8047142566277055 4.929186628444626
2458279 zr 3.025341703449973 2.0494333151675903
2458282 zr 3.0646044935659758 4.417712911210032
2458288 zr 4.046149614228328 -4.713133821191718
2458294 zr 6.329458197883979 -4.226924453758954
2458300 zr 4.7238916393529795 -3.5765519591850534
2458303 zr 4.5778331557896506 -2.923778984661311
2458306 zr 5.623618731265205 4.588047146181282
2458325 zr 10.167525858225419 -10.600549061243441
2458336 zr 5.430200542782173 -1.775623456690198
2458458 zr 5.764610564202175 -1.6109961230397118
2458462 zr 9.677803160171939 3.9076504973978956
2458462 zr 5.594752074381633 -1.775623456690198
2458462 zr 4.983103720257565 6.1281356597392005
2458462 zr 4.855379537073993 -4.713133821191718
2458465 zr 5.164780955015495 -5.1980015968254065
2458477 zr 5.510815469074948 0.8766960620968405
2458487 zr 3.830273316215228 0.3764043344990853
2458488 zr 3.5573337257648108 -4.874905295807707
2458492 zr 3.7916632996849455 -1.4462170921634083
2458494 zr 3.3306724488828072 0.3764043344990853
2458509 zr 7.4089148828108415 2.385892188262744
2458527 zr 6.435266487638271 -1.281286224277551
2458539 zr 6.746612795577851 -1.775623456690198
2458557 zr 4.144211748801789 -0.4543494283009295
2458560 zr 4.575785872403111 3.5683910221459882
2458573 zr 4.479872904570217 -0.28850459570489306
2458582 zr 4.221258397602185 2.8917440140140798
2458585 zr 3.5230696057092716 1.7135936517322534
2458591 zr 14.248856782080386 5.956383603857915
2458594 zr 11.350107345363702 -4.389143537588637
2458597 zr 4.161743183822169 -6.6445923402752385
2458606 zr 3.3429657308091087 1.0437673976333315
2458617 zr 5.056187651636304 2.5543541851255327
2458628 zr 3.9968069386593683 0.3764043344990853
2458633 zr 3.552394783684284 3.229755910705876
2458634 zr 3.3614907816110815 2.0494333151675903
2458635 zr 2.8441392142339574 1.210992682442253
2458637 zr 2.9838324591372873 -0.4543494283009295
2458640 zr 3.2318822539741703 4.247535487641471
2458643 zr 3.830273316215228 0.3764043344990853
2458649 zr 9.5418319592577 -10.600549061243441
2458652 zr 8.074129091654251 -18.094914479293834
2458655 zr 3.7768054121176924 5.956383603857915
2458658 zr 4.047899905650126 10.649668128738256
2458661 zr 3.3123172367674587 -0.6200415824833669
2458667 zr 3.915883519556525 4.417712911210032
2458670 zr 4.525590737977686 8.549348527391658
2458673 zr 5.356284329722045 7.161976613434717
2458680 zr 7.330176681754622 -3.5765519591850534
2458680 zr 8.722974812053495 -8.237914014630178
2458681 zr 9.05098174082951 1.5459056674371539
2458686 zr 5.234360413026709 2.8917440140140798
2458828 zr 4.928331661750617 4.077514731114206
2458828 zr 5.587478548788911 3.3989954928152883
2458828 zr 5.896637495553359 -2.596489549942106
2458828 zr 8.129651584565229 -3.9020377139898414
2458856 zr 7.841511557167765 0.7097785341055101
2458874 zr 3.315369399041431 -0.4543494283009295
2458881 zr 3.753442480805431 -3.2504660849022002
2458887 zr 4.873713102437509 8.549348527391658
2458895 zr 4.194130482987228 1.7135936517322534
2458900 zr 3.49398650839129 0.20994738008286618
2458905 zr 3.7872555418661142 6.472114704416185
2458911 zr 3.7053545057842645 -5.520503280292843
2458972 zr 4.693533552504861 -4.7131338211897535
2458986 zr 2.8520087284313154 1.7135936521338269
2458992 zr 3.1787438276732463 1.21099268582144
2458995 zr 3.1554080553267676 -0.12250693453137064
2458998 zr 3.1207252142056805 -2.104423564812018
2459001 zr 7.364011240021181 -2.7602095587958804
2459009 zr 5.92065797280714 3.2297567767060786
2459012 zr 3.446047216298549 -2.2685945321627403
2459015 zr 2.9976052039945262 0.3764094954965286
2459018 zr 3.4492226051747 -2.104411409769535
2459021 zr 2.926674570443482 -3.9020096038639407
2459024 zr 3.989451325048583 0.04370709398572723
2459027 zr 4.701754623342538 1.881576081774877
2459036 zr 8.006814382575907 8.550661277931532
2459043 zr 4.243021934823531 -3.2439558562111905
2459045 zr 3.2318822539741703 4.2575935504744065
2459186 zr 9.389978944544817 92.70727024802837
2459186 zr 9.570396314949223 86.49679739530619
2459189 zr 7.0591306413832715 89.01350656419612
2459189 zr 6.813254401089595 74.6515529202816
2459189 zr 7.042950003391363 80.31948090875329
2459189 zr 7.999670609021345 76.83344353059931
2459190 zr 6.997942738899702 82.95504764189246
2459190 zr 5.605984688669027 96.46613043070442
2459190 zr 5.04777428466742 95.24376595173078
2459190 zr 5.3389014857312445 87.40419595844463
2459193 zr 6.398875391344912 93.22529600912264
2459194 zr 5.659992670842826 91.40891931775803
2459194 zr 5.862780747287634 77.22768911182106
2459194 zr 6.536640575084056 66.48593556003388
2459194 zr 8.72359889410211 80.58760181113539
2459195 zr 7.850041149074156 75.38492751415194
2459195 zr 5.18350096424714 92.52060530239336
2459195 zr 5.172060814302142 86.06840722306416
2459195 zr 5.117091510481514 90.1171670260083
2459196 zr 6.741583535515072 87.64830516806681
2459205 zr 3.95287581545292 81.13748352147157
2459217 zr 6.184486601996851 80.76520756220391
2459219 zr 6.872041692111295 80.77371620561233
2459227 zr 3.813407098482982 69.36324596423238
2459227 zr 4.248561777371221 81.36118329527905
2459228 zr 3.628450674972999 84.20600608753513
2459231 zr 3.321482163501861 76.20705444882147
2459231 zr 3.2768422146647356 83.14628935869511
2459233 zr 3.4302985883895913 81.64172370909846
2459253 zr 2.8128777016929587 70.50308234732391
2459260 zr 5.068315279624255 66.8318547477058
2459265 zr 3.0449098145865285 71.91059391184449
2459272 zr 8.795734365679028 74.02061623821562
2459292 zr 3.2229645592180995 66.89466576057026
2459295 zr 4.074864488493448 66.47868951917114
2459297 zr 4.650075028902605 62.061096545344206
2459305 zr 5.563919603571559 57.897493387072146
2459307 zr 3.749079154176803 64.87016187310942
2459309 zr 3.5540588087082674 54.87232421295131
2459311 zr 3.1728937549219394 60.414596661606346
2459316 zr 3.0730840182146673 63.54972646457584
2459316 zr 3.1807674951489497 50.85908239355827
2459316 zr 3.12360083241654 56.68044060336236
2459316 zr 3.132243595391911 57.17432274396781
2459316 zr 3.0665886920404497 53.42253823930581
2459316 zr 3.1525031550679308 58.33203524042632
2459316 zr 3.0674283988719298 63.2085869823125
2459316 zr 2.8128777016929587 57.83495863732277
2459316 zr 3.0674283988719298 63.2085869823125
2459316 zr 2.8441392142339574 59.83153251857347
2459316 zr 2.8704557103694857 61.512283850145295
2459316 zr 3.12360083241654 56.68044060336236
2459316 zr 3.2111125645656258 61.68121196838122
2459316 zr 2.9481586479972384 66.47492459123431
2459316 zr 2.9865819363801447 58.33203524042632
2459316 zr 2.883705131931984 62.358482478528046
2459316 zr 2.972859838837011 57.50433645665949
2459316 zr 2.7366667246173355 63.89149492812406
2459316 zr 2.6867169276243072 60.50197598964594
2459316 zr 2.8441392142339574 59.83153251857347
2459316 zr 3.0561483663700857 62.52819033352911
2459316 zr 2.862535295631462 61.00643202439396
2459316 zr 2.8916841219768896 62.868075323772686
2459316 zr 3.0003673722477173 59.16355450819269
2459316 zr 2.9105457756257542 53.74563454032351
2459316 zr 3.0449098145865285 61.85029574683709
2459316 zr 2.9077083949059195 63.89149492812406
2459316 zr 2.758994599077632 54.39361538237226
2459316 zr 3.0412738651008158 51.975947495855976
2459316 zr 2.701605374465398 61.512283850145295
2459316 zr 2.8362914142947235 59.330318370236725
2459316 zr 3.129360020566895 57.0095437130915
2459316 zr 3.094963487851952 55.04398787694616
2459316 zr 3.150463366697454 68.21714647281796
2459316 zr 3.321482163501861 58.49803289212268
2459316 zr 3.462038750436976 66.12840165475704
2459316 zr 3.1467013749290853 58.00049825364785
2459316 zr 3.1467013749290853 58.00049825364785
2459316 zr 3.1121142337642733 56.02405028618911
2459316 zr 3.1993041539410454 61.00643202439396
2459316 zr 3.2081563821776604 61.512283850145295
2459316 zr 3.219997465765152 62.1889308582772
2459316 zr 3.3062213391862243 57.66957141842566
2459316 zr 3.3001366603273183 57.339253611853664
2459316 zr 3.269880825564036 55.696760851469904
2459316 zr 3.036508030687094 61.34351124882765
2459316 zr 3.0730840182146673 63.54972646457584
2459316 zr 3.1178522433177345 56.35194316594912
2459316 zr 3.039306046273573 61.512283850145295
2459316 zr 3.2919674311030316 66.3015833331469
2459316 zr 3.4271406211528403 64.2338935326513
2459316 zr 3.1207252142056805 56.51611624533119
2459316 zr 3.1438044901274242 57.83495863732277
2459316 zr 3.4051161039621958 63.03825274734125
2459316 zr 3.0003673722477173 59.16355450819269
2459316 zr 3.12360083241654 56.68044060336236
2459316 zr 3.2081563821776604 61.512283850145295
2459316 zr 3.3071624623683094 67.16988836352287
2459316 zr 3.217033103848161 62.0195353289465
2459316 zr 3.4366232553500446 64.74867549587042
2459316 zr 3.282883944023189 65.78251644956593
2459316 zr 3.315369399041431 58.166190407830285
2459316 zr 3.3925942728611576 62.358482478528046
2459316 zr 3.1846046865881608 60.16644550356837
2459316 zr 3.2678004624170174 64.92058581411207
2459316 zr 2.865328595837185 51.0181940306842
2459316 zr 2.862535295631462 61.00643202439396
2459316 zr 3.025341703449973 60.669973151298805
2459316 zr 2.6694507428656222 59.330318370236725
2459316 zr 2.8546367356008266 60.50197598964594
2459316 zr 2.6991182494996395 61.34351124882765
2459316 zr 2.6449770713489795 57.66957141842566
2459316 zr 2.6474143074757257 57.83495863732277
2459316 zr 2.7518319683511727 64.92058581411207
2459316 zr 2.7341473218214687 63.720532001258945
2459316 zr 2.883705131931984 62.358482478528046
2459316 zr 2.704094791213159 61.68121196838122
2459316 zr 2.7336999845527226 52.778128395601996
2459316 zr 2.714075418288926 62.358482478528046
2459316 zr 2.565625054328752 63.89149492812406
2459316 zr 2.696633414206029 61.17489402125675
2459316 zr 2.7896572703369205 56.35194316594912
2459316 zr 2.8678131400933675 61.34351124882765
2459316 zr 2.6449770713489795 57.66957141842566
2459316 zr 2.528093825818152 61.17489402125675
2459316 zr 2.4344069991861454 54.39361538237226
2459316 zr 2.5774674415125336 64.74867549587042
2459316 zr 2.714075418288926 62.358482478528046
2459316 zr 2.719079537517582 62.69805456724542
2459316 zr 2.716576325662299 62.52819033352911
2459316 zr 2.7090805085037144 62.0195353289465
2459316 zr 2.6793035011521344 59.99891189451152
2459316 zr 2.8441392142339574 59.83153251857347
2459316 zr 2.716576325662299 62.52819033352911
2459316 zr 2.7090805085037144 62.0195353289465
2459316 zr 2.8336802960117335 59.16355450819269
2459316 zr 2.875748158220611 61.85029574683709
2459316 zr 2.921129767047538 64.74867549587042
2459316 zr 2.701605374465398 61.512283850145295
2459316 zr 2.921129767047538 64.74867549587042
2459316 zr 2.746767572449231 64.57692343998913
2459316 zr 3.0003673722477173 59.16355450819269
2459316 zr 3.0142164387961508 59.99891189451152
2459316 zr 2.7819598017857796 55.8603302076573
2459316 zr 2.7240928831697566 63.03825274734125
2459316 zr 2.749298604280036 64.74867549587042
2459316 zr 2.749298604280036 64.74867549587042
2459316 zr 2.7973760371908165 56.84491637944102
2459316 zr 2.8441392142339574 59.83153251857347
2459316 zr 2.6991182494996395 61.34351124882765
2459316 zr 2.7291154722568076 63.37907817318087
2459316 zr 2.8810503641056626 62.1889308582772
2459316 zr 2.6255597838465135 56.35194316594912
2459316 zr 2.739188448937874 64.06261539020078
2459316 zr 2.799953702612485 57.0095437130915
2459316 zr 2.8180639891852164 58.166190407830285
2459316 zr 2.8572671643694196 60.669973151298805
2459316 zr 2.7090805085037144 62.0195353289465
2459316 zr 2.8180639891852164 58.166190407830285
2459316 zr 2.8441392142339574 59.83153251857347
2459316 zr 2.846759969974143 59.99891189451152
2459316 zr 2.7115768132759177 62.1889308582772
2459316 zr 2.7973760371908165 56.84491637944102
2459316 zr 2.772183099876237 66.3015833331469
2459316 zr 2.719079537517582 62.69805456724542
2459316 zr 2.8731007156639814 61.68121196838122
2459316 zr 2.7090805085037144 62.0195353289465
2459316 zr 2.8102881383082905 57.66957141842566
2459316 zr 2.838904938614367 59.497235898228055
2459316 zr 3.0031320857238244 59.330318370236725
2459316 zr 2.676836907514313 59.83153251857347
2459316 zr 2.6891926252888654 60.669973151298805
2459316 zr 2.93731721307338 65.78251644956593
2459317 zr 2.897173032507479 52.75723938372693
2459323 zr 3.7663841172895767 62.802007731177305
2459325 zr 3.4429595835146496 63.47687816113702
2459329 zr 9.338231119464151 60.20866043639917
2459335 zr 10.800549818697734 52.501426845646336
2459338 zr 3.1207252142056805 52.6447439009859
2459342 zr 3.2111125645656258 57.13393261419781
2459344 zr 3.4113943403210096 58.496980941716465
2459346 zr 3.7112875930620044 56.12866930914859
2459348 zr 3.3071624623683094 61.62436204777646
2459352 zr 3.270811604338917 58.891889518366526
2459353 zr 4.513003736592297 53.30100040461229
2459354 zr 4.780352917222816 57.02438183365076
2459356 zr 6.168314887144686 43.05956946521729
2459361 zr 8.433343439095985 65.35646297441664
2459363 zr 5.159684940658448 56.95932493047682
2459364 zr 3.586944109975071 47.08861193695392
2459368 zr 2.8943486883678666 54.29643302061441
2459370 zr 3.126479100389736 47.794251078401174
2459387 zr 8.434744529686375 49.743686441686684
2459391 zr 6.838650114570242 38.67876235056803
2459393 zr 3.572080385971452 50.4002006618633
2459400 zr 3.6874370055231336 46.70607907400198
2459402 zr 4.033788937933298 46.929978061228844
2459404 zr 4.914732974062601 48.171038548968774
2459406 zr 6.103373859505635 53.22426274924939
2459410 zr 7.452222029328993 60.689113974439366
2459415 zr 6.615558832079257 46.84262920583175
2459427 zr 4.6266398385563345 47.14121868500246
2459551 zr 7.006252512167514 33.35502173795365
2459551 zr 5.3120679627869025 33.868383269346
2459551 zr 5.651722710485493 28.298673240431608
2459551 zr 4.982223245252791 28.13252262881738
2459551 zr 5.297410436029096 33.35502173795365
2459601 zr 5.898885593575688 26.745627870395563
2459637 zr 4.590499667622943 19.199749883682593
2459670 zr 2.9456044960084724 16.764996685571987
2459673 zr 3.503654100011129 20.053917777973126
2459675 zr 3.075915737049152 24.324353840900997
2459677 zr 4.317926812552419 18.98281881806182
2459679 zr 3.5360730122506294 21.37291909874907
2459684 zr 9.751998334487512 9.035064402634461
2459687 zr 10.110595405863315 1.9283127641282398
2459690 zr 4.656565252418309 25.166083646059576
2459694 zr 3.8222985859382965 26.324369918699805
2459699 zr 3.719030713299575 12.968681321728216
2459699 zr 3.4843455924435025 17.55508202183103
2459702 zr 3.149600929089359 17.223764625291555
2459707 zr 4.215754156849375 13.016585899818278
2459709 zr 5.075746535234788 26.894561005033314
2459709 zr 5.010717598772236 24.459930981781287
2459709 zr 7.324229096738495 35.66729306251936
2459719 zr 3.3738978118745497 19.491978212895464
2459724 zr 3.5556681674111257 19.909625213466214
2459726 zr 3.278928334016388 13.975778436751721
2459730 zr 3.333741524719686 16.74884150482969
2459730 zr 3.2587836589701116 21.990616497407295
2459732 zr 3.3398881630757256 16.982177539482944
2459734 zr 3.6603668183146842 16.215704833565376
2459736 zr 3.324460855807253 7.351829786959009
2459742 zr 10.83465995533898 16.156012756330437
2459747 zr 3.327606198467895 15.58238018245597
2459752 zr 4.406215086162898 11.885108068634324
2459754 zr 4.266534648750584 12.773259058307588
2459756 zr 3.3522154595664855 16.494623268865652
2459759 zr 3.5214750016956815 8.165498275323861
2459759 zr 3.3738978118745497 17.53306202829554
2459761 zr 3.324542770873819 14.76203122964268
2459765 zr 4.0115588769709305 15.580448793486374
2459772 zr 8.520634441310916 18.81212391649484
2459772 zr 7.691300628466567 11.463867141839641
2459774 zr 7.778071539225424 2.5995008779151902
2459774 zr 7.030181475883075 29.41678634417785
2459776 zr 3.635140687958825 21.556334947131077
2459776 zr 6.554907024141609 16.09790644367284
2459778 zr 4.900305810789619 10.874288200321137
2459778 zr 4.527515650973396 9.086580661774212
2459914 zr 8.000281575802815 -4.241236400569441
2459929 zr 8.671054847050701 16.589563760299875
2459929 zr 7.2892993478730475 21.33063939392752
2459929 zr 6.594034565222291 -1.2385221696099293
2459937 zr 4.018955251728201 9.8992017329678
2459971 zr 4.410275229710657 4.57978881827862
2459994 zr 3.452400920039334 5.198346600206285
2460032 zr 3.746534748452363 2.7672778685542667
2460043 zr 6.4756821753962965 10.718822144953009
2460045 zr 2.8520087284313154 7.806407317067072
2460051 zr 3.033712590981782 8.534688361067982
2460055 zr 3.1934162425305272 7.955937148551856
2460057 zr 7.526106931555029 15.466537808130157
2460061 zr 3.743085651039376 2.0580940290749608
2460063 zr 4.204121675903867 0.8866610220231994
