jd filt fluxerr adjflux
2458207 zg 10.107774161501009 80.59042619106782
2458207 zg 10.390956575804676 96.7726051258208
2458223 zg 4.287379390226499 87.79194371555747
2458233 zg 6.4310690853397485 89.57926423175637
2458243 zg 4.216886539358693 81.76113745658596
2458246 zg 4.31511044496879 95.60842432295075
2458249 zg 5.3542904822743065 91.82190168563294
2458262 zg 7.168780471383267 111.38487146018771
2458267 zg 12.62737769190342 84.72597371620704
2458273 zg 4.24025442394327 89.91107027458133
2458279 zg 4.283432385819445 96.71224185360046
2458282 zg 4.823301814004811 97.71105128267214
2458294 zg 8.977405666721896 90.999713650961
2458300 zg 5.938744129157104 104.68256886045909
2458303 zg 4.205250933843424 89.65854666632154
2458333 zg 6.448863358284614 106.33765411122664
2458336 zg 5.3247831863640345 101.34554910693005
2458488 zg 4.885898474267512 10.869766702545107
2458488 zg 5.189218156183967 -15.13990467337716
2458493 zg 4.735266634463782 -7.314520961634696
2458494 zg 4.259826549091227 -0.4340177519051294
2458495 zg 4.27161316113138 1.1653602445138564
2458495 zg 4.722200668838676 -8.891468887782032
2458502 zg 12.280887838252715 1.1649626915341469
2458502 zg 10.352745308039351 13.031719422809505
2458508 zg 7.720225123028134 20.157741419831275
2458508 zg 7.482211230577169 1.6991485434442724
2458539 zg 20.801931072784836 31.850795825041587
2458544 zg 7.620670567430913 -26.963153101247816
2458560 zg 9.76280093439438 10.3135639434837
2458568 zg 6.296267558451568 -8.89187881963096
2458582 zg 4.263751801703654 0.09802999400255885
2458585 zg 4.7834852415978 -1.4986699932181864
2458588 zg 8.638173278773971 7.607909576153588
2458594 zg 12.31723339085422 -21.346255953118884
2458597 zg 4.79230486772763 -0.4346936152639955
2458606 zg 4.29133003163361 3.8408653312648084
2458617 zg 7.43412680449475 -2.029923664484727
2458628 zg 4.2285543396984435 -4.678864857829467
2458633 zg 4.748368752609661 -5.735030379708519
2458634 zg 4.359050656016569 13.031707043940287
2458634 zg 4.283432385819445 2.7690203321653826
2458635 zg 4.319086639386986 7.607909576153588
2458637 zg 4.283432385819445 2.7690203321653826
2458640 zg 4.779081517175196 -2.029923664484727
2458643 zg 4.787893023868898 -0.9669267938378425
2458649 zg 10.532251562649693 -34.030118636630505
2458652 zg 6.9605776269565975 2.7690203321653826
2458667 zg 4.809992933942465 1.6991479271366643
2458670 zg 5.295438504065198 -3.6207520141610985
2458673 zg 6.532556505486603 12.487076562045104
2458677 zg 8.654100046583572 8.68867635338222
2458680 zg 10.182526051787935 3.3046960303001924
2458683 zg 6.360381635914905 -3.0909642249132503
2458683 zg 5.403833122128272 8.148044109039688
2458686 zg 4.717853363607561 -9.416326228803769
2458686 zg 5.3052020520726915 -2.560688258298228
2458853 zg 4.863449809915444 8.148044109039688
2458856 zg 4.770286226936179 -3.0909642249132503
2458874 zg 4.251986881420267 -1.4986699932181864
2458877 zg 4.236350803252159 -3.6207520141610985
2458896 zg 4.761507123307531 -4.150052075462895
2458900 zg 4.275549274615525 1.6991479271366643
2458914 zg 10.50344884428967 -8.366948154031206
2458937 zg 3.7411056152885847 1.6991479271366643
2458940 zg 5.76626522218702 -9.416326228803769
2458944 zg 8.56686477163889 2.7690203321653826
2458954 zg 4.761507123307531 -4.150052075462895
2458963 zg 4.275549274615525 1.6991479271366643
2458969 zg 5.911458078427562 4.914686561432518
2458972 zg 5.971653690771403 10.856191624095572
2458980 zg 3.717063402247375 -2.029923664484727
2458986 zg 3.7757216393476907 7.0682722965294715
2458992 zg 4.2285543396984435 -4.678864857829467
2458995 zg 4.713510060549175 -9.940290826440105
2458998 zg 4.343020866015566 10.856191624095572
2459012 zg 3.772245672190631 6.529131812390915
2459018 zg 4.275549274615525 1.6991479271366643
2459024 zg 4.295284313392093 4.3775286898898
2459027 zg 5.949693782026205 8.68867635338222
2459032 zg 8.622275822150014 6.529131812390915
2459036 zg 5.949693782026205 8.68867635338222
2459040 zg 4.299242238856409 4.914686561432518
2459045 zg 4.850030149959382 6.529131812390915
2459218 zg 10.20779464606788 -24.417071508937966
2459227 zg 4.787893023868898 -0.9669267938378425
2459227 zg 4.24025442394327 -3.0909642249132503
2459229 zg 4.255904910105688 -0.9669267938378425
2459230 zg 4.818861434046875 2.7690203321653826
2459250 zg 5.275965280677402 -5.735030379708519
2459253 zg 3.703394429239191 -4.150052075462895
2459255 zg 5.408812529114733 8.68867635338222
2459257 zg 4.216886539358693 -6.262384015173893
2459268 zg 4.81442514194721 2.233837782444539
2459270 zg 7.475323031979914 1.1649503126649279
2459272 zg 12.337573840946629 3.8408653312648084
2459290 zg 4.24025442394327 -3.0909642249132503
2459292 zg 4.275549274615525 1.6991479271366643
2459301 zg 13.780826877815628 -3.0909642249132503
2459305 zg 6.9605776269565975 2.7690203321653826
2459305 zg 7.482211230577169 1.6991479271366643
2459307 zg 4.809992933942465 1.6991479271366643
2459311 zg 4.29133003163361 3.8408653312648084
2459313 zg 5.713399784867097 -14.634318890495706
2459321 zg 4.303203811384062 5.452339401563563
2459325 zg 5.938744129157104 7.607909576153588
2459329 zg 11.264741333038227 3.8408653312648084
2459335 zg 4.801140755181838 0.6312444858696153
2459340 zg 4.739629985298183 -6.789252163600395
2459344 zg 4.335028089810884 9.77143581135158
2459346 zg 4.295284313392093 4.3775286898898
2459348 zg 4.303203811384062 5.452339401563563
2459356 zg 7.957803078109036 -2.560688258298228
2459361 zg 8.977405666721896 -5.207190809850999
2459363 zg 4.275549274615525 1.6991479271366643
2459365 zg 4.81442514194721 2.233837782444539
2459366 zg 4.299242238856409 4.914686561432518
2459368 zg 4.279489015064188 2.233837782444539
2459370 zg 4.295284313392093 4.3775286898898
2459374 zg 4.24025442394327 -3.0909642249132503
2459376 zg 4.2480724597112856 -2.029923664484727
2459378 zg 4.323066497702618 8.148044109039688
2459387 zg 16.528109585266453 19.606550023579416
2459391 zg 6.538575984024853 13.031707043940287
2459393 zg 8.814991778808775 19.606550023579416
2459395 zg 5.3052020520726915 -2.560688258298228
2459397 zg 5.403833122128272 8.148044109039688
2459400 zg 5.85186925139532 -0.9669267938378425
2459408 zg 5.927814627728134 6.529131812390915
2459419 zg 10.83757022452721 9.77143581135158
2459423 zg 5.3247831863640345 -0.4346936152639955
2459600 zg 7.913947921016101 -5.735030379708519
2459641 zg 4.2285543396984435 -4.678864857829467
2459670 zg 4.275549274615525 1.6991479271366643
2459673 zg 4.29133003163361 3.8408653312648084
2459677 zg 5.379004764230078 5.452339401563563
2459679 zg 5.388922388843759 6.529131812390915
2459682 zg 7.427282872901768 -2.560688258298228
2459684 zg 12.62737769190342 -7.315635271930546
2459687 zg 12.580942302953497 -9.416326228803769
2459694 zg 5.3542904822743065 2.7690203321653826
2459697 zg 3.7342205873636525 0.6312444858696153
2459699 zg 4.255904910105688 -0.9669267938378425
2459699 zg 5.285692924623054 -4.678864857829467
2459701 zg 4.809992933942465 1.6991479271366643
2459710 zg 6.903117747030839 -2.029923664484727
2459711 zg 8.098287448850598 7.607909576153588
2459715 zg 11.453051766207917 13.576839380122806
2459722 zg 4.79672077691661 0.09802999400255885
2459722 zg 4.3630673395077775 13.576839380122806
2459724 zg 4.885898474267512 10.856191624095572
2459730 zg 4.359050656016569 13.031707043940287
2459730 zg 4.232450776273361 -4.150052075462895
2459732 zg 4.335028089810884 9.77143581135158
2459734 zg 4.83664751871346 4.914686561432518
2459738 zg 6.307876400765136 -7.841533786700211
2459747 zg 6.31368884595171 -7.315635271930546
2459749 zg 5.184440909976572 -15.672162668467877
2459759 zg 4.279489015064188 2.233837782444539
2459759 zg 4.854499250589887 7.0682722965294715
2459761 zg 4.922032062223267 15.21525214091514
2459763 zg 4.801140755181838 0.6312444858696153
2459770 zg 9.052131416818858 -0.4346936152639955
2459937 zg 5.916905240653085 5.452339401563563
2459951 zg 16.062871446822918 2.7690203321653826
2459957 zg 8.18828948288517 14.12247403303411
2459978 zg 4.761507123307531 -4.150052075462895
2459985 zg 7.92853938693458 -4.678864857829467
2459995 zg 4.713510060549175 -9.940290826440105
2460016 zg 6.9734113014046155 3.8408653312648084
2460043 zg 10.610404104145383 -2.560688258298228
2460045 zg 4.845565163627658 5.990487666379408
2460049 zg 4.832194852566104 4.3775286898898
2460051 zg 4.29133003163361 3.8408653312648084
2460055 zg 4.319086639386986 7.607909576153588
2460057 zg 4.299242238856409 4.914686561432518
2460061 zg 4.818861434046875 2.7690203321653826
2460063 zg 5.237233400610195 -9.940290826440105
2460065 zg 6.96699150911806 3.3046960303001924
2458198 zr 5.6816167234608335 31.854220710718458
2458217 zr 8.0723497254386 51.78762859609173
2458217 zr 6.900064959105508 48.33282532747739
2458218 zr 6.849410249638261 39.250132383608815
2458219 zr 8.0723497254386 51.95462528312352
2458243 zr 6.919156907518801 53.90147977080016
2458256 zr 6.830510752359124 38.86538788041264
2458256 zr 5.68685209645773 37.72749352184644
2458262 zr 9.007243757187183 25.730225908912516
2458270 zr 8.050075785623093 52.48931855474315
2458279 zr 5.697337319430772 41.68254442231326
2458282 zr 5.702587178301606 43.03117201827333
2458288 zr 6.830510752359124 41.16192643526493
2458294 zr 7.983622049622248 43.84015385782047
2458300 zr 6.957499428364065 64.92913856906581
2458303 zr 6.855721695695072 46.70198789645152
2458306 zr 7.968929211085644 42.3272499456392
2458325 zr 11.724705121562183 80.41741926018739
2458336 zr 7.794710124443716 17.015086647320743
2458458 zr 8.13954200911967 73.84942196149703
2458462 zr 10.350097438658262 39.79750860893683
2458462 zr 7.925012738287281 20.399583127526746
2458462 zr 6.919156907518801 43.25231187755117
2458462 zr 6.792868061389098 20.399583127526746
2458465 zr 8.0723497254386 19.08925997787083
2458477 zr 7.968929211085644 -3.874631334728008
2458487 zr 6.792868061389098 -10.703390128563285
2458488 zr 6.830510752359124 -3.8917636639822315
2458492 zr 6.811663404240936 -7.302365821968356
2458494 zr 5.702587178301606 -1.6128952170383084
2458509 zr 9.12413948528257 -1.6128987152939809
2458527 zr 9.2255425433584 12.149222711035474
2458539 zr 8.0574935949267 9.844960031123719
2458557 zr 6.761657667660862 -16.35121511157263
2458560 zr 6.881025690881292 5.249148971898649
2458573 zr 6.824222515749275 -5.0297283257755225
2458582 zr 6.951094284707212 17.928483827447735
2458585 zr 6.887366269249427 6.396514887464036
2458591 zr 15.116292302650816 22.571093435737566
2458594 zr 12.215032142216064 -34.250094490792435
2458597 zr 6.817940068153001 -6.16657512740403
2458606 zr 6.824222515749275 -5.0297283257755225
2458617 zr 6.805392518688516 -8.43712991650159
2458628 zr 6.811663404240936 -7.302375336475507
2458633 zr 6.843104613961927 -1.612898717229882
2458634 zr 5.7765951765533545 14.457733911490095
2458635 zr 5.665939505146776 -9.570839830098294
2458637 zr 5.697337319430772 -2.752891086417094
2458640 zr 5.728909124760909 4.102839332884059
2458643 zr 6.919156907518801 12.149222711035236
2458649 zr 11.2279877190587 -20.850693455373175
2458652 zr 9.115739711089235 -2.752891086417094
2458655 zr 6.887366269249427 6.396514887464036
2458658 zr 6.868362040371042 2.957584998001721
2458661 zr 5.7819180682360045 15.613585154261955
2458667 zr 6.824222515749275 -5.0297283257755225
2458670 zr 6.983179078130754 23.73442080113523
2458673 zr 6.811663404240936 -7.302375336475507
2458680 zr 9.35388262430921 29.56715676227077
2458680 zr 11.35277234040156 -7.302375336475507
2458681 zr 10.30254306055656 2.957584998001721
2458686 zr 7.917716892187131 -11.8351295040286
2458828 zr 8.035260647457665 6.396514887464036
2458828 zr 7.895869628932786 -15.22375303118929
2458828 zr 7.9983419783109175 0.6702383554481912
2458828 zr 9.268125712942949 17.928483827447735
2458856 zr 9.2255425433584 12.149222711035236
2458874 zr 5.660723384490915 -10.70350603898919
2458881 zr 6.881025690881292 5.249148971898649
2458887 zr 6.824222515749275 -5.0297283257755225
2458895 zr 6.868362040371042 2.957584998001721
2458900 zr 5.67638617020078 -7.302375336475507
2458905 zr 5.750054132587924 8.694419442420894
2458911 zr 5.645103816921754 -14.095252041489857
2458972 zr 6.836804783316926 -2.752891086417094
2458986 zr 5.67638617020078 -7.302375336475507
2458992 zr 5.819315898442295 23.73442080113523
2458995 zr 5.7819180682360045 15.613585154261955
2458998 zr 5.650305544797134 -12.965711185169994
2459001 zr 9.098963354332367 -5.0297283257755225
2459009 zr 8.117082666424743 19.08753322160146
2459012 zr 5.707841874698551 -0.471855892594931
2459015 zr 5.7765951765533545 14.457733911490095
2459018 zr 5.71836579790529 1.813384995735305
2459021 zr 5.7659640895990005 12.149222711035236
2459024 zr 6.906423081365745 9.844960031123719
2459027 zr 6.887366269249427 6.396514887464036
2459036 zr 9.090586757537334 -6.16657512740403
2459043 zr 6.938301681883206 15.613585154261955
2459045 zr 5.77127718517811 13.302946756951314
2459186 zr 11.405174356603212 -1.612898717229882
2459186 zr 11.238333841751354 -19.72737745674476
2459189 zr 9.048819305356721 -11.8351295040286
2459189 zr 9.140962260926763 0.6702383554481912
2459189 zr 9.174700921175056 5.249148971898649
2459189 zr 10.503751495366998 27.23083859538019
2459190 zr 8.92466485005699 -28.68500289164649
2459190 zr 6.881025690881292 5.249148971898649
2459190 zr 7.9396246051366015 -8.43712991650159
2459190 zr 8.079788059249355 13.302946756951314
2459193 zr 7.954263412845167 -6.16657512740403
2459194 zr 7.961592935040821 -5.0297283257755225
2459194 zr 8.020472774665272 4.102839332884059
2459194 zr 8.027863306028173 5.249148971898649
2459194 zr 10.245766128538685 -3.8918339672093225
2459195 zr 9.157816053828055 2.957584998001721
2459195 zr 6.951094284707212 17.928483827447735
2459195 zr 7.968929211085644 -3.8918339672093225
2459195 zr 7.903145343690456 -14.095252041489857
2459196 zr 9.082217872321248 -7.302375336475507
2459205 zr 5.7659640895990005 12.149222711035236
2459217 zr 8.050075785623093 8.694419442420894
2459219 zr 8.020472774665272 4.102839332884059
2459227 zr 5.77127718517811 13.302946756951314
2459227 zr 6.843104613961927 -1.612898717229882
2459228 zr 5.68685209645773 -5.0297283257755225
2459231 zr 5.787245864741456 16.77050146577244
2459231 zr 5.71836579790529 1.813384995735305
2459233 zr 5.68685209645773 -5.0297283257755225
2459253 zr 5.67116043224043 -8.43712991650159
2459260 zr 8.0574935949267 9.844960031123719
2459265 zr 5.68685209645773 -5.0297283257755225
2459272 zr 10.41704255653462 16.77050146577244
2459295 zr 6.824222515749275 -5.0297283257755225
2459297 zr 6.780366653756561 -12.965711185169994
2459305 zr 7.946940638281092 -7.302375336475507
2459307 zr 5.739471891041189 6.396514887464036
2459309 zr 6.79912740617613 -9.570839830098294
2459311 zr 5.67638617020078 -7.302375336475507
2459316 zr 5.702587178301606 -1.612898717229882
2459316 zr 5.728909124760909 4.102839332884059
2459316 zr 5.67638617020078 -7.302375336475507
2459316 zr 5.650305544797134 -12.965711185169994
2459316 zr 5.665939505146776 -9.570839830098294
2459316 zr 5.713101413079227 0.6702383554481912
2459316 zr 5.713101413079227 0.6702383554481912
2459316 zr 5.7659640895990005 12.149222711035236
2459316 zr 5.639906877809133 -15.22375303118929
2459316 zr 5.71836579790529 1.813384995735305
2459316 zr 5.7553525678047865 9.844960031123719
2459316 zr 5.7765951765533545 14.457733911490095
2459316 zr 5.744760575163566 7.54493805290258
2459316 zr 5.723635033642535 2.957584998001721
2459316 zr 5.7606558853088705 10.996560795025744
2459316 zr 5.7553525678047865 9.844960031123719
2459316 zr 5.67116043224043 -8.43712991650159
2459316 zr 5.7341880757344095 5.249148971898649
2459316 zr 5.71836579790529 1.813384995735305
2459316 zr 5.67638617020078 -7.302375336475507
2459316 zr 5.728909124760909 4.102839332884059
2459316 zr 5.7341880757344095 5.249148971898649
2459316 zr 5.67638617020078 -7.302375336475507
2459316 zr 5.707841874698551 -0.471855892594931
2459316 zr 5.639906877809133 -15.22375303118929
2459316 zr 5.650305544797134 -12.965711185169994
2459316 zr 5.797916190303388 19.08753322160146
2459316 zr 5.608825560555097 -21.9729753180452
2459316 zr 5.728909124760909 4.102839332884059
2459316 zr 5.665939505146776 -9.570839830098294
2459316 zr 5.77127718517811 13.302946756951314
2459316 zr 5.6816167234608335 -6.16657512740403
2459316 zr 5.702587178301606 -1.612898717229882
2459316 zr 5.723635033642535 2.957584998001721
2459316 zr 5.6816167234608335 -6.16657512740403
2459316 zr 5.639906877809133 -15.22375303118929
2459316 zr 5.62434474898244 -18.60302636923916
2459316 zr 5.71836579790529 1.813384995735305
2459316 zr 5.713101413079227 0.6702383554481912
2459316 zr 5.68685209645773 -5.0297283257755225
2459316 zr 5.629527348241989 -17.477639239070186
2459316 zr 5.7765951765533545 14.457733911490095
2459316 zr 5.71836579790529 1.813384995735305
2459316 zr 5.728909124760909 4.102839332884059
2459316 zr 5.68685209645773 -5.0297283257755225
2459316 zr 5.71836579790529 1.813384995735305
2459316 zr 5.67638617020078 -7.302375336475507
2459316 zr 5.7341880757344095 5.249148971898649
2459316 zr 5.665939505146776 -9.570839830098294
2459316 zr 6.805392518688516 -8.43712991650159
2459316 zr 5.68685209645773 -5.0297283257755225
2459316 zr 5.728909124760909 4.102839332884059
2459316 zr 5.598503232189739 -24.214440442779505
2459316 zr 5.68685209645773 -5.0297283257755225
2459316 zr 5.67116043224043 -8.43712991650159
2459316 zr 5.67116043224043 -8.43712991650159
2459316 zr 5.645103816921754 -14.095252041489857
2459316 zr 5.68685209645773 -5.0297283257755225
2459316 zr 5.723635033642535 2.957584998001721
2459316 zr 5.787245864741456 16.77050146577244
2459316 zr 5.665939505146776 -9.570839830098294
2459316 zr 5.68685209645773 -5.0297283257755225
2459316 zr 5.608825560555097 -21.9729753180452
2459316 zr 5.67116043224043 -8.43712991650159
2459316 zr 5.7606558853088705 10.996560795025744
2459316 zr 5.728909124760909 4.102839332884059
2459316 zr 5.713101413079227 0.6702383554481912
2459316 zr 5.660723384490915 -10.70350603898919
2459316 zr 5.645103816921754 -14.095252041489857
2459316 zr 5.7765951765533545 14.457733911490095
2459316 zr 5.71836579790529 1.813384995735305
2459316 zr 5.660723384490915 -10.70350603898919
2459316 zr 5.62434474898244 -18.60302636923916
2459316 zr 5.697337319430772 -2.752891086417094
2459316 zr 5.744760575163566 7.54493805290258
2459316 zr 5.68685209645773 -5.0297283257755225
2459316 zr 5.792578570589343 17.928483827447735
2459316 zr 5.67638617020078 -7.302375336475507
2459316 zr 5.692092293632603 -3.8918339672093225
2459316 zr 5.723635033642535 2.957584998001721
2459316 zr 5.665939505146776 -9.570839830098294
2459316 zr 5.7341880757344095 5.249148971898649
2459316 zr 5.697337319430772 -2.752891086417094
2459316 zr 5.707841874698551 -0.471855892594931
2459316 zr 5.750054132587924 8.694419442420894
2459316 zr 5.665939505146776 -9.570839830098294
2459316 zr 5.744760575163566 7.54493805290258
2459316 zr 5.619166920875677 -19.72737745674476
2459316 zr 5.6816167234608335 -6.16657512740403
2459316 zr 5.702587178301606 -1.612898717229882
2459316 zr 5.697337319430772 -2.752891086417094
2459316 zr 5.728909124760909 4.102839332884059
2459316 zr 5.6816167234608335 -6.16657512740403
2459316 zr 5.67116043224043 -8.43712991650159
2459316 zr 5.660723384490915 -10.70350603898919
2459316 zr 5.7606558853088705 10.996560795025744
2459316 zr 5.728909124760909 4.102839332884059
2459316 zr 5.665939505146776 -9.570839830098294
2459316 zr 5.68685209645773 -5.0297283257755225
2459316 zr 5.702587178301606 -1.612898717229882
2459316 zr 5.7553525678047865 9.844960031123719
2459316 zr 5.660723384490915 -10.70350603898919
2459316 zr 5.6816167234608335 -6.16657512740403
2459316 zr 5.702587178301606 -1.612898717229882
2459316 zr 5.739471891041189 6.396514887464036
2459316 zr 5.707841874698551 -0.471855892594931
2459316 zr 5.655512065847951 -11.8351295040286
2459316 zr 5.660723384490915 -10.70350603898919
2459316 zr 5.713101413079227 0.6702383554481912
2459316 zr 5.7606558853088705 10.996560795025744
2459316 zr 5.67638617020078 -7.302375336475507
2459316 zr 5.7606558853088705 10.996560795025744
2459316 zr 5.68685209645773 -5.0297283257755225
2459316 zr 5.707841874698551 -0.471855892594931
2459316 zr 5.655512065847951 -11.8351295040286
2459316 zr 5.723635033642535 2.957584998001721
2459316 zr 5.739471891041189 6.396514887464036
2459316 zr 5.702587178301606 -1.612898717229882
2459316 zr 5.650305544797134 -12.965711185169994
2459316 zr 5.588199900753713 -26.45178043672263
2459316 zr 5.67116043224043 -8.43712991650159
2459316 zr 5.7553525678047865 9.844960031123719
2459316 zr 5.7606558853088705 10.996560795025744
2459316 zr 5.707841874698551 -0.471855892594931
2459316 zr 5.655512065847951 -11.8351295040286
2459316 zr 5.7341880757344095 5.249148971898649
2459316 zr 5.707841874698551 -0.471855892594931
2459316 zr 5.67116043224043 -8.43712991650159
2459316 zr 5.750054132587924 8.694419442420894
2459316 zr 5.68685209645773 -5.0297283257755225
2459316 zr 5.697337319430772 -2.752891086417094
2459316 zr 5.787245864741456 16.77050146577244
2459316 zr 5.697337319430772 -2.752891086417094
2459317 zr 5.697337319430772 -2.752891086417094
2459323 zr 6.912787062370644 10.996560795025744
2459325 zr 5.851563648294423 30.73693070842296
2459329 zr 10.29305843622952 1.813384995735305
2459335 zr 12.743672855296554 17.928483827447735
2459338 zr 5.750054132587924 8.694419442420894
2459342 zr 5.665939505146776 -9.570839830098294
2459344 zr 5.739471891041189 6.396514887464036
2459346 zr 6.774124580306105 -14.095252041489857
2459348 zr 5.702587178301606 -1.612898717229882
2459352 zr 5.707841874698551 -0.471855892594931
2459353 zr 6.792868061389098 -10.70350603898919
2459354 zr 6.792868061389098 -10.70350603898919
2459356 zr 7.961592935040821 -5.0297283257755225
2459361 zr 10.283582543542607 0.6702383554481912
2459363 zr 6.830510752359124 -3.8918339672093225
2459364 zr 6.830510752359124 -3.8918339672093225
2459368 zr 5.707841874698551 -0.471855892594931
2459370 zr 5.739471891041189 6.396514887464036
2459387 zr 10.397871317796037 14.457733911490095
2459391 zr 8.974120896888154 -21.9729753180452
2459393 zr 5.650305544797134 -12.965711185169994
2459400 zr 5.665939505146776 -9.570839830098294
2459402 zr 6.862038957486348 1.813384995735305
2459404 zr 7.823479861055198 -26.45178043672263
2459406 zr 8.941119841205941 -26.45178043672263
2459410 zr 10.095886008999173 -21.9729753180452
2459415 zr 7.954263412845167 -6.16657512740403
2459427 zr 6.862038957486348 1.813384995735305
2459551 zr 9.200086612140678 8.694419442420894
2459551 zr 7.910427762715988 -12.965711185169994
2459551 zr 7.837904525065635 -24.214440442779505
2459551 zr 6.668884246474882 -33.13912548172175
2459551 zr 6.919156907518801 12.149222711035236
2459601 zr 8.117082666424743 19.08753322160146
2459637 zr 6.836804783316926 -2.752891086417094
2459670 zr 5.739471891041189 6.396514887464036
2459673 zr 5.819315898442295 23.73442080113523
2459675 zr 5.7553525678047865 9.844960031123719
2459677 zr 6.805392518688516 -8.43712991650159
2459679 zr 5.77127718517811 13.302946756951314
2459684 zr 11.531928179198001 12.149222711035236
2459687 zr 11.37370419291546 -5.0297283257755225
2459690 zr 6.792868061389098 -10.70350603898919
2459694 zr 5.707841874698551 -0.471855892594931
2459699 zr 5.645103816921754 -14.095252041489857
2459699 zr 5.67638617020078 -7.302375336475507
2459702 zr 5.723635033642535 2.957584998001721
2459707 zr 6.944695037689747 16.77050146577244
2459709 zr 6.8937126901962795 7.54493805290258
2459709 zr 6.79912740617613 -9.570839830098294
2459709 zr 9.293769903113349 21.40883704116095
2459719 zr 5.660723384490915 -10.70350603898919
2459724 zr 5.67638617020078 -7.302375336475507
2459726 zr 5.697337319430772 -2.752891086417094
2459730 zr 5.6816167234608335 -6.16657512740403
2459730 zr 5.7553525678047865 9.844960031123719
2459732 zr 5.639906877809133 -15.22375303118929
2459734 zr 5.739471891041189 6.396514887464036
2459736 zr 5.71836579790529 1.813384995735305
2459742 zr 12.260116982039719 -29.800072410586836
2459747 zr 5.67638617020078 -7.302375336475507
2459752 zr 6.743000305050812 -19.72737745674476
2459754 zr 6.792868061389098 -10.70350603898919
2459756 zr 5.744760575163566 7.54493805290258
2459759 zr 5.68685209645773 -5.0297283257755225
2459759 zr 5.713101413079227 0.6702383554481912
2459761 zr 5.697337319430772 -2.752891086417094
2459765 zr 6.843104613961927 -1.612898717229882
2459772 zr 10.27411537445739 -0.471855892594931
2459772 zr 9.157816053828055 2.957584998001721
2459774 zr 9.098963354332367 -5.0297283257755225
2459774 zr 8.013089047099548 2.957584998001721
2459776 zr 6.736792631435219 -20.850693455373175
2459776 zr 9.149385276648463 1.813384995735305
2459778 zr 6.755432817890387 -17.477639239070186
2459778 zr 6.743000305050812 -19.72737745674476
2459914 zr 9.397058184791742 35.42681540934677
2459929 zr 10.236333773623912 -5.0297283257755225
2459929 zr 9.38840715891021 34.25272390836176
2459929 zr 9.157816053828055 2.957584998001721
2459937 zr 6.811663404240936 -7.302375336475507
2459971 zr 6.792868061389098 -10.70350603898919
2459994 zr 5.655512065847951 -11.8351295040286
2460032 zr 6.699666417547515 -27.568905882618992
2460043 zr 7.968929211085644 -3.8918339672093225
2460045 zr 5.692092293632603 -3.8918339672093225
2460051 zr 5.619166920875677 -19.72737745674476
2460055 zr 5.723635033642535 2.957584998001721
2460057 zr 10.245766128538685 -3.8918339672093225
2460061 zr 6.849410249638261 -0.471855892594931
2460063 zr 6.774124580306105 -14.095252041489857
