jd filt fluxerr adjflux
2458207 zg 10.593127835392286 -5.652933438773309
2458207 zg 10.05322199116353 25.173546506459026
2458243 zg 2.429732274622412 -1.8079358492374977
2458246 zg 2.540155897682259 2.892118159411282
2458267 zg 9.451701162819253 -10.477342556044015
2458270 zg 6.100588099557104 9.867271375993777
2458273 zg 2.4327529561977372 3.807796850347378
2458279 zg 2.232072015416696 -3.2463424427686323
2458283 zg 2.3658199952319876 3.2129263316160896
2458286 zg 2.564368849425273 -1.138090678142141
2458289 zg 4.355243915863264 -12.057004928782689
2458293 zg 7.202575934884169 -9.932985079549443
2458299 zg 6.074492245094923 11.382569355233995
2458302 zg 2.930568835676992 -0.2308929130012604
2458305 zg 3.9385074120582497 3.4484447474499276
2458472 zg 7.878250123849344 -2.1410862490432234
2458487 zg 2.3813339738813153 -2.015492410447422
2458495 zg 1.946411324737261 -4.7609669462096
2458511 zg 4.74051828590817 1.568674983184231
2458547 zg 2.3292888909857865 1.537345586482389
2458561 zg 10.504270810182856 1.523307116977654
2458568 zg 2.7670237955742945 -1.7521565719108372
2458573 zg 2.5331938473323263 -2.894294178860973
2458581 zg 2.97493999739299 -6.772023954247
2458584 zg 3.463297296457308 -0.498334539904818
2458587 zg 4.607859135742132 5.815199931259148
2458596 zg 2.840652629099479 0.9589389754449649
2458600 zg 2.3374140249227926 -2.4009907949309146
2458617 zg 6.9294009099948175 -3.0059171847859036
2458634 zg 2.245207699917303 0.13684267295801014
2458637 zg 2.1666634581306417 -0.631255261626813
2458640 zg 2.087086833944015 -1.0810462053432506
2458643 zg 3.727660397628013 3.5463870785154734
2458651 zg 9.481196531618446 6.498188589544876
2458654 zg 5.7440074785913895 -0.9715927723836972
2458658 zg 2.2634207441118117 0.5733453517109631
2458662 zg 3.4297754951326427 -3.7846976403580967
2458667 zg 2.8379305834256625 -2.064840512113394
2458836 zg 8.772488934509733 -6.745236623303714
2458857 zg 2.7257305232346716 3.4014616776312883
2458873 zg 2.588346711885064 8.365965669058468
2458877 zg 2.1542756670480516 6.138184922581113
2458894 zg 4.267235641447786 9.044572064157286
2458898 zg 1.5655088601546883 10.740878830340257
2458937 zg 1.767410420712627 19.954623129788654
2458955 zg 2.213684388377872 25.683500067022987
2458963 zg 2.136715674798215 34.815008699641965
2458963 zg 1.9297195762909198 32.435107247895985
2458966 zg 4.860295028641719 34.57516494535989
2458972 zg 4.894643031610901 37.66823171502741
2458976 zg 9.479041891822854 33.45529061184282
2458980 zg 1.5917988893790882 43.87008278245472
2458986 zg 2.211663096966663 45.594485864024705
2458992 zg 1.943839523982565 53.4229040326861
2458995 zg 2.0026587908809494 51.861847928380435
2458998 zg 2.7964482830784383 46.783710573942834
2459014 zg 2.2266527415599167 61.076437833763656
2459017 zg 1.9580797490096113 64.40012647897068
2459020 zg 2.0112433374117296 64.09566284270537
2459023 zg 2.5593955545452007 67.48594866213408
2459026 zg 7.453264093075851 64.82113734063218
2459039 zg 4.4516039006714125 79.62109058847174
2459043 zg 4.149903365976541 72.22411089678434
2459190 zg 10.120958733907141 19.524208924263224
2459204 zg 3.0114739078306996 6.915648791956781
2459217 zg 7.436481831154833 5.450034500978388
2459218 zg 6.119214665558517 9.075882042392651
2459227 zg 2.883325138635045 3.565304662658149
2459231 zg 2.33347502831818 5.537048784404014
2459251 zg 2.4798852016233606 3.5411902245654976
2459253 zg 2.722611507266644 5.126654510665361
2459255 zg 1.8413942766010885 2.1863961525009756
2459258 zg 3.500541802466416 0.3497195746834021
2459264 zg 1.9411013652652525 6.5685153223396835
2459270 zg 6.6308695444697 11.826039254486918
2459272 zg 11.56279041888264 6.6125408563652455
2459292 zg 2.3325042842620185 0.5753524166771451
2459304 zg 10.253743420299964 -13.859840603419144
2459306 zg 3.2772447159023783 -1.519184729650438
2459307 zg 2.0055571970998827 0.4898651458519563
2459307 zg 1.8975931892088482 0.9988683780933691
2459308 zg 2.2388839191254593 2.452932141503625
2459309 zg 2.4821599558570515 6.2524032183882685
2459313 zg 2.8216232456671078 4.918129655376726
2459325 zg 3.9690955349087624 1.586963097267787
2459334 zg 2.4199522239941405 3.1674215304715814
2459336 zg 1.9860197616302566 -0.7081504114236126
2459338 zg 2.6236241940427245 1.3638603881053866
2459340 zg 2.4221158850336857 2.016681591015938
2459342 zg 2.109073696013771 -3.5767560945243195
2459344 zg 1.6546259449395502 -0.27865606999495457
2459346 zg 3.0260133032227183 -5.196830589559937
2459348 zg 1.96096947321032 3.1711128915211173
2459366 zg 2.5994320589747595 -2.1163610830563537
2459368 zg 2.040946820145407 1.8923064025952125
2459370 zg 2.483363561545177 4.876316862784643
2459374 zg 2.493770728550754 -2.1806806901191016
2459376 zg 2.5983421482917066 2.7711740239912697
2459379 zg 2.6662349695233414 0.07923131525303381
2459390 zg 8.740570810753159 2.782656350021704
2459392 zg 8.511635358107997 6.441708858119872
2459394 zg 3.3910906646634027 -4.484544436710405
2459399 zg 4.889037353771266 1.5905152846964707
2459401 zg 3.9106344284004555 0.16532504761397437
2459641 zg 1.8964287922239953 0.8697309591833212
2459673 zg 2.434181843287618 -1.7194847703581206
2459675 zg 2.3750263074371945 -2.1452159756890903
2459677 zg 3.460117595674277 1.4832287200770249
2459679 zg 3.4488973660437785 0.7729980702162861
2459682 zg 7.797595352987734 4.956183338603354
2459694 zg 3.9783452520025753 -2.9515580675482265
2459696 zg 2.150993217972881 -0.746690785395968
2459699 zg 3.4092300511031666 14.480666700696537
2459701 zg 2.582321838711811 0.33472145652090207
2459717 zg 6.095295897613198 -11.326303961159303
2459722 zg 2.3251673124086247 1.2967068585642438
2459724 zg 2.4996181139708784 -1.1320707273283683
2459730 zg 2.352772541120891 1.8161275844148266
2459730 zg 2.332608949852185 -2.1546695794019315
2459734 zg 3.247706179398065 3.0394375769375532
2459736 zg 3.441936504178753 1.4672459391754102
2459742 zg 14.15719209623101 8.576086283145946
2459747 zg 6.413199819229551 -7.6661040739623205
2459749 zg 3.781680031890448 -1.525016675447527
2459751 zg 3.0308305961408757 1.0252701457214983
2459756 zg 3.6269883652950137 3.2633423519758944
2459758 zg 3.3170989171949237 -0.3236325371854827
2459761 zg 3.9780588349665864 0.2098792006219671
2459763 zg 3.3098900034036993 1.4931824831735339
2459765 zg 4.4526618158156435 4.714990165765519
2459771 zg 10.13663679102171 -16.831466987601498
2459924 zg 7.928926278704565 8.331893074830724
2459937 zg 3.029311297395676 -1.345219309256026
2459951 zg 13.856214328758364 -16.79083613005604
2459996 zg 4.534634300504169 2.0337046703738624
2460016 zg 6.136175625402081 -1.813000621596872
2460032 zg 3.200463613142999 -4.23723698161837
2460044 zg 4.753300375681917 -5.635745366763367
2460046 zg 1.9056945782100156 -2.5315116286526016
2460050 zg 2.4682538624547767 -3.0549667571082644
2460057 zg 2.5667158858772394 3.395660058826495
2460059 zg 2.5748884700447183 0.6119324833567193
2460061 zg 3.14432938949235 -1.1400516848793762
2460063 zg 4.580024334897558 0.3221567068601575
2460065 zg 7.6093538831530685 8.710084490754806
2458198 zr 2.764977739734973 -0.9891708535875559
2458217 zr 4.2768294431045195 -12.467650349555866
2458218 zr 3.22198574099327 -5.165799032499093
2458219 zr 7.452542326443683 -0.8431031336832835
2458224 zr 8.477138121476559 -18.62318412833233
2458224 zr 7.942834482346504 -7.2910303874652405
2458230 zr 3.316743590781158 9.128959339097532
2458231 zr 3.5774471334805313 1.8471735176939015
2458233 zr 5.185743253370759 2.0668994646579875
2458243 zr 3.105849250471758 4.543732186626137
2458256 zr 3.383711752208638 -1.1280626592429424
2458256 zr 2.8846007136740655 -1.1829594576956508
2458279 zr 3.9506123862749836 -2.432470610527609
2458283 zr 3.0364065400155815 0.6522175318873941
2458286 zr 3.1556388871165018 -4.707208249464408
2458289 zr 5.548172396203606 -0.5842428225343117
2458293 zr 7.183676868555005 10.638438736351528
2458296 zr 7.40556882595907 -2.7845247119160157
2458305 zr 4.773862776633803 4.400265386187317
2458312 zr 5.0209860130025925 -3.8530878135597817
2458450 zr 7.960077478629065 7.462715865712218
2458450 zr 6.495160897318297 -11.220750948943557
2458450 zr 6.886136867743201 4.361996708396643
2458450 zr 6.0680832483759115 -0.2977369846869912
2458450 zr 6.666745997153339 7.245910953375236
2458451 zr 5.252525325873616 -8.250516212730883
2458451 zr 5.621384335656523 -0.34320425281411726
2458451 zr 5.978492082794312 7.4607049773381275
2458451 zr 7.754035520427399 -7.362857342346627
2458475 zr 7.177051189188611 1.8599914136529458
2458477 zr 5.78974235506677 -0.6094018666816358
2458488 zr 2.8998345810680983 -3.317692625533358
2458503 zr 5.881902027356722 -2.918928879526189
2458524 zr 2.783601362377614 -0.8475124630236553
2458539 zr 4.7100188993605645 -2.866390421945394
2458543 zr 3.206930391177895 1.3749150577179443
2458547 zr 2.9444200696624634 -0.9485514081197478
2458561 zr 7.170661492585552 -1.0212418454668228
2458573 zr 3.9213508167995714 -5.323956033841744
2458584 zr 3.734510003543178 -4.690355260952121
2458593 zr 9.403754356762223 -8.455432896127812
2458596 zr 3.9992679598931766 -0.04909655840250226
2458606 zr 3.025240585995985 -3.254650148403529
2458617 zr 6.100029350018793 2.131890223186603
2458637 zr 2.6286071472866177 1.4370680339444843
2458640 zr 2.847924205841345 -2.47462616450243
2458643 zr 4.145464731119306 -3.469967031116921
2458648 zr 9.61714726822522 7.692976815530678
2458654 zr 5.197836922503335 12.175942455656639
2458658 zr 3.4811570298020795 4.6521113909663825
2458667 zr 3.472741636456093 5.464728894888657
2458672 zr 5.723588791566369 -4.66079395337463
2458679 zr 7.918140135828238 9.572347244102502
2458812 zr 7.278110235828189 -0.3841686713982221
2458812 zr 9.106628098396229 5.771646911885585
2458854 zr 6.16389922739381 4.4596479180013695
2458877 zr 2.900645226128752 -0.4224272605954891
2458884 zr 4.142627274132865 0.9402761399181876
2458887 zr 4.4676162317286146 3.1212770962351604
2458895 zr 3.585227584483629 6.8217724353717175
2458898 zr 2.313023372983266 7.464588031358793
2458901 zr 2.4598905342770734 9.57505963113287
2458904 zr 3.2699060004853466 9.391135920987532
2458908 zr 2.584549637971399 6.016435430143059
2458914 zr 3.810572889484001 6.761079028999529
2458940 zr 6.9768859014262725 11.230215256909576
2458941 zr 3.857898970813716 14.43996797321828
2458955 zr 3.267435628840852 17.84461470767507
2458972 zr 5.80701594691002 16.773731643650823
2458976 zr 8.56363953087938 14.827771117606837
2458980 zr 2.1553386716926792 21.413521675863677
2458986 zr 2.677585338170093 27.206524937699143
2458992 zr 2.3786860385806037 24.19921015964997
2459009 zr 4.688541774302165 37.43231148685539
2459017 zr 2.6907519470486667 30.183614925223203
2459020 zr 2.959428107191659 28.291456281792357
2459033 zr 6.861418859550288 39.34171637105473
2459039 zr 3.478680932742172 39.203348695354855
2459174 zr 12.591617599478555 9.783748793324603
2459174 zr 12.789468357362676 -22.65094992781345
2459178 zr 6.125559701580727 6.104984722248549
2459178 zr 4.7839901118095325 3.2378173244262842
2459178 zr 4.714556419141302 14.634730083948533
2459182 zr 4.981610765115425 8.724411745920179
2459182 zr 4.995630095874255 2.8836116087626196
2459182 zr 5.328525400828114 -1.0805123683249622
2459182 zr 6.311570117051153 3.631319795093089
2459184 zr 10.241089520250071 21.438670482863454
2459184 zr 9.219531911945104 13.727477133345106
2459184 zr 8.172345612183586 -0.28831017304529105
2459184 zr 9.336911024825575 7.570521640018196
2459185 zr 9.94625897660739 26.144377166086862
2459185 zr 8.449231777111702 10.352994428981486
2459185 zr 7.455474290293902 11.406675952386323
2459185 zr 8.15683420374307 7.986972523010688
2459185 zr 7.432042808731281 12.676755656636471
2459186 zr 5.697092860941273 -0.8641123033157534
2459186 zr 6.562849358284654 8.797738703642436
2459186 zr 6.976856302448859 17.273546549669184
2459186 zr 9.095347448273342 16.511234922596376
2459201 zr 6.532943043853686 7.822840006868016
2459205 zr 3.0615344706952388 3.8187436149842298
2459217 zr 6.918263749163922 4.304188889043955
2459218 zr 4.788755345494024 3.7513851770600013
2459232 zr 2.509222387210147 0.9883122496043316
2459251 zr 3.4375489435501825 0.3191988590338912
2459253 zr 2.620003846622963 2.0970099921930174
2459255 zr 2.457950666848665 -0.9812528482678172
2459262 zr 2.805040613265787 4.072551912066994
2459265 zr 2.879919658938823 -0.4189431632010716
2459268 zr 4.061831761597182 1.4202191885196216
2459270 zr 6.084326099437799 -10.195902047876196
2459278 zr 4.575493749500812 -2.2536723183070286
2459290 zr 2.602394677128522 -2.1065489814505263
2459304 zr 9.287540121833192 9.782053814411679
2459305 zr 6.83636959910716 -3.8782726990580527
2459307 zr 2.8661216130469045 -5.378830602551866
2459307 zr 2.7642981143170604 -0.3415914245921056
2459308 zr 2.8683063490238903 -1.1334314598771922
2459309 zr 2.811419704915385 2.5869385292242435
2459310 zr 4.640034649599818 4.706610087651495
2459317 zr 2.3463184077201027 -1.6173023200527643
2459321 zr 2.6157749725825403 -6.511845828605242
2459323 zr 3.214488664309025 -4.683917953196387
2459325 zr 4.421841360701012 -1.25770650065896
2459334 zr 3.8744929336533 5.5400364958589305
2459338 zr 3.0317585715092874 -0.17908351741613393
2459340 zr 2.3361574022916054 -4.76997991446345
2459342 zr 2.6914393710631797 -0.7186401133572888
2459344 zr 2.422909113782771 -0.4570488909812725
2459346 zr 2.5923558360004226 -5.092547308854431
2459362 zr 3.942820812795359 3.664605920241089
2459364 zr 3.5402643958014206 -6.497387146452612
2459366 zr 2.5756672523848416 -0.002196203518381956
2459368 zr 2.6575760827390065 0.35305896633745176
2459370 zr 3.2952105924371984 2.5087651903905117
2459376 zr 3.6015525530408987 2.8227984623083295
2459386 zr 9.230363611310196 -9.051047092352576
2459390 zr 10.337125089408053 15.041178469403393
2459392 zr 3.210583254800191 3.0315866409113097
2459396 zr 3.0135831227897105 -5.957932908646665
2459399 zr 4.368454382624699 -7.691773328132432
2459537 zr 8.545313142117388 2.597486511933974
2459537 zr 8.278148191480255 1.2340900530534937
2459537 zr 9.098244445361084 16.680952604909745
2459537 zr 10.565211872281251 -8.513803490788272
2459538 zr 15.830148460166702 -6.147533216544515
2459538 zr 19.32545935101945 2.2814663918571894
2459541 zr 7.864812339203287 -6.9415358315503175
2459541 zr 8.213202754898607 4.454742312872278
2459551 zr 3.220202441817466 -0.7742881722262666
2459551 zr 3.4523651915955322 5.093720784024566
2459551 zr 3.3735848620079594 -0.1566304989308716
2459551 zr 3.371671704127046 1.1023686880753831
2459551 zr 3.717413205029599 -0.7612700856538962
2459601 zr 6.517803693654136 8.65855108461946
2459636 zr 3.284999200813645 0.15275977228173634
2459641 zr 2.8439368697306566 5.862698428938697
2459670 zr 2.4294162323682262 5.345899469779974
2459673 zr 3.125320884717283 1.9746462261602302
2459675 zr 3.3775908572481286 1.3837928033529265
2459677 zr 3.625633794410786 2.7914479433426918
2459682 zr 5.572104641682481 0.3143238796713032
2459687 zr 9.340019928626475 -2.067956147283359
2459690 zr 3.6059271084318407 2.7621989737238075
2459696 zr 2.71134559566917 1.539232953410133
2459699 zr 2.7810387510841488 -0.3151741307204226
2459702 zr 2.816357556251633 -1.2782348901622504
2459709 zr 4.967865065023063 -3.5124883421292807
2459709 zr 4.188799117221821 1.06668971775846
2459714 zr 9.808170255580455 -10.37895851693239
2459717 zr 4.928051018656454 -2.058078164708106
2459719 zr 2.468821872060057 -0.5496442398538512
2459719 zr 2.7214965882267017 2.5995516423550167
2459724 zr 3.027749573394073 0.0031182043721673536
2459726 zr 3.1835058326825743 -0.15029116842072296
2459730 zr 2.833265669015839 2.5334963048781356
2459730 zr 2.8842010739807162 7.038215815301529
2459732 zr 2.9105376701865278 -3.0494434992434902
2459734 zr 3.3873839156790577 9.217523006324281
2459736 zr 2.9082042697514887 4.173181142806304
2459738 zr 5.453737148824631 6.385350941855702
2459747 zr 2.663736293404518 5.321187941647497
2459751 zr 4.6839782866131285 4.7230114866875965
2459753 zr 3.5303884702475306 -0.1916996900860513
2459756 zr 3.2054373957810407 -0.46299606116609354
2459761 zr 3.3131480064133987 -5.934016340099439
2459765 zr 3.6818825545620104 3.461375042113216
2459902 zr 6.341737314423086 -8.941712569060897
2459902 zr 6.671188624131846 7.955296059606622
2459902 zr 7.777146303812182 -5.497707308754133
2459902 zr 8.604547472565303 -1.2457673415903348
2459904 zr 12.264255973756539 -14.557040780720087
2459904 zr 9.777724355371648 1.8096406243972567
2459904 zr 8.841878798390445 7.736454528221385
2459904 zr 8.049798344889684 8.189006979656915
2459905 zr 6.164986023677732 -12.893974835501357
2459905 zr 6.543901836136481 -7.1419585139590405
2459905 zr 7.65410124583491 4.346474791337683
2459907 zr 12.357586370214877 -25.147084228835478
2459914 zr 4.2483730949339495 2.1573033105179364
2459914 zr 4.936491574294272 5.045194133523808
2459914 zr 4.250850781902199 0.8911657707692537
2459914 zr 4.447782435675953 -2.303739343389268
2459914 zr 5.035446271777686 1.9504893302711062
2459915 zr 5.038729469277374 -1.0804771420828558
2459924 zr 5.451195469476788 -5.898187986351357
2459937 zr 3.3672538655088795 -3.209344016433691
2459972 zr 4.007098006355172 -2.251255360478627
2459996 zr 2.928691745845446 -3.4009798108130753
2460016 zr 7.250526585207237 -6.739248553462397
2460046 zr 2.699553480137693 2.858874173429504
2460055 zr 3.501428652127201 -2.561646513046066
2460057 zr 2.802386322258089 -0.42468233104884223
2460061 zr 3.1724864020610664 -5.008084842780156
2460063 zr 3.476027270696448 0.8426398025196661
