jd filt fluxerr adjflux
2458204 zg 7.119179851208945 11.907373431395285
2458210 zg 14.075560347034727 25.809360608990914
2458229 zg 4.472439128537173 -0.6602029000603125
2458237 zg 13.52899988533919 3.8308242626145557
2458237 zg 13.343375048017036 -3.633605603422552
2458242 zg 3.465771842185694 -2.644296544145618
2458267 zg 7.536907547912657 5.336125164433724
2458270 zg 8.02457261916167 4.332129156439919
2458274 zg 3.971841561139154 -1.156911802993477
2458277 zg 4.497223158269 2.329676919900294
2458280 zg 4.472439128537173 -0.6602029000603125
2458293 zg 7.412986137787241 -3.633605603422552
2458443 zg 9.122879208066704 -44.95142222281254
2458463 zg 34.18580920754929 22.171879712650252
2458470 zg 10.693616613561787 -12.455856562333224
2458487 zg 4.07935889923206 13.43502152284259
2458495 zg 3.935427498829447 -6.098920029489477
2458502 zg 7.863609009717184 -6.59062199496168
2458514 zg 17.006088299693428 -27.31105216195067
2458539 zg 10.615112708754484 -16.330153456159337
2458559 zg 6.531986541524303 5.336125164433724
2458567 zg 6.273113928288348 27.375474428457096
2458575 zg 14.89566718536991 37.39532099923258
2458580 zg 4.019684025553417 5.336125164433724
2458586 zg 4.484814023212757 0.8326716754230574
2458600 zg 4.538835451813894 7.349673993757506
2458607 zg 4.455992368524464 -2.644296544145618
2458612 zg 4.053142901660098 9.877064309376237
2458634 zg 4.476560294779708 -0.16303630057734608
2458637 zg 4.601976942579386 14.966896498923688
2458640 zg 4.513822098278439 4.332129156439919
2458643 zg 5.552577310501067 7.854221360939732
2458650 zg 10.993212164657553 2.329676919900294
2458653 zg 11.18728262332834 11.907373431395285
2458662 zg 5.47639309372852 0.33458841720369037
2458676 zg 9.712519966368216 -12.941706268363077
2458806 zg 8.370489391381236 -0.948672585137718
2458838 zg 22.85359913946839 113.61966439537551
2458854 zg 4.015983464180185 156.03428056013752
2458857 zg 4.538835451813894 162.57162074781596
2458873 zg 5.052448890052157 157.4270673053455
2458877 zg 3.979164706470852 146.98136829881662
2458880 zg 4.5263114964446665 151.55695439285697
2458886 zg 6.531986541524303 148.2430680797738
2458898 zg 3.562869939354709 149.86232916218285
2458908 zg 4.5513940600032505 141.92004679158
2458914 zg 5.532158495654592 136.3272490680023
2458962 zg 4.001215255077267 114.48757563773415
2458965 zg 4.038238044000776 118.42990022046698
2458968 zg 4.0419591120417255 117.86310498953478
2458971 zg 6.023975196270278 113.2763488120529
2458978 zg 4.455992368524464 103.36135094431938
2458981 zg 4.53048230382878 111.32010948603035
2458986 zg 4.001215255077267 106.11730337641151
2458992 zg 4.053142901660098 111.17214268503926
2458995 zg 4.923817289047785 94.70646252452698
2458998 zg 4.56819294106885 110.23217757239068
2459005 zg 7.76286281856885 83.68150036997908
2459011 zg 4.460098379763167 93.08623154714871
2459014 zg 4.019684025553417 99.6482024072154
2459021 zg 4.484814023212757 93.02546659269794
2459024 zg 4.44369700110225 87.17159510991065
2459178 zg 5.089814199078155 67.79186771797035
2459185 zg 7.827479008206765 45.0890511707037
2459186 zg 7.399343481895045 49.334841069018395
2459190 zg 8.393649890970917 49.13216198114872
2459204 zg 4.038238044000776 58.747259407467354
2459217 zg 11.176983498898672 60.188751752222494
2459221 zg 7.769502092624838 70.3320016021186
2459227 zg 3.9645318931228157 45.0820585994592
2459251 zg 3.9975316962391108 46.02009160807752
2459253 zg 5.047797555000971 51.26185118396374
2459255 zg 3.520464497234741 48.96549240450892
2459268 zg 5.047797555000971 49.19849510738777
2459270 zg 7.447202927135914 39.91976240337945
2459276 zg 6.152947011215427 56.7872330505238
2459290 zg 3.5042894321411757 41.824095314308416
2459303 zg 11.169397961323448 23.961467808529775
2459304 zg 9.235396166257907 24.32769630965896
2459305 zg 6.727369489691593 58.318470783609094
2459306 zg 4.946544597023164 33.406293586893256
2459307 zg 4.019684025553417 41.76313590261621
2459307 zg 3.982831340893469 36.76159915538618
2459308 zg 4.996914620298888 38.638609931046304
2459309 zg 4.023387996839704 42.03005516197039
2459309 zg 4.505514984181511 39.52121890676995
2459310 zg 4.480685258505153 36.4085129762969
2459311 zg 4.563987416894402 46.34093191814808
2459313 zg 4.001215255077267 38.55385940525278
2459317 zg 3.5595899256044725 47.17068250024805
2459321 zg 4.00859255861902 38.63912924576961
2459323 zg 5.024605031941771 39.91913446428786
2459325 zg 5.516893675673647 38.691300992373215
2459334 zg 3.9608821053550787 30.725400533661592
2459338 zg 4.98312669245862 33.77179802944335
2459340 zg 4.015983464180185 37.55982485372839
2459342 zg 4.053142901660098 42.391175613302146
2459348 zg 3.520464497234741 37.72566618931924
2459353 zg 6.1813477242132855 50.44603466458666
2459358 zg 11.252001074297224 21.825837776314593
2459361 zg 8.510417192342855 33.89896417894507
2459363 zg 3.9645318931228157 28.22216829545945
2459366 zg 4.468321756281548 28.919828064574407
2459370 zg 4.58083277917034 42.104778849539265
2459372 zg 6.472100928951887 29.831087810339994
2459374 zg 4.505514984181511 32.63556508322223
2459376 zg 4.522144528747594 34.45202988021141
2459390 zg 10.030715773952087 32.15421147034651
2459550 zg 4.517981397202708 21.38329046018086
2459600 zg 7.125739878709418 26.48565594884021
2459636 zg 4.509666628446396 16.348337647588234
2459670 zg 3.491402905203851 12.540461585664199
2459678 zg 4.509666628446396 14.752671294835649
2459697 zg 3.4785637666400238 9.608254277019046
2459699 zg 3.9572356776185313 7.062816033262109
2459701 zg 4.901194403567268 2.072949242274845
2459701 zg 4.941990758524828 6.502357202233512
2459715 zg 9.581985953829331 17.03522538783261
2459722 zg 4.505514984181511 12.797888691781028
2459730 zg 4.484814023212757 10.057826097688533
2459732 zg 4.493082969587387 10.995660397693596
2459734 zg 5.45625443552454 7.452958403151516
2459736 zg 5.968747059706278 8.88414643984199
2459741 zg 9.372501743733723 4.280404625837717
2459743 zg 10.512868296423527 12.173864790615095
2459747 zg 6.318955271650148 -3.7260856844520927
2459749 zg 6.135969256772515 23.640164203325256
2459924 zg 7.7915150089743745 -6.5689339338994674
2459932 zg 5.033869226476423 11.129862115071905
2459937 zg 4.892174380129228 -4.331558350944276
2459972 zg 5.496606082328777 6.534447123721152
2460020 zg 4.56819294106885 14.489274352121454
2460036 zg 7.951002895177197 2.755650761274389
2460043 zg 8.59707766889503 12.203807453523684
2460045 zg 4.892174380129228 -5.724866190382505
2460050 zg 4.39890353585741 -6.267278882961176
2460052 zg 3.931804504858592 -3.347685049464382
2460054 zg 4.856259983184108 -9.719759132492854
2460056 zg 4.468321756281548 2.0441813791468353
2460058 zg 4.472439128537173 2.5201713049241388
2460060 zg 4.937441112335834 -0.9677878312747517
2460062 zg 4.95566486640352 0.9903794872664067
2458217 zr 5.302393242649941 -6.008715395905483
2458217 zr 5.336689474425537 1.4386167092025062
2458224 zr 7.348521496613981 -17.615087004000316
2458224 zr 6.421746819909562 4.645058216480493
2458233 zr 6.345314893480573 -9.18576007074671
2458242 zr 6.374603536279239 -3.8858034249562934
2458257 zr 5.2926348638981 -8.127720418028503
2458274 zr 5.356386826617637 5.715842391769684
2458277 zr 5.2926348638981 -8.127720418028503
2458280 zr 6.339473333037879 -10.242825681565819
2458283 zr 5.3121696135660335 -3.8858034249562934
2458293 zr 9.641496287911746 5.715842391769684
2458443 zr 6.386356811783712 -1.7589773016727577
2458443 zr 6.511082217024594 20.81083738551979
2458444 zr 6.36287189117993 -6.008715395905483
2458444 zr 5.331776464645554 0.37177019071077666
2458444 zr 6.4632831049908255 12.16129963712774
2458444 zr 8.673450732698162 19.72615660665474
2458449 zr 8.483829188239906 -6.008715395905483
2458450 zr 8.593932058410912 8.934118653150108
2458474 zr 8.530842343432885 0.37177019071077666
2458476 zr 6.493116264313353 17.55978983359205
2458488 zr 5.341607011339234 2.506446282289744
2458503 zr 6.35701416758931 -7.068705825872485
2458524 zr 6.345314893480573 -9.18576007074671
2458539 zr 8.586020398485083 7.8603717004994
2458543 zr 5.381110784859259 11.084581709341137
2458559 zr 6.36287189117993 -6.008715395905483
2458567 zr 6.327806340598809 -12.354038363522022
2458580 zr 5.3219640098197605 -1.7589773016727577
2458583 zr 6.36287189117993 -6.008715395905483
2458586 zr 5.34652907955824 3.575259815822619
2458589 zr 11.31604365214372 -40.47802504553533
2458596 zr 6.451388256451212 10.00885501886546
2458600 zr 5.37120753650682 8.934118653150108
2458607 zr 6.439515298863813 7.8603717004994
2458612 zr 5.3219640098197605 -1.7589773016727577
2458634 zr 5.361322513820401 6.787613250050072
2458637 zr 5.356386826617637 5.715842391769684
2458640 zr 6.457332941831111 11.084581709341137
2458643 zr 6.421746819909562 4.645058216480493
2458647 zr 8.586020398485083 7.8603717004994
2458653 zr 6.327806340598809 -12.354038363522022
2458662 zr 7.437037458992446 -3.8858034249562934
2458669 zr 8.522988764530544 -0.6940941781888341
2458676 zr 10.53663483117545 -13.408187225610618
2458796 zr 9.685999412746664 11.154507332788368
2458796 zr 9.73967439647003 17.62971545703928
2458796 zr 9.553102518628002 -4.877822605493779
2458798 zr 7.596262586528693 20.912578567297334
2458798 zr 7.540496955822629 12.263040818905285
2458800 zr 10.643928019639521 -1.6124177041165475
2458800 zr 10.99263806438602 36.24829435029367
2458800 zr 9.413355023955335 -21.65995690809157
2458800 zr 10.565788888396465 -10.096266084009608
2458804 zr 7.624299866986498 25.45469938276124
2458804 zr 7.478249815874928 2.8015810686743454
2458804 zr 8.641555348863315 15.69254476877068
2458874 zr 5.351455683257968 99.57919645923182
2458876 zr 5.278030958661883 83.02076180595438
2458887 zr 6.409928413607082 93.51700933718003
2458894 zr 5.282894444198233 78.72264322042886
2458901 zr 5.34652907955824 90.54158978103972
2458908 zr 4.249735690852827 81.12631016206537
2458914 zr 5.37615688037601 93.38091488539214
2458954 zr 5.307279177015557 68.27038483731077
2458962 zr 5.34652907955824 74.91610904292037
2458965 zr 5.326867977831589 69.95524983461536
2458968 zr 5.351455683257968 74.60959975916332
2458971 zr 6.368735012418669 64.33862861824717
2458975 zr 9.721749767471229 83.78978154813265
2458978 zr 5.34652907955824 71.30470569357988
2458986 zr 5.297511806324425 58.9241839713559
2458992 zr 5.331776464645554 65.09152513842892
2458995 zr 5.28776241123381 54.906667777574526
2458998 zr 5.302393242649941 57.46246602019619
2459005 zr 8.593932058410912 70.9790420873826
2459011 zr 7.1680325527556 15.238097048165478
2459014 zr 5.2926348638981 52.13043452535714
2459018 zr 5.356386826617637 65.19648361282393
2459021 zr 6.398131757574664 59.275866921483555
2459024 zr 6.433587016584481 65.12075392305407
2459172 zr 6.409928413607082 38.583278842226235
2459195 zr 5.2926348638981 25.35319465930285
2459200 zr 6.392241573397907 32.24768747348442
2459202 zr 6.409928413607082 35.23501326551089
2459205 zr 5.386069254159021 44.57262937169755
2459217 zr 8.491646683224891 26.225085629993448
2459221 zr 7.321498351965261 8.964092855838153
2459223 zr 6.310346098861449 15.057873075694552
2459227 zr 5.3219640098197605 28.418005454899458
2459231 zr 5.307279177015557 24.839859542389178
2459251 zr 5.317064556449974 25.091930562459577
2459253 zr 4.277223263646593 31.309392708130446
2459255 zr 5.331776464645554 27.926394760974347
2459262 zr 6.368735012418669 21.987697647088
2459264 zr 4.269351579540429 28.19972374033253
2459268 zr 5.317064556449974 23.59292716311967
2459270 zr 8.538703159080859 27.683448455563354
2459272 zr 11.676014189434225 21.127214651231853
2459276 zr 6.339473333037879 15.495690762972494
2459280 zr 5.331776464645554 25.778181383322895
2459290 zr 5.302393242649941 18.586059526878714
2459292 zr 5.3219640098197605 22.676608696958354
2459295 zr 7.416516528854195 17.130026598467925
2459297 zr 7.568328409189786 40.52020887474088
2459303 zr 9.56190530441886 19.69248311520511
2459304 zr 8.515142415711617 21.742880499877966
2459306 zr 5.341607011339234 25.856189032136463
2459307 zr 6.415834895469889 26.84931464906798
2459307 zr 5.3219640098197605 21.515077531572604
2459308 zr 5.317064556449974 20.375732175043073
2459309 zr 5.2926348638981 14.995693811218
2459309 zr 5.282894444198233 12.880588547680684
2459310 zr 6.469238750977896 36.28746966949225
2459311 zr 5.326867977831589 22.279654463734488
2459313 zr 7.396052221877525 12.582226078944561
2459317 zr 5.3219640098197605 20.77156177464749
2459321 zr 4.261494382265272 21.54573232454164
2459323 zr 5.3219640098197605 20.33690260811528
2459334 zr 5.34652907955824 24.89592664571422
2459336 zr 5.273171950499008 8.828631106136257
2459338 zr 5.28776241123381 11.859805222347571
2459342 zr 6.310346098861449 5.260438940774627
2459344 zr 4.277223263646593 24.214814057050415
2459346 zr 5.302393242649941 14.497249965368116
2459348 zr 4.253651645159979 17.550361048142975
2459353 zr 5.331776464645554 20.416946952813447
2459358 zr 12.772713623567425 17.96341781629882
2459361 zr 5.37120753650682 28.465345047870002
2459366 zr 5.3121696135660335 15.33091731873321
2459368 zr 5.302393242649941 13.083625713876316
2459370 zr 6.36287189117993 12.960051123323172
2459376 zr 6.398131757574664 18.974591260633353
2459378 zr 6.3804774677399685 15.659534799677054
2459386 zr 9.387380863965111 -6.93143738435549
2459537 zr 9.517972340220858 1.8438774193878853
2459537 zr 7.375644381822815 -2.3785497354760228
2459636 zr 5.37120753650682 16.93184580654475
2459639 zr 6.421746819909562 12.565263584124246
2459641 zr 5.351455683257968 12.51400029850748
2459671 zr 4.249735690852827 3.2528276505640807
2459674 zr 5.351455683257968 11.714494704816651
2459678 zr 5.3219640098197605 5.219241925132643
2459687 zr 9.422029038254642 -13.982845747867493
2459699 zr 5.351455683257968 11.163347364812964
2459707 zr 6.339473333037879 -3.8916628770043005
2459708 zr 7.575302308365579 23.890365418593024
2459709 zr 6.345314893480573 -2.8757049720761145
2459709 zr 6.310346098861449 -9.203519364531708
2459719 zr 5.278030958661883 -5.190444828170467
2459719 zr 5.282894444198233 -4.1343523625439325
2459725 zr 5.331776464645554 6.362398840653224
2459727 zr 9.703858126466843 19.190864205885795
2459730 zr 5.336689474425537 7.332780010499936
2459732 zr 5.229641679975186 -15.950502995013686
2459736 zr 5.302393242649941 -0.22826229476208937
2459741 zr 13.862618808078437 6.059142338867151
2459743 zr 7.348521496613981 -11.964526197129462
2459749 zr 6.304536731041324 -11.023264438601906
2459751 zr 7.402867375727335 -3.680077397756947
2459889 zr 12.609073462082648 -13.047390904203114
2459896 zr 8.507303290319959 0.6155037716852658
2459899 zr 7.334997479675112 -16.307676299915276
2459902 zr 7.437037458992446 -0.513752872522852
2459902 zr 7.314758107253682 -19.47991276925581
2459923 zr 7.450749613747664 1.3908235012489576
2459933 zr 6.287140696864381 -16.663555091532086
2459937 zr 6.229499844488623 -27.13335880959908
2459951 zr 9.39603094415861 -21.02036231962259
2460020 zr 5.395999904037069 16.616551711541995
2460036 zr 7.396052221877525 -8.060358226641943
2460043 zr 7.314758107253682 -20.718537991999323
2460052 zr 5.28776241123381 -7.1137730819502965
2460054 zr 6.36287189117993 -3.9501392791597887
2460056 zr 5.253780609201104 -14.51956257856153
2460058 zr 5.366262749053177 9.892385915694387
2460060 zr 6.345314893480573 -7.166898005054868
2460062 zr 5.2926348638981 -6.1219253749567075
2460064 zr 7.274446747102942 -27.11165117943584
