jd filt fluxerr adjflux
2458207 zg 9.300145782195907 8.967886409380888
2458207 zg 9.213505675992346 1.7946926724937986
2458223 zg 2.391343354682905 0.36888602669538056
2458233 zg 5.02001797921318 9.548089107000768
2458243 zg 2.5007236024215116 -1.432642805404255
2458246 zg 2.9420625866595094 0.6251339751367998
2458249 zg 2.8934979809903796 -1.364726561817532
2458262 zg 6.215067710878262 -10.732839547017997
2458267 zg 11.751454928779864 -6.651675868045714
2458273 zg 2.577954671980271 1.609258759998075
2458279 zg 2.5448705332058603 -5.490966019509875
2458282 zg 2.718065763625885 3.9538439601518616
2458294 zg 8.610357458902726 13.626413421507934
2458300 zg 4.6424065073512955 -1.429202283634835
2458303 zg 2.8886832743348787 -3.3422273578869195
2458333 zg 4.742417525326572 2.5839651863944764
2458336 zg 3.8279524635819806 -0.05592437286627196
2458488 zg 3.1103973183627187 -1.7254668436016547
2458488 zg 3.429019645607068 -0.8214433677129929
2458493 zg 2.743215716485654 -4.25265239894748
2458494 zg 2.382549528957817 -3.431425449977473
2458495 zg 2.51232185827157 4.665893699357185
2458495 zg 2.862199666888439 6.209582431699544
2458502 zg 11.253504545343777 3.206129499495003
2458502 zg 9.54080187814443 8.379931723420443
2458508 zg 6.959851430124739 -1.409098224069146
2458539 zg 19.263559572195852 10.875480651915897
2458560 zg 8.761555473034106 -8.274132647976163
2458568 zg 5.162855332753885 -2.3653385786886654
2458582 zg 2.854302032954253 3.028972362119352
2458585 zg 3.306593791570043 0.2405701489941019
2458588 zg 7.50862262395201 -5.514626982554195
2458594 zg 11.637555351326982 13.692298985301205
2458597 zg 3.3742778881470907 6.821836800625714
2458606 zg 2.5850876740463313 7.794132437337294
2458617 zg 5.985406052138792 3.2552819721573107
2458628 zg 2.3448397659160793 7.4958432418656304
2458633 zg 2.7942159043869914 4.595458149207797
2458634 zg 2.6857152197161627 6.372274281734687
2458634 zg 2.59573265258141 7.6088026729008345
2458635 zg 2.276738599903624 4.236357048575415
2458637 zg 2.437110814908852 10.541806578791363
2458640 zg 2.4869970888702206 4.549224205297559
2458643 zg 3.6131482859412536 7.208414572149982
2458649 zg 10.237180775145706 13.174256553842305
2458652 zg 6.454251204570933 9.015802183042817
2458667 zg 2.846426190868652 3.2682504164587924
2458670 zg 3.692202615056239 4.237646956566847
2458673 zg 4.934827011876619 0.37255562939598263
2458677 zg 7.930342341378032 17.19216582713628
2458680 zg 10.085690803790083 9.773172635320764
2458683 zg 5.2371581497604875 -0.8177863489389523
2458683 zg 3.7024186553798963 8.521856556332635
2458686 zg 3.2318552955975135 10.65725964420458
2458686 zg 3.51402162441411 13.863633357696163
2458853 zg 3.1781972386228032 26.538352394425456
2458856 zg 3.0863978463897386 31.0710947839611
2458874 zg 2.3347583517746804 32.220902046957164
2458877 zg 2.293576185638398 31.441256704252357
2458896 zg 3.5686475098881347 34.12308223074383
2458900 zg 2.6355162183105825 33.717177003868805
2458914 zg 8.695403831433062 16.107051002154822
2458937 zg 2.310538293482731 45.52000623617436
2458940 zg 3.6381912544252897 37.119622833410176
2458944 zg 7.574660849056672 45.45039383591684
2458954 zg 3.1259414983257288 40.36095813354304
2458963 zg 2.8068757190370834 47.75169989667107
2458969 zg 4.3282709789783755 48.84189339991343
2458972 zg 5.427224647086382 46.79394323649777
2458980 zg 2.0366726137957456 50.50151610545463
2458986 zg 2.2679306219240867 49.45225709202788
2458992 zg 2.558972937989014 50.913840805568704
2458995 zg 3.016142854169909 49.23608884042685
2458998 zg 2.931049707395099 54.2616103322508
2459012 zg 2.1341737063093746 56.05516827002611
2459018 zg 2.334066205814148 52.85958798111826
2459024 zg 2.4606052008226325 54.277354024177264
2459027 zg 5.107140416058826 56.109065177770006
2459032 zg 7.365403292771532 51.526637101593394
2459036 zg 5.080486159484838 48.818716639521405
2459040 zg 2.8433032644322376 54.50037575763891
2459045 zg 3.530241611266149 53.114090090207526
2459218 zg 9.153778096889985 -17.79567013061031
2459227 zg 3.11073934882955 0.287558659112813
2459227 zg 2.6439909256102934 1.5925489113101539
2459229 zg 2.710815291766509 3.654327384825006
2459230 zg 3.010392918222145 -1.4105562796621525
2459250 zg 4.177866952650163 1.7189328511080477
2459253 zg 2.408314334577716 -0.4963143050906705
2459255 zg 3.2017015480281956 -2.4143222546433756
2459257 zg 2.718065763625885 -1.7077045954530614
2459264 zg 2.33906309919757 0.4398114370561441
2459268 zg 3.2928350303844507 -1.981553222015336
2459270 zg 7.05927787912652 -9.789979195500496
2459272 zg 11.936796518249656 -1.7459544807259662
2459290 zg 2.3979600176037166 6.511497478291412
2459292 zg 2.763269119513815 2.2088137602332485
2459301 zg 14.351243503097033 21.47190718098355
2459305 zg 6.502698502796239 4.20845623411813
2459305 zg 6.540813466860889 -1.6110080209068651
2459307 zg 3.2135188072687404 2.953793399070107
2459311 zg 2.2872475477995047 -0.521194827307251
2459313 zg 4.264954896648357 -3.0061331295951814
2459321 zg 2.693146386919878 -3.886586387145792
2459329 zg 10.851067724918655 -2.6617353768945162
2459335 zg 3.0705478443621916 -5.624839892181077
2459340 zg 2.7658153568324386 0.29126708932853435
2459344 zg 2.195987000745895 2.8966795163819934
2459346 zg 2.6684554724327554 0.5224998553675113
2459348 zg 2.4925388582498496 0.8684346246074304
2459356 zg 7.036897336286959 -13.029495964455098
2459361 zg 8.737595105852957 6.041098790792358
2459363 zg 2.5076429120651587 0.12935393410727009
2459365 zg 2.686987790920069 -2.0568393141936108
2459366 zg 2.5993555801680728 0.7399851308897303
2459368 zg 2.2725485527758265 -0.7999692082187546
2459370 zg 2.588570277951066 -1.4571426199714743
2459374 zg 2.8485456495342025 -1.0662665196788903
2459376 zg 2.8908341977691467 2.323465955383647
2459378 zg 2.5076982501916625 2.949838828861987
2459387 zg 16.05753496047892 -1.56861832302286
2459391 zg 5.627216422712499 7.114486835525153
2459395 zg 3.7754309868023586 -2.1635583234466567
2459397 zg 3.3019460513539878 1.4138806155637094
2459400 zg 4.024523268775007 4.305291459645946
2459408 zg 3.9533966008237154 3.7730884678236034
2459419 zg 10.980529997525187 4.7204074370542966
2459423 zg 4.0057679334399685 -3.9429484476069847
2459600 zg 6.902269556608854 -11.244025445245173
2459641 zg 2.2978050027949197 1.3916953843315063
2459670 zg 2.2662779362373944 -2.0516170767651256
2459673 zg 2.5707846203988582 4.590905155756198
2459677 zg 3.81667803510658 8.042968879207498
2459679 zg 4.013153631054047 4.579991436385746
2459682 zg 6.563734710842143 -9.661967761865906
2459684 zg 11.436346343515222 -12.987544285699448
2459687 zg 12.018362004772808 -14.866247904134644
2459694 zg 3.635837207547202 4.127277572820984
2459697 zg 2.0908583414553017 0.4631192675995093
2459699 zg 3.0494617034704663 2.6601146583344897
2459699 zg 3.9990968341386117 -0.25043060670947104
2459701 zg 3.0078204466065896 6.9812895660157315
2459710 zg 6.1383716487392705 -7.141295471372157
2459711 zg 7.389106326363617 0.24534940310626024
2459715 zg 11.56174276795792 -0.09197531063818865
2459722 zg 2.23106986710071 0.427051978408837
2459722 zg 3.4269175292442933 -1.8728828083548072
2459724 zg 3.360237492935787 3.5699861811639075
2459730 zg 2.656195033220895 1.174853055863139
2459730 zg 2.7434681763626307 -1.3705293345608485
2459732 zg 2.6185790748802438 0.8101883877735244
2459734 zg 3.235712847438833 2.9186682896325893
2459738 zg 5.120706949380192 -1.2857840704741046
2459749 zg 3.853769947214693 1.1971285759879566
2459759 zg 2.838070527271687 4.680501924631815
2459759 zg 2.737935315949996 3.351201081719905
2459761 zg 3.11073934882955 -3.5061030160051305
2459763 zg 3.267415987381451 0.7160830519939279
2459937 zg 4.068738333335646 -7.5195183606727305
2459951 zg 15.029465487390455 1.9962288140352782
2459957 zg 6.823271528007183 -8.152847386676637
2459978 zg 3.223813972766118 1.295830232746975
2459985 zg 7.330422730366982 -3.366932610332214
2459995 zg 3.1374791324563116 -0.19346066122925681
2460016 zg 5.927751047565875 2.914047882896415
2460043 zg 9.744042143632791 18.098607320646636
2460045 zg 3.5164435742657343 -0.8058326999044425
2460049 zg 2.9825027033095255 3.656626056325012
2460055 zg 2.8120509402794447 4.510261896829022
2460057 zg 2.866970232047997 2.3534290289239816
2460061 zg 2.8490490539624895 4.0774824488411445
2460063 zg 3.635519981637355 -6.578234526044418
2460065 zg 6.003876690007222 11.597916955186367
2458198 zr 3.46833647864318 6.437062668207391
2458217 zr 4.586273607652614 0.8657127678590709
2458217 zr 3.3183426094433863 4.245548537471275
2458218 zr 3.6268083736116865 -0.3043954425480503
2458219 zr 5.382460433211743 0.8659910523247555
2458243 zr 4.303699479393312 3.266877233614512
2458256 zr 3.5573337257648108 -2.743830436201542
2458256 zr 3.358396159530384 -3.5970365887119504
2458262 zr 6.713586755812751 -13.057114898666875
2458270 zr 6.457813901604256 4.778523172383168
2458279 zr 3.2940631795441 -0.3775997122953671
2458282 zr 3.4492226051747 -6.497783354028936
2458288 zr 3.6951303646030507 4.521965456651312
2458294 zr 6.458083456359932 0.019371131150258555
2458300 zr 4.731765175617049 8.085773396128218
2458303 zr 4.806436219271163 -2.336813389837828
2458306 zr 5.796555164343053 -2.9297552012389687
2458336 zr 5.597189017222189 3.3681926235254713
2458458 zr 5.725070591262924 -2.3231349250189366
2458477 zr 5.73065719167437 -6.669778819079451
2458487 zr 3.985778596202233 5.933887749098931
2458488 zr 3.4763589241787853 -2.681251566137367
2458492 zr 3.956518225758204 -3.0729834968596546
2458494 zr 3.28497390969019 1.2123536797219454
2458506 zr 7.654457969938825 4.49448840493326
2458527 zr 6.536820146154646 5.495498186785456
2458539 zr 6.941602815965857 3.053513882853227
2458557 zr 4.235213193902671 3.3069519814282193
2458560 zr 4.859853566941778 -3.5923163879581095
2458573 zr 4.789166768080338 0.18177533606338758
2458582 zr 4.398106009052774 3.0549216033491833
2458585 zr 3.458766338521305 1.581834673023945
2458591 zr 15.115453498937809 -7.005964329575197
2458594 zr 11.928373108892732 -5.6036996939617305
2458597 zr 4.079828783484165 -0.8913350937147266
2458606 zr 3.503654100011129 4.883443640509306
2458617 zr 4.982223245252791 -7.6217435422973425
2458628 zr 4.184805491399692 0.018212569129979705
2458633 zr 3.59518483923096 5.605778032425485
2458634 zr 3.030919724786253 4.613647499141217
2458635 zr 2.7666285246812783 8.997969725114686
2458637 zr 3.092114233467311 1.3715881967630446
2458640 zr 3.5165858452621763 0.4224913258452121
2458643 zr 4.190269324458106 2.9503197745324528
2458649 zr 10.4427597260521 0.20456192113010463
2458652 zr 8.795734365679028 -3.4773874575194057
2458655 zr 3.81970448802714 6.728527762476385
2458658 zr 4.205735319071291 0.22498968281160314
2458661 zr 3.5279677766018294 3.875001565803192
2458667 zr 3.837335442869332 3.373539173012073
2458670 zr 4.6351702785080775 11.736395317054814
2458673 zr 5.393266828412058 2.7375428484193476
2458680 zr 7.821643346203748 9.748115327374089
2458680 zr 9.92349415974255 7.489405489116014
2458681 zr 9.522564885809818 25.92318974711702
2458686 zr 5.513811403625406 9.714137370215994
2458828 zr 4.955642020801412 2.2920362258480633
2458828 zr 5.877814404131037 11.480746682148384
2458828 zr 6.101047829870814 7.155181807813346
2458828 zr 8.080900523895014 9.247067406578076
2458856 zr 7.788606461948179 7.065810614208843
2458874 zr 3.620133695188115 15.664659475539615
2458881 zr 3.746534748452363 11.549522853224811
2458887 zr 5.0710737521381075 15.949791567025912
2458895 zr 4.306012407797696 13.588546705682717
2458900 zr 3.67049477144023 19.497937964417066
2458905 zr 3.855047778501458 18.531178966347728
2458911 zr 3.804736719178056 19.685465334637367
2458972 zr 4.727809405314447 26.39959114884919
2458986 zr 3.4492226051747 26.487183384499623
2458992 zr 3.4843455924435025 22.356456713345462
2458995 zr 3.219997465765152 24.87395957393865
2458998 zr 3.114981917315568 26.099886511222206
2459001 zr 7.985726694602155 18.02555721094301
2459009 zr 5.937039977507026 20.29608951759503
2459015 zr 3.346046134392891 23.034677922972115
2459018 zr 3.600183272899244 26.169283054494965
2459021 zr 3.028129429731329 23.906561026100988
2459024 zr 3.6976398597721896 22.136222211669192
2459027 zr 4.442891353185415 22.965514355649937
2459036 zr 8.467940514701866 17.172055814940705
2459043 zr 4.244650508847342 26.039617656134375
2459045 zr 3.640194672779123 25.705762642779366
2459186 zr 8.540279909922427 2.1176733466551165
2459186 zr 9.112378778153483 -0.6220963038608138
2459186 zr 9.273245638773496 -10.506059096837644
2459186 zr 11.460061488281804 -4.784297476932747
2459186 zr 14.54790244746897 -4.797903424674429
2459189 zr 8.493214744651157 2.8962656195001486
2459189 zr 7.7614554016686785 3.036562257900295
2459189 zr 7.3980019715128575 10.790627119316943
2459189 zr 7.2903976846483305 -8.689075122434463
2459190 zr 5.6489791695481975 6.072723290249488
2459190 zr 5.15304129485442 -5.581660105623286
2459190 zr 5.657856226340925 3.9791731620969237
2459190 zr 7.472393958222165 -1.9085212339423516
2459193 zr 6.426313677570524 -5.9061586804996615
2459194 zr 8.845923236574874 -0.31031462640685514
2459194 zr 6.5820612639783915 1.4496874741118537
2459194 zr 5.866997036092941 -3.4371746574753397
2459194 zr 5.828676785544912 -2.644664881378272
2459195 zr 5.4804455697780705 4.842951668450146
2459195 zr 5.248843485225947 -4.296430121586516
2459195 zr 5.3120679627869025 4.82288834145703
2459195 zr 8.081130219234307 -1.469465149861311
2459205 zr 3.985778596202233 3.6047892746535615
2459217 zr 6.517567317940223 -2.8804133978685162
2459219 zr 7.098248826934542 1.4899406332583303
2459227 zr 4.390108733506272 5.416583014860147
2459227 zr 4.049877972451482 -2.5220656023446617
2459228 zr 3.446047216298549 1.4175099019653314
2459231 zr 3.3863506356296433 -4.389461686347519
2459231 zr 3.461953447538429 0.8343255358815017
2459233 zr 3.452400920039334 1.8839851632557483
2459253 zr 2.9159121401650667 2.7380053554480823
2459260 zr 5.105797928293355 4.416496596402912
2459265 zr 3.1207252142056805 -0.5056702171505734
2459272 zr 9.070958485184038 6.333832641091592
2459292 zr 3.196358842494181 -6.832017369811068
2459295 zr 4.119791876472392 0.2900442645529721
2459297 zr 4.900305810789619 -0.32229517870811036
2459305 zr 5.534162500622627 2.59462829700331
2459307 zr 3.963813118449348 5.68475273473123
2459309 zr 3.798654238513959 3.5468995517739272
2459311 zr 2.9865819363801447 2.7322274772651847
2459316 zr 3.2378410876981483 -2.9403212294523433
2459316 zr 3.1554080553267676 -0.34747925071088154
2459316 zr 3.2081563821776604 -4.672955706759178
2459316 zr 3.1121142337642733 -4.108640043935081
2459316 zr 3.2910306319891958 6.40468194807469
2459316 zr 2.9948455786211055 -4.14763262833595
2459316 zr 3.2488669383574633 1.9261293937005666
2459316 zr 3.126479100389736 -3.483534213440905
2459316 zr 3.132243595391911 4.221509916966509
2459316 zr 2.838904938614367 -2.426047902867713
2459316 zr 2.8783980402851967 4.142154041663312
2459316 zr 3.2438109081154822 -5.1014667892890575
2459316 zr 3.2369196913826626 3.0649756872196168
2459316 zr 3.0807434223130046 -1.4182462674920087
2459316 zr 2.9755992052676015 3.707495197921729
2459316 zr 3.0300900121841696 -0.03381661889122732
2459316 zr 3.075073706813529 0.949062392263203
2459316 zr 3.0694144257025946 -2.571388784497838
2459316 zr 3.0674283988719298 -0.3676569087965847
2459316 zr 2.937476724108598 1.6467827868575804
2459316 zr 3.1438044901274242 0.5888117658427066
2459316 zr 2.8128777016929587 -3.099898385024207
2459316 zr 2.776839959447451 3.12987409457072
2459316 zr 2.945444543618502 1.9623143561403804
2459316 zr 2.9810855130907123 -1.4198984253083877
2459316 zr 3.022556543577345 1.0763830958643175
2459316 zr 2.9483187477766797 -4.454501632757476
2459316 zr 2.913227722244396 6.230580539821163
2459316 zr 3.1787438276732463 -1.774768069201161
2459316 zr 3.121579744938252 3.4471515491087605
2459316 zr 2.926674570443482 -2.1846467367462257
2459316 zr 3.1728937549219394 4.3796123123882
2459316 zr 3.3863506356296433 5.855463859459723
2459316 zr 3.4081697988606043 -1.265420611251941
2459316 zr 3.4113102852753365 6.251064214019021
2459316 zr 3.5360730122506294 0.30938999205110285
2459316 zr 3.2910306319891958 -0.2629001052558365
2459316 zr 3.28497390969019 -0.12487858111290476
2459316 zr 3.327606198467895 -2.4099613209864645
2459316 zr 3.3522154595664855 -0.012413415976306996
2459316 zr 3.383233127318366 3.1937947407485257
2459316 zr 3.227988096884684 0.5403525462189954
2459316 zr 3.3306724488828072 0.48409271711808316
2459316 zr 3.349129376440168 -7.203768952074763
2459316 zr 2.9948455786211055 0.5239833218708261
2459316 zr 3.4050322036091107 -1.5846210021750895
2459316 zr 3.321482163501861 7.181284879828005
2459316 zr 3.3645882552570328 3.024851721691307
2459316 zr 3.1925074882464277 3.177812600833288
2459316 zr 3.4365385786765517 -3.091285842724949
2459316 zr 3.358396159530384 1.940124984115296
2459316 zr 3.28497390969019 7.416430123271176
2459316 zr 3.219997465765152 1.3653328759064365
2459316 zr 3.539331356145413 -4.543400825895121
2459316 zr 3.1728937549219394 2.7333321086182094
2459316 zr 3.2910306319891958 -1.9964762398439992
2459316 zr 3.3429657308091087 7.07680485352243
2459316 zr 3.4972060713269477 -4.751234588970193
2459316 zr 3.2072434332743907 -0.72527025696539
2459316 zr 3.3031775987077903 -4.7487648333750165
2459316 zr 3.255783590095198 -0.6090281808220843
2459316 zr 3.4779330986058317 0.5537560313692906
2459316 zr 3.618438733629173 0.6355868499471484
2459316 zr 3.377006718081748 1.0953852045022667
2459316 zr 3.4365385786765517 -0.17501315436376216
2459316 zr 3.028129429731329 2.0890297964437483
2459316 zr 3.046881261610671 5.3862708804419155
2459316 zr 3.030919724786253 0.320444447413964
2459316 zr 2.674372584647287 -1.299309098854291
2459316 zr 2.736218975145953 4.984241856069132
2459316 zr 2.8812068195691936 -2.165788575162619
2459316 zr 2.7896572703369205 0.3737061821162275
2459316 zr 2.9948455786211055 -6.215627626793739
2459316 zr 3.036508030687094 1.3064182090857575
2459316 zr 2.7870890839139295 3.9816689096479077
2459316 zr 3.050523914935407 -1.6811878801998887
2459316 zr 2.7136313650094634 -1.404873881282059
2459316 zr 2.637678817172136 -5.501845208280589
2459316 zr 2.63525054363528 2.244695689930979
2459316 zr 2.726603021219493 1.0409857310416202
2459316 zr 2.6891926252888654 4.142277689849175
2459316 zr 2.6449770713489795 0.7674451251090039
2459316 zr 2.6207277758014933 2.7749614181433597
2459316 zr 2.719079537517582 0.020780830714703612
2459316 zr 2.8258613552427465 2.972006549643984
2459316 zr 2.6547394990045734 -1.0353449962382288
2459316 zr 2.8258613552427465 -0.6638116454848803
2459316 zr 2.937476724108598 -5.250862800467166
2459316 zr 2.6891926252888654 3.037505135095674
2459316 zr 2.7564546410168993 1.7029917406578412
2459316 zr 2.937476724108598 -0.4058169688161463
2459316 zr 2.7870890839139295 3.423311304663323
2459316 zr 2.953754756827327 -1.7080571421506179
2459316 zr 2.8441392142339574 0.30684324989401324
2459316 zr 2.69415086647667 -2.834091494184774
2459316 zr 2.8495378764062163 4.633202273513312
2459316 zr 2.5003061435397647 -3.3840286789014247
2459316 zr 3.0901135190053846 0.3557836208573331
2459316 zr 2.6817723676531884 -0.11433123090205838
2459316 zr 2.8651730025939055 -3.391980576578313
2459316 zr 2.7948007447937466 1.393924193582939
2459316 zr 2.7437898823519817 2.5142374624539445
2459316 zr 2.9865819363801447 -1.209815703976066
2459316 zr 2.9783410959101912 -2.164373536291492
2459316 zr 2.676836907514313 0.8590443346508112
2459316 zr 2.792227823236662 -4.469629105902438
2459316 zr 2.6793035011521344 3.813461907647021
2459316 zr 2.784523261789087 -2.5008690135589253
2459316 zr 2.937476724108598 0.26903028968639114
2459316 zr 2.907866298034037 3.052765176885792
2459316 zr 3.0031320857238244 -4.8317768006234
2459316 zr 3.0694144257025946 -1.7415611344443833
2459316 zr 3.0003673722477173 0.5391950683346024
2459316 zr 2.9023571283138527 -0.8189169490608235
2459316 zr 2.9159121401650667 2.4318848549106677
2459316 zr 2.6891926252888654 -3.472871473353416
2459316 zr 2.9893339471516747 0.7486052786082146
2459316 zr 2.8704557103694857 3.015819618113923
2459316 zr 2.7896572703369205 3.7752237592277567
2459316 zr 2.8704557103694857 -3.769837725549864
2459316 zr 2.666993219775749 2.4935014685386228
2459316 zr 2.642542078966232 -0.7887783918912264
2459316 zr 2.820660717692359 2.6767502359936435
2459316 zr 2.7896572703369205 -0.24167197819415795
2459316 zr 2.953754756827327 -2.6268828185776933
2459316 zr 2.6304007009823493 -2.5492292511577594
2459316 zr 2.8258613552427465 2.907615029523636
2459316 zr 2.8258613552427465 1.28594296479314
2459316 zr 2.8180639891852164 0.4623913279762432
2459316 zr 2.9783410959101912 -0.3186527364056858
2459316 zr 2.8731007156639814 -1.7797083935971758
2459316 zr 2.8546367356008266 -3.4780272789727906
2459316 zr 2.8547917566720526 1.8594345633695366
2459317 zr 3.058127089869006 2.7843531958691687
2459323 zr 3.8621555834599413 1.5642378150344471
2459325 zr 3.5475180165839193 -1.9746651619214732
2459329 zr 8.918776329812937 10.445053151144807
2459338 zr 3.6101447027889555 -1.3934474627220608
2459342 zr 3.1993041539410454 0.7502136041994147
2459344 zr 3.6806507478321797 0.5999652319190071
2459346 zr 3.774242189279363 0.048308840068715816
2459348 zr 3.1351298273109522 -3.619962575160696
2459352 zr 3.315369399041431 -2.040643915873537
2459353 zr 4.554762046030642 -5.239722036566244
2459356 zr 6.7014153479325875 -3.7856756808610954
2459361 zr 9.026007473184594 9.172764106492309
2459363 zr 5.586888104431249 3.551896336705845
2459364 zr 3.805658066996356 -4.884496355920857
2459368 zr 2.926674570443482 2.075897596818287
2459370 zr 3.169972757152926 0.8896221333638176
2459387 zr 9.506743226732713 3.662912668571587
2459391 zr 7.491527611236758 5.993055552434596
2459400 zr 3.9740174059228077 2.4050494881749125
2459402 zr 4.371615303567334 4.554648470176183
2459415 zr 7.375141965037621 -5.612825839888707
2459427 zr 5.012606613577688 1.9734688566630068
2459551 zr 7.222947242440457 -4.390793526819635
2459551 zr 6.325367832573788 7.953312893806529
2459551 zr 4.658648677855053 -3.0070360367640783
2459551 zr 5.181596882754119 -3.7954530149362977
2459551 zr 5.87178267618212 -3.6873519890259887
2459601 zr 6.280032919259325 -2.196534795882033
2459670 zr 2.7896572703369205 1.3026856476912898
2459673 zr 3.5409892619535857 4.272041903776277
2459675 zr 3.1351298273109522 -5.371122966670584
2459677 zr 4.337761732360103 1.7352132315219404
2459679 zr 3.7569011216053743 0.006088233980012962
2459684 zr 10.62127820678911 -9.14764351756574
2459687 zr 10.3250845915367 12.924365613272094
2459690 zr 4.575785872403111 4.329356442794226
2459694 zr 3.9968069386593683 3.6599580947913855
2459699 zr 3.585264687917112 3.8867631914229186
2459699 zr 3.843479860646623 -1.4004691802724292
2459702 zr 3.119837145694562 9.855433018205604
2459709 zr 7.981747942355034 -2.93408814015968
2459709 zr 5.056187651636304 6.1827750159116
2459709 zr 5.675053672681851 -1.433854069952605
2459724 zr 3.3893875017289186 -4.408394224988877
2459726 zr 3.5902493294660647 7.964969857958588
2459730 zr 3.3831497661508503 3.8644576253701364
2459730 zr 3.201340910632438 0.32454870449001844
2459732 zr 3.2909495426449253 5.215920387807966
2459734 zr 3.333741524719686 4.38539902068717
2459736 zr 3.3398058699063973 -3.3502355681876224
2459747 zr 3.260858281795519 2.758487080270475
2459754 zr 4.163340561103509 5.3077360010617225
2459756 zr 3.0114415209536016 2.4293659628161617
2459759 zr 3.321482163501861 -6.268829162343338
2459759 zr 3.2587836589701116 0.38508370939560116
2459761 zr 3.1758174442686533 -0.7221550180613995
2459765 zr 4.030075391436461 0.6789298324927161
2459772 zr 7.884965308015989 -4.793115664607125
2459774 zr 7.6761449379047155 -7.36795144136913
2459774 zr 7.946110596794022 -0.6631458212204902
2459776 zr 3.745627714358415 0.07568478424503865
2459776 zr 7.143555820715224 -4.219807284247661
2459778 zr 4.684895702388171 -0.4167856250414843
2459778 zr 4.6074428847848745 2.325409261617721
2459914 zr 7.5009184306192935 1.1938251551773842
2459914 zr 8.133399506389086 5.632959493448199
2459929 zr 7.658692018116085 3.482292259365505
2459929 zr 7.017305507592762 8.778715338578456
2459929 zr 8.844914078649994 -0.9365415818495703
2459937 zr 4.299737450548707 2.8788962171733132
2459971 zr 5.59990740522497 6.58691381267783
2459994 zr 3.6035006917270533 0.654541588464028
2460043 zr 6.576001752455873 -0.13861670803689125
2460045 zr 3.2919674311030316 1.3025591937581078
2460055 zr 3.3801184890164486 -4.132813860573331
2460061 zr 3.768019751555595 2.1499807339293517
