jd filt fluxerr adjflux
2458207 zg 10.69992776994957 -15.875001167829112
2458207 zg 9.937190666394805 -9.522597836734406
2458243 zg 3.903760586472469 -4.355747982976936
2458246 zg 4.024233527198323 6.544404803667987
2458267 zg 9.696682678386017 -6.625616603901733
2458270 zg 7.143723056818765 -5.005775865776741
2458273 zg 3.903760586472469 -4.355747982976936
2458279 zg 3.5982771760906225 -2.398464496716997
2458283 zg 3.6215510719290918 -0.10125437511732116
2458286 zg 4.260350020979532 -1.7436293425823237
2458289 zg 5.296901678423185 1.8796053953670935
2458293 zg 8.38905749069539 21.9523784571644
2458299 zg 6.4406830028821185 -7.916128956421403
2458302 zg 4.307698323939765 2.2108142541701454
2458305 zg 5.034927113325936 6.879912080694453
2458472 zg 8.322272607664772 3.871442103947004
2458487 zg 3.675315398021457 5.205461566964743
2458495 zg 3.6015928385296703 -2.071197701005076
2458503 zg 9.261044270951741 1.5487014507559707
2458511 zg 5.695749101470108 6.20920639800039
2458547 zg 3.7127406589309526 8.899457998051844
2458561 zg 11.019981006370038 -5.654607455131497
2458568 zg 3.972676258817389 1.8796053953670935
2458573 zg 3.864409801729271 -7.916128956421403
2458581 zg 4.339555841465927 4.871495805852533
2458584 zg 4.993363564598863 3.871442103947004
2458587 zg 5.540524125785208 -3.7045216010465083
2458596 zg 4.287906247965747 0.557816296299734
2458600 zg 3.9398816384497537 -1.087586825836297
2458617 zg 7.081434193327272 8.562091506826334
2458634 zg 3.6685514486036963 4.537837496963334
2458637 zg 3.6685514486036963 4.537837496963334
2458640 zg 3.5949645660836387 -2.725430007337593
2458643 zg 4.712267811012483 7.888289987363919
2458651 zg 10.999700136284178 -6.302244952667365
2458654 zg 6.412915683608009 8.899457998051844
2458658 zg 3.6685514486036963 4.537837496963334
2458662 zg 4.751491586778894 10.930195232857216
2458667 zg 4.3797092572904175 8.225035598572276
2458672 zg 7.502910483540335 -3.378458282520228
2458676 zg 8.306956525951234 3.206273126690121
2458836 zg 9.150818895485626 -2.725430007337593
2458857 zg 3.965365054646375 1.21810213962965
2458873 zg 4.205767699167478 -6.302244952667365
2458877 zg 3.618217035740484 -0.4303347203851331
2458894 zg 5.360705036677748 6.20920639800039
2458898 zg 3.2411708842264817 -5.654607455131497
2458937 zg 3.2651409142714454 -3.052094510235804
2458940 zg 30.703267833037017 21.253933821720693
2458955 zg 3.6956821651211347 7.215728513691715
2458963 zg 3.350440647923593 6.209206398000391
2458963 zg 3.292319156299175 -0.10125437511732041
2458966 zg 6.354121719222648 5.539735063607341
2458972 zg 5.769668355374372 10.930195232857251
2458976 zg 9.860522464216675 11.609605312948664
2458980 zg 2.9987788445980326 4.2044863572568225
2458986 zg 3.60823333195724 -1.415759143561193
2458992 zg 3.644975504872109 2.210814254267831
2458995 zg 3.5718615284093826 -5.005775865483644
2458998 zg 3.983668348115914 2.8741478393388085
2459014 zg 3.64161990391594 1.8796055782779986
2459017 zg 3.328909043065909 3.8714425692780954
2459020 zg 3.3197236234299283 2.8741489959574222
2459023 zg 3.5982771760906225 -2.3984616816279383
2459026 zg 8.698075712357808 -42.766401154368815
2459033 zg 8.018869959319543 5.205507860109941
2459039 zg 5.505818764648186 16.056628465361193
2459043 zg 5.282285999815748 0.8884000626568349
2459190 zg 10.41002823059325 38.42211276908054
2459204 zg 4.198027519917746 29.47069329856673
2459217 zg 8.050853753602649 23.448345604978517
2459218 zg 6.676239756101427 35.87752315328774
2459227 zg 4.248594487189755 25.233407521692023
2459231 zg 3.5982771760906225 24.304012400566762
2459251 zg 3.655060871418543 24.42472705423987
2459253 zg 4.236871390306335 17.031715732205353
2459255 zg 3.2501389544819235 15.584068131051822
2459258 zg 4.906741603759939 17.179633674799074
2459264 zg 3.292319156299175 18.172137099632334
2459270 zg 7.326780327373593 -9.048355283266346
2459272 zg 11.775152380203366 -13.079186305205887
2459292 zg 3.7024961372240934 21.133114899961402
2459304 zg 10.805966647863267 32.44353905060041
2459306 zg 4.287906247965747 11.833937965255158
2459307 zg 3.295352891175531 11.375382321705851
2459307 zg 3.350440647923593 17.356459515733896
2459308 zg 3.3907980828824065 21.610816558427764
2459309 zg 3.954423469410637 11.122046689780724
2459313 zg 4.2997705543704505 11.953088960919027
2459323 zg 4.634788968620287 11.154257180661663
2459325 zg 4.952143124827264 9.951680603225462
2459334 zg 3.6956821651211347 15.388828586813592
2459336 zg 3.644975504872109 10.198170139917494
2459338 zg 3.907357739141413 3.775548230971604
2459340 zg 3.7093226726952375 16.19052690898143
2459342 zg 3.5949645660836387 4.729639411037105
2459344 zg 3.280212119961128 5.869884255478019
2459346 zg 4.416164896214123 18.38981163639206
2459348 zg 3.341195816383143 12.163716692664007
2459366 zg 3.7333148181834166 16.587978637343376
2459368 zg 3.6617999473724994 9.400645120158785
2459370 zg 3.6651741433975955 9.608031139518868
2459374 zg 3.59165500569859 2.1086361375245746
2459376 zg 3.9471458571714377 4.613111700845406
2459379 zg 4.031653271041239 12.088227300951676
2459390 zg 8.848614539362817 16.243571374141478
2459392 zg 9.058576582822262 -2.106035459560063
2459394 zg 4.592296967945579 2.685086103977084
2459399 zg 6.148574421484283 17.185425035700685
2459401 zg 5.190308690204549 21.91062284795337
2459641 zg 3.280212119961128 -1.1759441107527917
2459673 zg 3.9326307885964913 -1.5776187100575714
2459675 zg 3.6282283636633244 0.7200541241655481
2459677 zg 4.483632046708836 -9.684454033817312
2459679 zg 4.351563058318652 6.029264074780629
2459682 zg 8.787026529531817 24.20514402446296
2459694 zg 5.253175517933005 -0.9571782350853555
2459696 zg 3.506667708268129 -11.313175600675946
2459699 zg 4.857691883033603 19.289427990377387
2459701 zg 3.896576212810236 -4.8854488994082805
2459717 zg 7.0359253606395455 6.309319914905551
2459722 zg 3.9398816384497537 -0.9930647468898947
2459724 zg 3.6315716248733265 0.9801811249477966
2459730 zg 3.5982771760906225 -2.3122464578076363
2459730 zg 3.7024961372240934 7.97450802627328
2459734 zg 4.562784574176053 -3.6221778630525407
2459736 zg 4.643334433658723 2.622800679012676
2459742 zg 14.897535970565208 1.954714996059772
2459747 zg 6.781596165764813 10.661873880536183
2459749 zg 4.643334433658723 2.611631337515194
2459751 zg 4.287906247965747 0.6255443254053588
2459756 zg 4.716609969389681 8.28898095092735
2459758 zg 4.311667688397385 2.6048204202973393
2459761 zg 5.258016100216724 -0.6987381691843335
2459763 zg 4.6305221354758705 1.607703317258333
2459765 zg 5.011793724574714 5.263122540336101
2459769 zg 8.137915398917777 10.646029139706766
2459771 zg 10.178027565995198 -1.0337684452152982
2459924 zg 8.422517802481572 8.234307554626415
2459937 zg 4.3275817559856815 3.87942713826159
2459951 zg 14.136541299985415 -37.79191055443975
2459996 zg 5.902765494666181 -20.248517095952437
2460016 zg 6.990708990438408 3.874662560390108
2460032 zg 4.236871390306335 -3.701842141651083
2460042 zg 10.96638838514101 26.526152779832316
2460044 zg 5.350839342503283 5.542069298157422
2460046 zg 3.3197236234299283 2.876429024553464
2460050 zg 3.9617144998618112 0.8899858600505621
2460057 zg 3.6115581685789406 -1.0855765765564391
2460059 zg 3.9946908516790907 3.8734066677323047
2460061 zg 4.315640710458906 2.876067755031195
2460063 zg 5.287153406195166 1.2199784236144817
2460065 zg 7.707493562275041 -8.87906427244333
2458198 zr 5.192780544204277 -0.6363186889419694
2458217 zr 6.6825841821904435 0.10584883139563317
2458218 zr 5.20235481498408 0.8487002281707419
2458219 zr 8.89371431730309 -1.3778029624254486
2458224 zr 10.637264655051522 18.883943823273626
2458224 zr 10.500983222835227 8.314966323736371
2458230 zr 5.188000018426802 -1.3778029624254486
2458231 zr 5.149913908338439 -7.285155622616799
2458233 zr 6.670285737977316 -1.3778029624254486
2458243 zr 5.269870813251901 11.320780759565196
2458256 zr 6.006091109249539 9.065382080117274
2458256 zr 5.121532924133561 -11.687193062317647
2458279 zr 5.93460633623346 -0.6363186889419694
2458283 zr 5.188000018426802 -1.3778029624254486
2458286 zr 5.192780544204277 -0.6363186889419694
2458289 zr 7.3502469228789336 -8.020518910230749
2458293 zr 8.273601784486704 10.568288660571056
2458296 zr 8.699277305231304 -18.97007825836988
2458305 zr 6.688741904979531 0.8487002281707419
2458312 zr 6.670285737977316 -1.3778029624254486
2458450 zr 8.235588037287329 6.816206695763412
2458450 zr 8.033311621876743 -13.14914126605197
2458450 zr 8.311790995170863 14.337689448837182
2458450 zr 8.258375275218116 9.065382080117274
2458450 zr 8.967743440880755 5.320205343806492
2458451 zr 6.688741904979531 0.8487002281707419
2458451 zr 7.521456167715187 10.568288660571056
2458451 zr 7.323217433220056 -10.955208462108658
2458451 zr 8.844701388144525 -5.812395603150321
2458475 zr 8.787860919864066 -10.955208462108658
2458477 zr 7.42509353576716 0.10584883139563317
2458488 zr 5.226367793763843 4.573237434638941
2458503 zr 7.459366210325725 3.826957191608244
2458524 zr 5.2456579562536545 7.5652414076182595
2458539 zr 6.850849679369946 20.40495353133042
2458543 zr 5.923684449884818 -2.1186046180637277
2458547 zr 5.183223893649216 -2.1186046180637277
2458561 zr 8.627464381622273 -25.467569186024207
2458573 zr 5.891039244974771 -6.549114728387053
2458584 zr 6.028259176633598 12.07396624866601
2458593 zr 9.625987231062828 -2.1186046180637277
2458596 zr 5.880197538303147 -8.020518910230749
2458606 zr 5.145172846015254 -8.020518910230749
2458617 zr 7.42509353576716 0.10584883139563317
2458637 zr 5.1404361483615375 -8.755205215035403
2458640 zr 5.231183673847107 5.320205343806492
2458643 zr 6.033813966202764 12.827845766798191
2458648 zr 10.885038378549993 38.09943683684651
2458654 zr 6.80682269792585 15.093654893544795
2458658 zr 6.039373874279018 13.582419953487715
2458667 zr 6.028259176633598 12.07396624866601
2458672 zr 7.5770809825620224 16.607676196788816
2458679 zr 9.034064251288974 11.320780759565196
2458812 zr 10.734780979342696 -29.05408142364695
2458812 zr 8.910112242920592 0.10584883139563317
2458854 zr 7.418257920291825 -0.6363186889419694
2458877 zr 5.2071485681082645 1.5922361315422222
2458884 zr 5.880197538303147 -8.020518910230749
2458887 zr 5.978495627253837 5.320205343806492
2458895 zr 5.869375784410436 -9.489215160268031
2458898 zr 4.389885363543052 -11.687193062317647
2458901 zr 5.130975830993547 -10.222549368596788
2458904 zr 5.826287563230564 -15.337020376969576
2458908 zr 4.471499425849769 3.081363981647087
2458914 zr 5.2071485681082645 1.5922361315422222
2458940 zr 9.321443574170729 37.32229203886493
2458941 zr 5.98400456178643 6.067861552766431
2458955 zr 5.858573946576045 -10.955208462108658
2458972 zr 6.8130949013288395 15.850316928904899
2458976 zr 8.885526674827227 -2.1186046180595057
2458980 zr 4.512873700629112 10.568288660590555
2458986 zr 5.240828751001028 6.816206695942939
2458992 zr 4.521194382475198 12.073966250176706
2459009 zr 6.560613274923366 -14.60839855334722
2459017 zr 5.221556347228008 3.826961291927209
2459020 zr 5.338263032036062 21.92877715847843
2459033 zr 8.070391703564349 -9.488930565936823
2459039 zr 5.2456579562536545 7.566424710390283
2459174 zr 13.279277117730503 23.322508692469142
2459174 zr 14.303935064540875 39.71828707397938
2459178 zr 6.7693105509436675 37.689722286478776
2459178 zr 6.694905301853483 28.713669757449942
2459178 zr 7.452499043082948 30.202797607554807
2459182 zr 6.7258075806605655 31.222907988902886
2459182 zr 6.713429589293152 29.729659836704638
2459182 zr 7.480005702233037 31.970564197862824
2459182 zr 8.115113794168641 20.82770502315135
2459184 zr 10.686364037835041 48.00575841938125
2459184 zr 9.185084900778211 50.29886014852745
2459184 zr 10.13550241001845 65.74920099766807
2459184 zr 11.652575126461128 9.97701011061342
2459185 zr 9.075763597234467 40.118385342489205
2459185 zr 8.388699050342384 46.95349807389562
2459185 zr 8.885526674827227 22.90612583088068
2459185 zr 9.109261613719005 43.14921944955984
2459185 zr 11.189049315488587 28.85168764055265
2459186 zr 7.466239705376918 29.3119740949075
2459186 zr 7.404605562356022 22.620132042204833
2459186 zr 8.250772532227678 33.05370298400493
2459186 zr 10.539741626503803 36.05951741983375
2459201 zr 8.715316734550482 3.302021218839595
2459205 zr 5.2071485681082645 21.477510899228346
2459217 zr 8.380976329979285 38.48974120656418
2459218 zr 6.645756709052422 12.788333718994874
2459232 zr 4.426425705910169 9.504768257711328
2459251 zr 5.221556347228008 15.546336986419261
2459253 zr 4.554630806859502 29.57753085057742
2459255 zr 5.20235481498408 12.041457004861256
2459262 zr 5.145172846015254 2.3069484788719734
2459265 zr 5.149913908338439 2.6922622234504985
2459268 zr 5.918231046651368 6.780508949232665
2459270 zr 7.189553651351895 -16.04739989738939
2459278 zr 6.688741904979531 9.44128019798738
2459290 zr 5.173684830891117 3.8873388051923046
2459304 zr 9.777893018029742 16.941149383913444
2459305 zr 7.996401907689096 -10.492222712208658
2459307 zr 5.116817989628695 -6.261651203191408
2459307 zr 4.4223506940722626 0.344456983832484
2459308 zr 5.2119467384761675 8.422946499936364
2459309 zr 5.164163323561863 0.9419325891555985
2459310 zr 6.850849679369946 26.353119578486055
2459317 zr 4.500421381215097 13.803291684732145
2459321 zr 4.500421381215097 13.556667843143305
2459323 zr 5.192780544204277 4.486258436970272
2459325 zr 5.96749296826058 8.833117178735533
2459334 zr 5.98400456178643 10.58202946457403
2459338 zr 5.250491611417614 12.626285213527341
2459340 zr 4.4673829186938585 6.5497958077378415
2459342 zr 5.188000018426802 2.739782145751332
2459344 zr 5.1975654750370115 4.129856534056612
2459346 zr 5.1262522032540385 -7.022651498338991
2459362 zr 5.956510558258477 5.6083929648350885
2459364 zr 5.956510558258477 5.534034025204335
2459366 zr 5.2071485681082645 4.717143947180089
2459368 zr 4.554630806859502 21.178379276073553
2459370 zr 5.313735941336087 21.10897570062837
2459376 zr 5.299073812144654 18.635914045781544
2459386 zr 10.290345692030508 -5.5373892451809485
2459390 zr 11.240695620543544 9.936788953009128
2459392 zr 5.2071485681082645 3.909887215651852
2459396 zr 5.226367793763843 6.786742358266213
2459399 zr 6.185743620844085 35.585764760908475
2459537 zr 9.741936204471072 8.002989153296594
2459537 zr 11.523733018302732 28.489919156475192
2459537 zr 9.7598980525305 9.50312982579561
2459537 zr 9.564125829771386 -6.847407876938464
2459538 zr 18.624099229808674 -27.905354718133122
2459538 zr 17.235733284833437 7.997986376682226
2459541 zr 8.844701388144525 -5.394318526316309
2459541 zr 9.688248756007832 3.4994410584810995
2459551 zr 5.221556347228008 4.199638361284184
2459551 zr 5.89646759209635 -5.439714433474381
2459551 zr 5.945548359981806 1.2213813978466819
2459551 zr 5.164163323561863 -4.7023164522691046
2459551 zr 5.328438639509959 20.77763470100636
2459601 zr 7.6401507692005035 23.665161053467166
2459636 zr 5.116817989628695 -12.278213779211002
2459641 zr 4.397979283708755 -10.090094692129691
2459670 zr 4.463270201235655 1.6871440544628178
2459673 zr 5.2119467384761675 2.428148190804133
2459675 zr 5.88561589524393 -7.195548400133166
2459677 zr 5.880197538303147 -7.932948126867426
2459682 zr 7.3502469228789336 -7.9378390408749695
2459687 zr 10.715932384241246 25.06289177862961
2459690 zr 5.945548359981806 0.9241164301057373
2459696 zr 5.2071485681082645 1.6626265121309731
2459699 zr 5.192780544204277 -0.5683141905478388
2459702 zr 5.2071485681082645 1.6579356172270086
2459709 zr 5.250491611417614 8.37558671506869
2459709 zr 6.701074378040786 2.3970775635929993
2459714 zr 10.452735587527686 4.630472117750747
2459717 zr 6.112120615360403 23.51068598809458
2459719 zr 5.1262522032540385 -10.901170392097677
2459719 zr 5.231183673847107 5.374243413817472
2459724 zr 5.2071485681082645 1.64325612242445
2459726 zr 5.164163323561863 -5.0251371258275315
2459730 zr 5.178452165819946 -2.811104323529574
2459730 zr 5.065239313421529 -20.371003279658137
2459732 zr 5.221556347228008 3.873494927638505
2459734 zr 5.989518572572603 6.861686802022368
2459736 zr 5.159409143084306 -5.767949090668904
2459738 zr 6.572709508808244 -13.105704857603127
2459747 zr 4.459161269986354 0.8878678220407198
2459751 zr 6.744417372326127 7.602648963256056
2459753 zr 5.86397237827834 -10.185991947664482
2459756 zr 5.231183673847107 5.355523650829282
2459761 zr 5.26017228788504 9.849835058330335
2459765 zr 5.88561589524393 -7.253308304778055
2459902 zr 9.415541052034174 -19.688089759140073
2459902 zr 9.450293163632567 -16.78565700881936
2459902 zr 7.418257920291825 -0.6297241589090588
2459902 zr 8.611586633358211 -26.897561834352107
2459904 zr 13.398479925255353 -40.41411281674905
2459904 zr 10.884116658345107 -18.238359872434586
2459904 zr 8.967743440880755 5.326650004681908
2459904 zr 9.564125829771386 -7.278710961741383
2459905 zr 7.22939457625498 -21.135524717776832
2459905 zr 7.923090454339815 -24.02196226905147
2459905 zr 9.581759837156568 -5.8060245947357885
2459907 zr 13.20609551492348 -9.48298894119538
2459914 zr 6.7817915737127965 12.0797111313355
2459914 zr 5.940074828613728 0.11159371406512306
2459914 zr 6.627419150596618 -6.543369845717564
2459914 zr 6.578765986665465 -12.412758907504724
2459914 zr 6.694905301853483 1.5979810142117121
2459915 zr 7.370584490120438 -5.80671637556405
2459924 zr 7.329965472847924 -10.21742828037753
2459937 zr 5.907339296935486 -4.332509863836003
2459972 zr 5.891039244974771 -6.546165207277704
2459996 zr 5.149913908338439 -7.282917179129937
2460016 zr 8.844701388144525 -5.8106168801435345
2460046 zr 5.240828751001028 6.81746664081318
2460055 zr 5.815565023773888 -16.791115417847564
2460057 zr 4.450954752175095 -0.6352083877450329
2460061 zr 5.1262522032540385 -10.954148053497983
2460063 zr 5.149913908338439 -7.284119313152582
