jd filt fluxerr adjflux
2458206 zg 8.29042480600813 16.961614025557683
2458206 zg 8.15590399652376 13.094120446228166
2458210 zg 17.14838805574326 18.26869623634123
2458210 zg 17.235565381808783 -12.617096717288673
2458237 zg 15.365380567271952 2.837075004959421
2458237 zg 15.011549899862937 -9.700634456988944
2458242 zg 2.962304954659982 2.9666721667447864
2458245 zg 37.029771935485996 5.525671718102902
2458249 zg 3.6417755065327597 -5.8642047051179285
2458267 zg 8.559594269661284 11.367871793746785
2458267 zg 8.608548339580768 -0.15863607971593313
2458270 zg 7.064887857280393 -1.5219460980135286
2458270 zg 6.162690885869369 2.378317660421689
2458274 zg 3.009686246587367 3.387910017579087
2458275 zg 2.9258733948948725 2.527572809677565
2458277 zg 3.7297118201172275 4.340146140836751
2458278 zg 3.624346949990647 -6.642363404362223
2458280 zg 3.2421250740271077 -0.8571734679644312
2458284 zg 3.4988442446638444 0.3918735999725044
2458293 zg 7.2577129410519365 11.525751527099926
2458293 zg 7.336776216162417 -1.9441308262443617
2458443 zg 12.06951326242682 91.00299149473328
2458463 zg 42.24861561415819 124.5486424165765
2458470 zg 6.461646070226262 85.60150892024174
2458472 zg 7.2577129410519365 88.06545775084716
2458487 zg 3.3893246536816664 69.37568187937593
2458488 zg 2.942087127743234 67.84281488080892
2458492 zg 3.5483770768096856 61.78619125287081
2458495 zg 2.8244372114013885 60.533846991324985
2458495 zg 2.681333599516328 62.122548765066014
2458502 zg 8.111397578222011 50.977818352999144
2458511 zg 4.046689912950296 43.3814991687115
2458511 zg 4.5909221342100155 42.41864904271827
2458539 zg 15.252057253931849 -8.096718232020951
2458539 zg 7.3712843792605325 33.77930905537649
2458559 zg 6.202326228573597 18.57746897606776
2458560 zg 7.975865074771949 19.646109973133807
2458573 zg 3.2368399353048307 13.044136046730973
2458575 zg 7.637125414378489 13.835770912959788
2458580 zg 3.2842012719541698 15.818911324712444
2458580 zg 3.032882113834106 13.279706114412022
2458586 zg 4.337741053870526 13.699240427593539
2458600 zg 3.589565955867741 8.727434471000395
2458600 zg 3.2728132419899505 8.005101787925529
2458606 zg 6.224488272225511 11.936494522819146
2458607 zg 3.2094437240640272 9.690862270228386
2458609 zg 2.9366725914763774 3.931832088119944
2458612 zg 3.078396876940373 10.639801719269403
2458617 zg 7.440460010616232 21.817892526315383
2458634 zg 3.675070655665491 7.307949053943358
2458634 zg 3.1719908407467257 0.8287754253817177
2458637 zg 2.952946168092634 2.115121237196304
2458637 zg 3.3207009388926103 6.551689969336716
2458640 zg 3.074198629406534 3.165835779240459
2458640 zg 3.561847136208464 1.555820946883196
2458643 zg 6.341184428884812 13.010187627397741
2458643 zg 4.720802904338115 -2.7678321754957835
2458650 zg 9.83209043431752 -3.386349333613148
2458651 zg 10.790606724361318 17.79528405294692
2458653 zg 10.424000544058078 -0.14972895830788913
2458654 zg 7.664750262354547 -4.87001055795508
2458658 zg 3.287919861535329 9.923042069148348
2458662 zg 4.426553250922123 -5.852959665843996
2458662 zg 4.140949429855258 8.024077157903283
2458668 zg 3.802884809051439 0.3415535777128187
2458676 zg 9.597934869674974 -2.82470529115226
2458676 zg 9.49392648478903 -4.590207410693168
2458806 zg 8.561106949530167 -1.3085436446521572
2458831 zg 6.105252821605538 -0.15188040975683967
2458838 zg 29.422203522233296 -20.485400497993595
2458854 zg 3.2116233720673386 -2.637484763915766
2458854 zg 2.870611590490266 -4.298766855474587
2458857 zg 3.1255893944883297 2.0347947124810117
2458857 zg 3.5948045019823693 3.557915272885775
2458872 zg 3.587812717548746 -1.176549022630366
2458873 zg 4.031096396525257 11.582492610179633
2458877 zg 3.121977472451689 -3.711161308581622
2458880 zg 3.4185500102502946 -8.539047813528468
2458881 zg 2.841675180001839 -5.128795215533955
2458886 zg 6.407881070764069 -1.6338779227995324
2458887 zg 7.876158416743635 -9.804731957924242
2458894 zg 3.5647556412249024 -0.05574641932726838
2458898 zg 2.452572823379415 -1.5905781912904111
2458898 zg 2.7247158850055566 -1.732100953774598
2458908 zg 3.41540285887224 3.5594898144448766
2458914 zg 5.284506418272915 -0.560090652148298
2458955 zg 3.0657160292242684 -2.4028720864860444
2458962 zg 3.165408505332189 -1.6284186792478492
2458963 zg 2.9885156186332695 -1.8206548830626326
2458963 zg 2.8234131561251807 0.7414152977518689
2458965 zg 3.1617287603267767 0.43541571213133157
2458966 zg 7.031690720456502 -3.612635788760901
2458968 zg 3.3778622705737327 4.578092079355924
2458969 zg 4.327728029544136 -0.8888150019276876
2458971 zg 5.305004854605445 7.340757722335987
2458972 zg 6.266202560276796 7.24296018778109
2458978 zg 4.05377798935592 8.125354661665149
2458980 zg 2.678865136949609 -0.8266607997185138
2458981 zg 3.3360285980038067 -1.3589164763387482
2458986 zg 2.9711270525175046 -2.91146354211898
2458986 zg 2.8182170241731384 -6.919450240835387
2458992 zg 2.930361661101938 0.6987307939864807
2458992 zg 2.73636756553972 -3.1663948033820204
2458995 zg 4.278225015412822 -6.688964424614228
2458995 zg 3.0236528283946797 -3.393908117114158
2458998 zg 3.821729637368465 -4.243499794278325
2458998 zg 3.327524207920009 4.998458654093305
2459005 zg 8.19841545644479 -10.584056321636897
2459011 zg 3.614725117802222 -3.0659311011592316
2459014 zg 3.0905072373360305 2.052184401154212
2459014 zg 3.1758174442686533 -5.3552313736956165
2459017 zg 3.198393724126965 -3.8068056034396682
2459020 zg 3.0524989968459986 -4.0799557416773515
2459021 zg 3.3551594988476374 2.223341938007904
2459023 zg 3.300055346615076 1.7910379353142474
2459024 zg 4.009589636826489 4.758028928407619
2459026 zg 5.3650030511424704 6.771012526952189
2459033 zg 9.53816033175577 -12.628453255227548
2459178 zg 4.744395070355519 2.163632995753411
2459185 zg 8.423746182699082 -0.7509915609156964
2459185 zg 9.384589609913899 -13.088943059675488
2459186 zg 7.810803078566416 7.221927161920793
2459186 zg 7.524401013935801 -2.7128905598289186
2459190 zg 11.51710486735247 -8.241243572425981
2459200 zg 3.874734392635764 -1.6145627784310375
2459204 zg 3.4964696670785314 0.3414554143101879
2459204 zg 3.5651292298841906 -1.0319572688471523
2459217 zg 12.52458061153397 -17.582106876779626
2459217 zg 11.004921469994459 -1.655023399908243
2459218 zg 6.179687814708588 -1.8842043968984368
2459221 zg 9.532189205337817 9.858318583597203
2459222 zg 4.1924287747065065 3.6607298109067314
2459227 zg 3.621389824076193 5.921641636350179
2459251 zg 3.2071049392468463 2.474246149180829
2459253 zg 3.4772007526538817 -2.9781485210980816
2459253 zg 4.0954339565320135 9.5363278948742
2459255 zg 2.6782772350658712 2.249879047986716
2459255 zg 2.574843575464868 0.876870243878897
2459264 zg 2.8208138936956497 0.3833335738697492
2459268 zg 3.9379960565933274 -1.5582028967165222
2459268 zg 4.605360405172858 0.8430171075778118
2459270 zg 8.119960948460832 -0.20568040679937058
2459270 zg 7.2979315707854004 2.8912591816181066
2459272 zg 14.658370906704064 -27.905801601464923
2459276 zg 6.623076335564199 -5.776549862907972
2459290 zg 3.019427525122827 1.092281681584306
2459291 zg 3.5190850651847905 7.380526788212112
2459293 zg 3.655217048353879 -4.07349159835885
2459298 zg 11.988118292261023 1.0829040779028516
2459303 zg 12.278010618320538 -13.634055168758628
2459304 zg 9.716928794328402 -2.2702468380393035
2459304 zg 8.380538648916213 -1.513101140318885
2459305 zg 6.07015508456569 2.6023817348537803
2459306 zg 4.635148182245959 5.797259484394359
2459306 zg 4.1655780567016745 -5.867398487495735
2459307 zg 3.1741669469191907 0.3869835022360877
2459307 zg 3.099058432882133 -5.188817002155179
2459307 zg 2.833834179043325 -0.8124273505221791
2459307 zg 2.852163606788579 0.3496236429756897
2459308 zg 4.489760591709336 -11.838974623987935
2459308 zg 4.178526720087915 0.18659958621403577
2459309 zg 3.3840902572487033 -3.370989476354271
2459309 zg 3.186632085232601 -0.2353491846528262
2459309 zg 3.201340910632438 3.6444539119589137
2459309 zg 3.2757682606015415 5.412733266066927
2459310 zg 3.3768608933973536 1.6780134021343656
2459311 zg 3.2190811472305327 0.8621373860114212
2459311 zg 4.013284306554313 -4.1007282213827665
2459313 zg 4.1924287747065065 -0.22823360424953537
2459313 zg 3.5370560149017916 5.664899989228939
2459317 zg 2.7161318632062588 2.127559251639622
2459317 zg 2.541297620946054 -1.6205264493415874
2459321 zg 3.1240977189957153 2.263791644265338
2459323 zg 3.939671042296913 -6.418299852083318
2459323 zg 4.173166314203273 5.795172153816321
2459325 zg 4.54883230709057 6.104794051394699
2459325 zg 4.7225965550877635 7.101189502615466
2459334 zg 3.364442966822215 2.711837003539358
2459334 zg 3.1026438391015354 4.051784947139992
2459336 zg 2.9506969635285083 0.028784820795490336
2459336 zg 2.9043939932320333 -3.4791524364572353
2459338 zg 3.709157516853223 -3.517135602128631
2459339 zg 2.8208138936956497 1.388309295782151
2459340 zg 3.0869145640518005 0.16936314098978342
2459341 zg 2.779549636998614 -3.853662742853517
2459342 zg 3.104772370597434 4.885821017576967
2459343 zg 2.7821108761355156 2.8099791660120834
2459345 zg 3.021729120391502 4.24018875746128
2459348 zg 2.7975279487193374 -1.2433849134942545
2459348 zg 2.906171394401399 3.6753074494018234
2459354 zg 4.909665534022404 -4.18204767107437
2459358 zg 11.962478811940231 10.94992974218554
2459361 zg 8.662270948124483 -27.020986366984513
2459362 zg 3.0694144257025946 -2.2247426374459236
2459363 zg 3.306078571130495 1.7898990103765144
2459366 zg 3.151606043470128 -3.2196644914490813
2459366 zg 3.548748948985003 3.130497943030085
2459370 zg 3.6680036989597844 4.573890606657369
2459370 zg 3.4280088748886453 4.384749727501281
2459372 zg 5.626060910078993 2.0388905271333337
2459372 zg 5.25878633272634 5.183789067996392
2459374 zg 3.3567933779063757 1.0923119693301726
2459374 zg 3.6901323058319684 -2.576717619517219
2459376 zg 3.675151756337319 -5.238919447362069
2459376 zg 3.3831497661508503 3.6627385473364087
2459390 zg 7.891202102947049 -3.113804630427835
2459390 zg 8.97913343297815 5.973996035344903
2459394 zg 4.860175001160349 4.66481248518562
2459396 zg 6.242614775733253 -12.634560846228126
2459550 zg 3.8610011131986983 9.705015414015572
2459600 zg 7.462286746708966 1.2951187195327987
2459636 zg 3.352132862658749 -3.3302854734724723
2459636 zg 3.501401694719013 3.293181883046628
2459641 zg 2.5795909837940383 -0.13654691477519662
2459672 zg 2.6665568696737822 0.2586419592758437
2459678 zg 3.7022495848797363 -1.064479032500585
2459678 zg 3.54184674118853 -1.6451471862573437
2459683 zg 10.337388580927833 0.3285491770472904
2459697 zg 2.747463456123051 4.306563509461975
2459697 zg 2.7923794551913814 -2.594044173126094
2459699 zg 3.257776031056612 -4.510260157062227
2459699 zg 3.395277511321839 2.0103561042898264
2459701 zg 3.621389824076193 1.028304225244297
2459701 zg 3.5948045019823693 0.8630404742326512
2459702 zg 2.8751170485256567 -1.7240837362748638
2459715 zg 9.265778261384959 -3.248267099210059
2459715 zg 5.798097652747376 7.381340023061665
2459722 zg 3.2637826068392273 1.4331944078580985
2459722 zg 3.5746190455858198 -3.9191955968582075
2459722 zg 3.3335975682972445 1.6597449901492105
2459724 zg 3.409766265519472 4.78645533089402
2459726 zg 2.815622545354731 -1.1815900254261409
2459730 zg 2.836445439123115 -1.822520870469206
2459730 zg 3.0488209820932575 -2.4142814680490687
2459730 zg 3.776590765252662 -4.82233172110789
2459732 zg 3.6080726770704454 -4.362998467647121
2459734 zg 4.294015648405331 0.5863119962384549
2459734 zg 4.565621732903136 -0.6138984394463803
2459736 zg 4.817435058101008 -5.961089586224553
2459736 zg 4.775547659728642 -2.4382117900737366
2459741 zg 9.687237981337997 -6.735891637204639
2459741 zg 8.946500268949373 -7.247204125323726
2459743 zg 10.854167809001943 -1.7094108417610545
2459743 zg 10.034451043286253 -13.86696507341875
2459747 zg 5.249327309263864 -1.3895364860284038
2459747 zg 7.619792875429573 2.0633837803012542
2459749 zg 5.441312304799635 -3.753353293369117
2459749 zg 4.833071094501214 0.8869880519726503
2459751 zg 4.070668093174333 0.007487387631388456
2459753 zg 4.753606011314298 2.058066006404736
2459756 zg 5.030554620453875 -2.1874983491740005
2459758 zg 4.292002440913976 11.779567326334519
2459910 zg 4.903471472610196 3.525672364767423
2459924 zg 8.791301596568184 1.7499874114064238
2459924 zg 7.54553357571302 5.714521410531402
2459932 zg 4.341738101451576 5.869471035037095
2459932 zg 4.0632662128348285 -5.743716864186676
2459937 zg 3.814537929439064 4.004189092071662
2460020 zg 4.07624200760792 1.4339441424338935
2460043 zg 7.5818955736339415 19.398429472723286
2460045 zg 3.989015217660037 3.310723047623658
2460050 zg 3.9198161065799493 7.800556722165276
2460051 zg 2.805268493134243 0.706214014395946
2460054 zg 3.8287760114803295 4.276031985786627
2460056 zg 3.5175634306222436 -0.42822033304362667
2460057 zg 3.074198629406534 -1.1119323563132337
2460058 zg 3.561847136208464 -6.5097281084196945
2460062 zg 3.8165037469656777 -0.4430100003458088
2460063 zg 4.994173464317922 2.740207561044519
2460065 zg 9.15650891333926 6.7496609240261005
2458217 zr 4.5880692533625735 -7.638911186068065
2458217 zr 4.768625183501479 0.8546480080113891
2458217 zr 4.705928032479668 -7.146120191769748
2458217 zr 4.607287157100136 5.02325221096507
2458224 zr 5.654860706146759 6.837260409942577
2458224 zr 5.571226950511696 1.8754155921976055
2458224 zr 5.214610941915489 0.34609531420208695
2458233 zr 5.9313131041094245 -3.056328928091101
2458233 zr 6.84417686126408 -4.153206286604131
2458242 zr 5.26286114289525 2.3837220981777274
2458249 zr 5.7962999344786805 2.7514477574915195
2458257 zr 4.264275755949465 -4.80515750278643
2458267 zr 9.791871219593368 -13.308007462510606
2458270 zr 5.556763478436353 -5.742731577447579
2458274 zr 4.132808492367948 -2.177421358359637
2458277 zr 4.848341339193008 -2.8055908483672747
2458278 zr 5.592704993796926 10.743921687290834
2458280 zr 5.617600494082365 2.315840366127329
2458281 zr 4.569253795356544 3.271949162450465
2458283 zr 4.339555841465927 -1.322444368891058
2458287 zr 5.67050727027709 -5.390790947710779
2458293 zr 8.892869876396253 5.230970078773187
2458293 zr 9.434088083975134 -8.445832081875563
2458438 zr 7.449398783368406 25.052156787765483
2458438 zr 7.654637166652301 36.950894456573195
2458439 zr 6.6309298591591155 26.97391179235038
2458439 zr 6.420582549045292 32.90079052307148
2458439 zr 6.479991467917549 39.095848092996235
2458439 zr 6.7337273834540445 19.89641693282561
2458440 zr 8.098969528034042 41.230624046634745
2458440 zr 7.912698350176396 38.59213118436249
2458440 zr 8.95038954958418 38.469329817764844
2458440 zr 6.401113529885994 46.798657865213116
2458442 zr 9.837068443576058 40.544832809625
2458442 zr 10.202343153546018 30.86984066205317
2458443 zr 6.496142303011032 36.45751542188344
2458443 zr 5.90982245767463 33.31560428280662
2458443 zr 7.398175164395332 45.91511167480344
2458443 zr 6.131275773295974 42.46237969498676
2458444 zr 7.088134087846363 32.326764895151115
2458444 zr 6.0193673785215855 33.4984660635614
2458444 zr 5.660071424588908 37.02542562236041
2458444 zr 5.744098936484694 40.457817307702854
2458444 zr 8.618703444639305 33.65219100300306
2458444 zr 6.762883787091052 46.58791939888825
2458444 zr 5.759050016351271 41.52443035719325
2458444 zr 5.306667924181397 38.70186063378218
2458449 zr 8.250405170473254 37.45382471157142
2458449 zr 8.29930905857482 22.29832053951945
2458450 zr 6.721334816699328 33.72701497732251
2458450 zr 7.807521172944938 32.463790918371444
2458474 zr 8.914054333789299 54.92393707009373
2458475 zr 7.107746409056918 37.46515068652889
2458476 zr 6.744056866990661 46.44016543779384
2458476 zr 6.7337273834540445 59.21929572192454
2458488 zr 4.537639237917075 39.38317159396533
2458488 zr 4.2255493189742825 42.1412576887351
2458495 zr 4.707929650069757 33.94632609885681
2458503 zr 6.047479906561857 31.777814370904046
2458503 zr 5.887770189103777 28.281663220510467
2458512 zr 5.546536963695649 34.15637046396568
2458524 zr 5.138329041516694 17.99009030761064
2458524 zr 4.938896948969409 22.98783171743835
2458539 zr 9.24400049967756 15.06321453565696
2458543 zr 4.268205108320566 11.777351522303123
2458543 zr 4.5608446662882365 15.925640920352327
2458547 zr 4.54825998115193 14.971083812438916
2458559 zr 5.866437309654925 14.871159419362998
2458560 zr 6.592581841259888 21.060051213009956
2458580 zr 4.487763526758944 1.0431659657123058
2458580 zr 4.351563058318652 2.7281513451149886
2458583 zr 5.282285999815748 3.42466421411234
2458583 zr 5.209465761034081 8.816871212047147
2458586 zr 5.157294259053668 3.820443320189634
2458587 zr 7.34718920032235 6.8329967635478965
2458589 zr 12.980323778689042 1.799284634107269
2458596 zr 5.365644702931097 12.350530470410291
2458600 zr 4.600764087689634 5.139191222036929
2458606 zr 4.159902722771737 6.108588931547488
2458607 zr 4.808318064384583 -1.9837342005339123
2458612 zr 4.571197279980024 3.6774654170758643
2458634 zr 4.69061690709303 1.635920993081647
2458637 zr 4.494126381368539 -5.355095710367683
2458637 zr 4.562784574176053 -1.4469254265380296
2458640 zr 4.795456597125687 -4.1775638108027096
2458640 zr 4.888697758045771 6.600337087593331
2458643 zr 5.936778561913554 -4.225894430617872
2458643 zr 5.775298474880185 -5.273998423686564
2458647 zr 9.346735658541999 9.875540381924495
2458653 zr 5.450318873134988 1.8898346911709731
2458654 zr 6.257119279918408 -5.665335752879673
2458658 zr 5.152205631710794 6.9495341062090255
2458662 zr 6.566469397416256 -0.6648601019300193
2458669 zr 7.1469578971776615 -5.939824914974224
2458676 zr 9.451482332221824 1.6848770303892702
2458676 zr 8.39927764800258 -5.503419519593902
2458796 zr 10.304411263421589 -1.6707867289396798
2458796 zr 10.579462969500426 -18.800942045023792
2458796 zr 11.245553757584256 8.70910440479182
2458798 zr 9.373459922439816 1.3894649439225175
2458798 zr 7.860350962705145 9.131540081905667
2458800 zr 11.687016387510079 -4.56961952642985
2458800 zr 12.061586332524934 -21.958158124465083
2458800 zr 12.10610481446509 -2.5571830690646573
2458804 zr 8.337616928644765 -3.483882588017542
2458804 zr 8.021247881778036 15.363232016073093
2458804 zr 8.824003934932568 4.878077585239771
2458804 zr 8.484806404962312 16.569987523633355
2458804 zr 9.004824995099893 5.539445106998359
2458804 zr 8.03756706660648 0.200728655243341
2458804 zr 9.577798435759378 4.784346445972288
2458806 zr 9.050237166493616 7.77517046560847
2458806 zr 11.791524923474201 -3.081943874880833
2458812 zr 7.682889903652835 -10.665687355162666
2458812 zr 6.391082651872364 -12.572138033827013
2458812 zr 5.942249055909234 4.25178446306466
2458873 zr 4.611532580180441 0.529741755639061
2458874 zr 4.213522149494426 -3.554292860960933
2458876 zr 4.6776741429364 8.203301374976567
2458887 zr 5.877253645688601 5.322224167373137
2458887 zr 8.004112251498974 -3.113479050340474
2458894 zr 4.799468968007846 3.02826494613996
2458894 zr 4.966265855578937 -13.062143884524643
2458901 zr 4.190667220174274 1.0816106952317073
2458901 zr 4.446619463437378 -2.0173164525218183
2458908 zr 4.0057438536608565 -2.0636006598664487
2458908 zr 3.8627323261568556 5.11481906153433
2458914 zr 5.882669289955045 -5.112857255885785
2458914 zr 5.925852677860501 2.6781990403392517
2458954 zr 4.194162773737396 1.412184301214865
2458955 zr 4.465244880816021 8.327819128679357
2458962 zr 4.4507168379347135 -1.770470983547288
2458965 zr 4.291857374850295 4.198665552502742
2458968 zr 4.533461841787751 0.542393338945969
2458971 zr 5.2338577106772695 2.160893259572138
2458972 zr 7.6899693664707724 -8.365301372696521
2458975 zr 11.31279645811702 1.4199226110591947
2458976 zr 9.62200754466758 -2.304270363803205
2458978 zr 5.195434950413648 -8.16934113208663
2458986 zr 4.236871390306335 -4.600435071054715
2458992 zr 4.129003787477565 3.9662007042016736
2458992 zr 4.12936407348614 4.426899175692254
2458995 zr 4.12936407348614 14.909504640907532
2458995 zr 4.205767699167478 1.8714412230928665
2458998 zr 4.626259230420771 0.56328865473741
2459005 zr 8.639988623890067 -3.4266011479986456
2459005 zr 8.671121605790555 4.64721388159927
2459009 zr 5.722975828045982 -4.422612287021867
2459011 zr 5.124150910524384 -10.478320491095085
2459014 zr 4.681984424690373 0.6617301611217346
2459017 zr 4.465244880816021 -6.309634370323377
2459018 zr 4.554387350884547 -3.608684624758187
2459020 zr 4.611532580180441 4.686558978135823
2459021 zr 4.6305221354758705 0.3113665376681993
2459024 zr 4.975330229084699 2.490059830525874
2459164 zr 7.18331001139718 -10.282832185096863
2459164 zr 13.290802954733623 -11.81551704646801
2459164 zr 9.320945320584544 -7.454041548310513
2459164 zr 8.084911622262636 7.8048084597695135
2459166 zr 6.118648852738012 8.069063079299946
2459166 zr 6.578414335795117 2.835841827984677
2459166 zr 7.549611607419374 5.173803715177673
2459166 zr 6.500277908963847 -8.928525987906966
2459168 zr 7.236434071480968 -0.23132905083052
2459168 zr 7.337102897207393 -11.265481149028771
2459168 zr 7.088134087846363 8.054340401808311
2459168 zr 10.505656184192041 5.646760550130467
2459172 zr 5.38456780682543 -10.542398159046376
2459172 zr 6.290070743127532 -3.267070873143027
2459172 zr 9.299630498321374 -6.015068473222004
2459172 zr 6.414671696445053 -5.534852369320965
2459174 zr 10.052173138848216 12.572362226264115
2459178 zr 6.827402862530921 -8.631385722091352
2459178 zr 5.252828092096021 -0.3825662260299429
2459185 zr 9.021427782776689 -4.851581653659514
2459185 zr 8.832134886767891 -0.7293565851009883
2459186 zr 7.006878869709466 -9.263893790296024
2459186 zr 6.623011816432324 -3.410237034550008
2459195 zr 4.889111756869986 3.7319909305529024
2459195 zr 5.011793724574714 -2.350547816216758
2459200 zr 5.330290152238788 4.8171414828005705
2459202 zr 5.1194335658750365 4.139374052004972
2459205 zr 4.483632046708836 4.188423755272291
2459217 zr 8.050853753602649 1.7486446042131691
2459217 zr 7.374307168117634 2.474608186151137
2459218 zr 6.047151515949452 -10.891120244675223
2459221 zr 7.3033919715458415 -2.5226257854736165
2459222 zr 9.711038884307396 5.192596888706482
2459223 zr 5.350839342503283 5.654456524569168
2459223 zr 5.355415706874874 7.7112902872612175
2459227 zr 5.170717969058522 -1.6825665545764457
2459228 zr 5.0029937992825015 2.2365126317109083
2459231 zr 4.232970884069864 -0.4722859780428481
2459251 zr 4.26072176791491 6.21365187165061
2459251 zr 4.3355608028952775 -3.425105517483582
2459253 zr 3.864409801729271 -3.085651882465615
2459253 zr 4.194528745347695 2.926046253900757
2459255 zr 4.171048898524578 0.5479494248351082
2459255 zr 3.9164682855435675 3.3920935046022342
2459262 zr 4.573464172279249 3.5501905404564
2459262 zr 4.4918988137957 -2.776275801180787
2459264 zr 3.864409801729271 0.020440359470740833
2459265 zr 4.050262537015585 3.702510680525851
2459268 zr 4.997964740996721 2.7181519533088805
2459268 zr 4.966265855578937 1.3784800846149996
2459270 zr 7.476893999674084 11.147289374272004
2459270 zr 7.665017851623668 -0.5068537653891108
2459272 zr 12.26321746455372 35.8625893384545
2459276 zr 6.497921105327817 -5.86890160467665
2459276 zr 7.406785453314436 -9.205792139462764
2459280 zr 4.129003787477565 8.089563980896513
2459290 zr 4.236871390306335 1.2849399919539815
2459291 zr 4.198393828755629 0.1398364636454437
2459292 zr 3.87510232607792 2.0796527146141455
2459295 zr 6.639447246859857 -4.580148027988905
2459297 zr 7.2031856770593405 -0.06439347213275781
2459298 zr 14.384202409062901 21.99983399744889
2459303 zr 10.253299014267999 6.167423732381735
2459304 zr 9.55652338440904 9.794203905215994
2459304 zr 9.924300978631805 -6.211756010618437
2459305 zr 5.4653994857638075 9.400157997874308
2459306 zr 4.151884669629487 1.9620276078828112
2459307 zr 5.764356740900092 0.11280352200230838
2459307 zr 3.8027223226964564 3.4281953232803892
2459307 zr 4.26072176791491 -2.773002423945887
2459307 zr 4.319617393494641 -3.0808729644372206
2459308 zr 4.248594487189755 -1.0872387426833814
2459308 zr 3.81675790809783 0.635788568735315
2459309 zr 4.496037911327107 -4.873176341284461
2459309 zr 4.198027519917746 -0.9683680801415916
2459309 zr 4.15607307466149 -3.1663528524250535
2459309 zr 4.210010461189142 -6.749963578823588
2459310 zr 5.049192304074381 -1.3015557056874205
2459311 zr 4.159539772273466 6.999710407663274
2459311 zr 7.626488325081517 0.449980755052248
2459313 zr 6.8947928672870695 -1.9529678289645853
2459313 zr 7.636972445861497 -5.826544003683536
2459317 zr 4.174892346232314 -7.400422135187144
2459321 zr 4.26464784543415 2.83297948181711
2459321 zr 3.8431131828932883 2.7676758867046973
2459323 zr 4.541820483342807 -1.9740014158640766
2459323 zr 4.651895654532692 4.736630006226388
2459325 zr 4.620035165886996 -1.3257600633922486
2459334 zr 5.379610719773133 -3.4477019217968183
2459334 zr 5.455341114803464 1.5784686205416405
2459336 zr 4.114178923287369 -1.6667882132237444
2459336 zr 4.458922917087842 -1.763013851584987
2459338 zr 4.106249001017055 -0.9817595018415196
2459339 zr 4.1791039613185745 -5.158589725055612
2459341 zr 4.1791039613185745 -6.8549595253220446
2459342 zr 4.504327551921932 -2.6725135934512325
2459344 zr 3.8894050610717783 3.1081162814024665
2459345 zr 4.194528745347695 -1.6797778196080964
2459346 zr 4.248594487189755 1.7234629787068059
2459348 zr 3.87510232607792 -1.559358218645168
2459348 zr 3.450658088251957 2.2264591972666605
2459353 zr 4.870720266012795 8.008954542349038
2459358 zr 13.362440538658442 -0.4345437965489884
2459361 zr 5.602099914998402 -13.164779808564509
2459362 zr 5.613347281585522 6.9050318046244765
2459364 zr 6.7566578085427365 -3.651280454064904
2459366 zr 4.426189102806317 -0.6555723541634476
2459368 zr 4.136977653426866 -0.5739750727526822
2459368 zr 4.264275755949465 -3.1494208907435435
2459370 zr 4.848341339193008 0.8312642609490258
2459376 zr 5.152546402305695 2.3767279725739345
2459376 zr 4.957126076429541 0.0740492864010024
2459378 zr 5.181099247757429 -1.6836400174072546
2459386 zr 9.3553482858728 -11.348598223973813
2459386 zr 9.979296510924838 11.657096222747223
2459396 zr 4.970842062567395 -2.9242123587116544
2459526 zr 9.791824540886823 -5.874205495641215
2459527 zr 8.132834555150977 -6.844537599256746
2459527 zr 7.399966692443174 0.7165111308939287
2459527 zr 7.496003229003516 1.429817380712018
2459527 zr 8.465941768139729 3.6479221142274163
2459527 zr 10.201215151325467 -6.001136214498002
2459528 zr 7.636830836557488 1.3566073828283567
2459528 zr 9.446341082951356 4.003890049260785
2459528 zr 7.380965420000051 -3.229480277094305
2459528 zr 6.73784822069355 8.37373196087565
2459529 zr 15.299319176601308 -11.15918470659294
2459529 zr 11.358046778491348 -9.330279718977899
2459529 zr 10.343128190278417 6.831891135676338
2459532 zr 5.887770189103777 -5.396628546226809
2459532 zr 5.9313131041094245 -0.4267362676876649
2459532 zr 7.003770789461361 -7.454241987928592
2459532 zr 10.439025543745577 -8.92831633470859
2459532 zr 7.293252065447714 -2.6986273784683887
2459537 zr 7.3033919715458415 -5.784382489258032
2459537 zr 8.132834555150977 11.014262179725463
2459537 zr 8.58371474970059 19.760475388382925
2459537 zr 8.763144242228316 9.204393631741192
2459537 zr 7.605444645392913 9.489811242238009
2459537 zr 9.1467264965579 0.03804956443079055
2459537 zr 8.438046952115803 0.25244813533361604
2459537 zr 7.878250123849344 -10.626110042724553
2459537 zr 8.098969528034042 -19.577943689894703
2459537 zr 7.635364333888835 -6.248219726196986
2459551 zr 4.893202489265436 -1.457031076866843
2459551 zr 6.188343809343441 -1.5101495937158897
2459600 zr 9.252518460841541 1.7207957864795709
2459636 zr 4.221290897211089 5.234093661996994
2459639 zr 5.0818508153570034 3.8618018454895395
2459641 zr 4.760252224104602 -10.711842744242025
2459670 zr 4.083975941244377 -1.2488170395685487
2459671 zr 3.980000943136048 -5.0137730193855905
2459674 zr 4.182589869641794 4.329867585489877
2459678 zr 4.175256636355801 3.5464221314766573
2459678 zr 4.479504370140656 5.307930294887047
2459687 zr 11.382873441787204 -5.833084415249783
2459687 zr 9.698396308287201 -9.755124550828105
2459699 zr 4.44252586102406 -1.3812357117625669
2459702 zr 4.539889488522129 0.39826395575250406
2459707 zr 5.171564095139209 0.5324599146911204
2459709 zr 5.828736653727107 3.937941162956447
2459709 zr 5.560973817594599 -8.730326672087768
2459709 zr 6.6169146054210755 4.242766384254291
2459709 zr 7.570500801391256 3.2301569045529743
2459713 zr 12.092153540463148 -17.237554095291472
2459719 zr 4.057376236277755 4.788034564006006
2459719 zr 4.418043266065084 -2.2394629967939506
2459719 zr 4.046533824758441 -1.6198514880806174
2459725 zr 4.848341339193008 -5.72930396659783
2459726 zr 4.133169110365055 2.3291772620993796
2459730 zr 4.245053568441682 -0.9601446541922245
2459730 zr 4.198027519917746 1.0675140302030588
2459732 zr 4.799468968007846 1.1598510300184421
2459732 zr 4.432464655777814 -5.69825988886234
2459734 zr 8.10052507403117 -2.9616400171749384
2459734 zr 8.268789527635482 -13.081522074978759
2459736 zr 4.502412497549947 -4.5051621268501
2459736 zr 4.533461841787751 12.026434082134456
2459741 zr 13.210025410291356 -12.883111090502302
2459741 zr 13.56285814127272 -9.435896421671599
2459743 zr 6.920241071468615 2.8884431759691616
2459749 zr 4.9157884857456144 2.067376556347646
2459751 zr 6.303393710515224 7.443222274853999
2459751 zr 5.861036608712119 6.993004137268034
2459755 zr 5.622776878792128 0.8311295230302532
2459756 zr 5.119094985242142 4.142208445022295
2459889 zr 13.464796276215738 -5.345984863959945
2459890 zr 12.655688758043524 8.812021466318905
2459890 zr 16.4415654758595 -30.121934537120868
2459896 zr 13.148782015184858 0.8466372955090966
2459896 zr 11.320142849177817 -8.835996819943208
2459896 zr 10.381303961926417 13.680863033236832
2459896 zr 10.628295551825703 14.533387018984035
2459896 zr 9.489988651894361 2.6679525087156843
2459896 zr 8.69492205389086 -5.936377660846318
2459896 zr 9.415859300139514 4.940408303494194
2459896 zr 12.499295214376218 13.938006982583078
2459896 zr 10.618511036492594 5.771018747169817
2459897 zr 10.49783945707003 -10.233469245140517
2459897 zr 9.130094589098022 -0.3385710874914421
2459897 zr 8.474482177116329 -3.2574709758031166
2459898 zr 11.808763631860058 5.955770829963041
2459899 zr 6.945783203213805 9.64985563693594
2459899 zr 9.256902577396579 -5.108406258870439
2459899 zr 8.404524947353632 3.432608031977456
2459899 zr 7.879763276899507 -2.2882014455886317
2459899 zr 8.215650156588632 -1.7343210553570212
2459899 zr 6.688384375631763 -2.6736196441293116
2459899 zr 7.119176578269121 -14.162095476707652
2459899 zr 7.137146473824411 -2.84810922983633
2459899 zr 6.9234826746732505 1.5252492724698297
2459902 zr 6.762883787091052 -7.701145800486065
2459902 zr 6.502128227379458 -13.174744614967462
2459902 zr 7.160311639667344 -1.1130132748702422
2459902 zr 7.8709973278803975 -2.1889011145955766
2459902 zr 6.719256555210985 6.536815950949229
2459902 zr 6.819008372417914 19.063482820067613
2459902 zr 6.639447246859857 -6.838557074773827
2459902 zr 6.6576540408331715 0.7988789710011551
2459902 zr 6.530281828542891 -17.709317500158566
2459910 zr 6.610823007563351 -11.710438477493236
2459910 zr 6.359976777542645 -6.43782808888256
2459910 zr 6.806626568740629 -12.750745300548148
2459915 zr 5.669887398040075 -2.8768750862939863
2459923 zr 7.551439807028694 4.715173022958895
2459936 zr 4.880113970002766 3.862103950990456
2459937 zr 4.952470663143736 2.5773003337496725
2460020 zr 4.076104234064956 3.103771110627048
2460020 zr 3.799221498439863 0.2753464247413716
2460030 zr 4.51263247667196 -1.125608294273638
2460036 zr 6.856795919970035 4.100371284647784
2460043 zr 7.061894475104636 5.845873138147931
2460043 zr 6.532140687640299 3.440030286907933
2460045 zr 3.785250400695628 1.4371562553185508
2460045 zr 3.8822471069238267 -4.7046282348486725
2460050 zr 4.244683188552878 -0.46648358829998654
2460051 zr 4.206134683393041 -2.8974124225685762
2460052 zr 4.268205108320566 -1.925052594684403
2460055 zr 4.527362624761788 -3.5669266634022647
2460056 zr 4.44252586102406 -4.227721479435374
2460057 zr 4.163735899743088 0.19971981510377831
2460061 zr 4.7253062931848495 -2.404028959626246
2460062 zr 5.195434950413648 -0.2023928411798845
2460063 zr 4.808725256263408 1.1481146334263255
2460064 zr 6.129930207770041 0.8562865432742522
