jd filt fluxerr adjflux
2458207 zg 9.915899041666384 13.517042868874535
2458207 zg 9.84044179195136 -23.254064327226132
2458230 zg 2.899109495809102 0.5670099875027621
2458243 zg 2.569081007583544 -0.5022412080979779
2458246 zg 2.6516392733496676 -2.383130729124252
2458267 zg 10.068989156448547 1.8078383505412072
2458270 zg 6.302069306573802 9.238978822365462
2458273 zg 2.6029136482984296 1.363418809919402
2458279 zg 2.5110754414181184 -1.7486048993921919
2458283 zg 2.6222379902639545 3.174669344409584
2458286 zg 3.0359575079199486 1.0924320314145177
2458289 zg 4.78873915619286 0.27840417707067483
2458293 zg 7.366951160412553 -13.311101627973814
2458299 zg 6.1314037925627405 -5.436448379259817
2458302 zg 3.1054884797190976 1.423474678444001
2458305 zg 4.157520749332732 -3.553677738570271
2458472 zg 8.154425320758238 -3.2626142128576308
2458487 zg 2.7584468378368237 6.057259091129574
2458495 zg 2.298718471604122 4.619926318118582
2458503 zg 8.907288456688315 10.965406990869601
2458511 zg 4.688046556151745 7.960104098297265
2458547 zg 2.790602692798548 6.14229940876442
2458561 zg 11.340971915065776 11.171372596918836
2458573 zg 2.863505416654745 5.748188091945034
2458581 zg 3.0640488768743896 3.6132918672752448
2458584 zg 3.8409126041454713 8.104605454368699
2458587 zg 4.97152647235801 8.722457010292473
2458600 zg 2.6399748338236293 12.358311536971208
2458617 zg 7.239217736277857 4.4779599935441965
2458634 zg 2.4789042988681294 8.661703241843941
2458637 zg 2.763501856170359 7.793103551342763
2458640 zg 2.38874826441851 6.221514629745376
2458643 zg 3.8226125179729302 6.135763529745871
2458651 zg 10.376712356247033 11.171316317319
2458654 zg 5.573593207294449 16.156466763982735
2458658 zg 2.449708689557476 11.437605208625847
2458662 zg 3.2025330359803506 5.309407289109662
2458667 zg 2.999002201827063 10.121254817682095
2458672 zg 6.096055192017074 1.3278462686173924
2458676 zg 7.8457348543139425 20.182463306685207
2458836 zg 9.699018464803745 24.664856798262146
2458857 zg 3.2179310301732476 25.578525246382817
2458873 zg 2.980545038496488 20.739553909427315
2458877 zg 2.550774725111758 18.78647252195095
2458894 zg 4.808676201031126 20.42451443173702
2458898 zg 1.9503100244533957 17.62882296705721
2458937 zg 2.169131022840097 20.613901244099306
2458940 zg 23.669901465299723 55.98652937361836
2458955 zg 2.4738752662051886 22.80142046529449
2458963 zg 2.7968688693581627 17.954843571179154
2458963 zg 2.2990648378202607 18.768512788747298
2458966 zg 4.0030125144051105 22.707177031294222
2458972 zg 5.9016460874587615 26.48283483589261
2458980 zg 2.0349540419470364 17.95688054950456
2458986 zg 2.480115652511155 17.801527735548113
2458992 zg 2.447453463202713 16.78704352173357
2458995 zg 2.4938592180027506 16.262147248720286
2458998 zg 2.975059725347962 20.079292255960002
2459014 zg 2.263006418117704 12.051474645293077
2459017 zg 2.1407718457302396 16.78794810081687
2459020 zg 2.3843520777834883 12.825431008599708
2459023 zg 2.6857139849974847 16.480558820783624
2459026 zg 5.5557046978973155 16.828064940988718
2459033 zg 6.870680750295844 19.854189095294434
2459039 zg 4.170422176511671 11.796769276539177
2459043 zg 3.6743179264117045 16.89558234311582
2459204 zg 3.8476242576301436 7.45347490887454
2459217 zg 8.256942565363264 -2.840586763240035
2459218 zg 6.366781587019891 17.243536389100715
2459227 zg 3.4420350276423792 5.6889735541962905
2459231 zg 2.8461947841002897 3.1449770250398643
2459251 zg 2.794445788025739 6.643393799209985
2459253 zg 3.5191228286859277 4.997485458547179
2459255 zg 2.2758897471507145 2.3107741518790017
2459258 zg 3.9748045777707666 2.0837465725809667
2459264 zg 2.3163265592821864 1.8919510907559776
2459270 zg 7.114650487544213 10.650117625128395
2459272 zg 11.772678306880447 2.3800240684525353
2459292 zg 2.784169610324194 2.0460413331580662
2459304 zg 11.86727073571152 33.55490064621886
2459307 zg 2.5922204549882863 8.319195238615652
2459307 zg 2.2138654331633143 4.675104903970817
2459308 zg 2.4950089338659063 3.4154504578599716
2459309 zg 2.954812465415035 4.273922282645144
2459313 zg 3.3231805747489997 5.818681106694385
2459323 zg 3.925807679493741 -0.8394841497817556
2459325 zg 4.119008176999281 5.272621506779056
2459334 zg 2.6857903250023045 8.22930644283559
2459336 zg 2.4505972017836335 1.7583816169459447
2459338 zg 2.983291486518246 7.022549900303605
2459340 zg 2.431885740996059 0.4529299707583587
2459342 zg 2.4819886255054655 4.120101841814713
2459344 zg 2.1685547158666387 3.245511226374929
2459346 zg 2.9984026700736113 4.0737580266595685
2459348 zg 2.3108427033853194 2.409622586637202
2459366 zg 2.7445549680841306 5.089390850721167
2459368 zg 2.339453636439674 1.9034576471761255
2459370 zg 2.7777295308124934 1.0446074344470226
2459374 zg 2.6556925700851 0.7075102982337129
2459376 zg 2.831861005145715 -0.7019187508113687
2459379 zg 3.251271067358163 3.9386735268823867
2459390 zg 7.911172191675215 9.657259547694252
2459392 zg 7.80874094489529 5.206942066539453
2459394 zg 3.5844686722052135 3.844916610175985
2459399 zg 4.460585989298576 11.606666478732905
2459401 zg 3.4835719832183125 3.402636567435078
2459641 zg 2.251928542120074 -2.3761961351346566
2459673 zg 3.4196112064327395 -1.790906860469573
2459675 zg 2.990129212791966 -0.7859808523782565
2459677 zg 4.032283137738315 -0.20668917438920653
2459679 zg 3.7064930688936206 0.8769391219381503
2459682 zg 8.852657402055565 -0.16700830406621936
2459694 zg 4.030099617480057 -0.0548684083864297
2459696 zg 2.7346264429375076 -0.4600626138040126
2459699 zg 3.419879797313748 -3.9927905696516723
2459701 zg 3.0192120659775705 -1.8001849568160129
2459717 zg 7.164844681769998 1.2988167132445874
2459722 zg 2.747197963957955 -0.02043739014660262
2459724 zg 2.9708580607148196 5.319010252565133
2459730 zg 2.6832715034421155 0.44740802272318275
2459734 zg 2.9545405571793446 1.2135844866585668
2459736 zg 3.4383574177964484 -6.196037142835269
2459742 zg 15.307011343097448 -24.722436225393064
2459747 zg 5.879430598089539 -7.607819728005931
2459749 zg 4.013428415710965 -2.9861323111788476
2459751 zg 3.5022812548194535 -0.9908463687337605
2459753 zg 3.299375642759986 0.9215407038450977
2459756 zg 3.8479943471539726 -0.09777070214516231
2459758 zg 3.32394002704201 -3.291176711720147
2459761 zg 4.172153492729597 1.4525344816707082
2459763 zg 3.6241890314481062 5.8049328530289195
2459765 zg 4.4745670442601915 5.366475911183748
2459769 zg 7.4499536349117745 6.141894273813702
2459771 zg 8.933600497078087 4.733568441129265
2459924 zg 9.473636766231744 -2.425736052772159
2459937 zg 3.861825572971553 6.033917562465425
2460032 zg 4.051673354963533 1.1580309960063386
2460042 zg 11.334730815153328 7.917716961914892
2460044 zg 4.9099114894738864 -11.953737528756927
2460046 zg 2.3414548387368814 -3.3273471889532558
2460050 zg 2.8807480234364085 -2.2287528085106563
2460053 zg 3.4757286558853355 -6.429489538155642
2460059 zg 2.7918731932454044 -1.220479490088235
2460061 zg 3.3085047611003167 1.9703721814665331
2460063 zg 5.448458699593448 -3.615298032980577
2460065 zg 7.051353283875972 -3.5431850890285923
2458198 zr 3.0768985040512873 -7.0265228465414875
2458217 zr 6.771817923901324 5.546858064349966
2458217 zr 4.70548539419672 0.029262560666746096
2458219 zr 8.478044441000089 -1.988653260855594
2458224 zr 7.334623043013054 0.9434352164798655
2458224 zr 7.7006949963223725 -0.18101771041844622
2458230 zr 3.7244312356313287 1.2504241368065627
2458231 zr 3.5422179289805116 -0.40910378751950627
2458233 zr 5.274320734588457 -9.728950614954249
2458243 zr 3.477488425035631 1.936417462245741
2458246 zr 4.244747950003938 -2.4706166510956167
2458256 zr 3.8731622747371213 4.049725040709002
2458256 zr 3.4203872345867996 0.5475025282624291
2458279 zr 4.242441562260427 -0.29196123476060365
2458283 zr 3.0514985691519425 4.647664786732341
2458286 zr 3.4298511826834086 6.613352827684046
2458289 zr 5.514241541242137 5.027618208312584
2458293 zr 7.663959116454922 -5.480705544630796
2458296 zr 7.176377445208605 -0.9360248185047969
2458305 zr 4.8897372794733345 1.550622878822236
2458450 zr 8.726386117766829 9.621571936973403
2458450 zr 7.489136804662484 10.08455289601133
2458450 zr 6.9738420209106 -16.039593505444593
2458450 zr 7.9048497293522 -4.816873904831335
2458450 zr 7.232525207142099 0.9973925961568642
2458451 zr 6.111595541878281 -2.6242930889461773
2458451 zr 6.321203718009278 1.9061414085806248
2458451 zr 6.85955099026527 -4.9217473557184315
2458451 zr 8.681603935517753 -5.624634296395114
2458475 zr 8.856903297223312 -6.1469035539578645
2458477 zr 6.268320867235532 -6.966332591791543
2458488 zr 3.508003033805868 0.5947776056106082
2458503 zr 6.182201644507788 3.2103866486682167
2458524 zr 3.4552165950097993 1.924106524512154
2458539 zr 4.806228669478329 3.480642674156539
2458543 zr 4.543645393234541 9.302623161374967
2458561 zr 7.604394138808858 -4.868819948701204
2458573 zr 4.433737461325661 5.967823896885385
2458584 zr 4.132598213913119 7.3775384930150025
2458593 zr 10.124677882782013 -13.588977633132734
2458596 zr 4.280080203698617 5.106140026803077
2458606 zr 3.3530647312823962 0.1090101834312307
2458617 zr 5.250087432058837 4.9215956744293585
2458637 zr 3.1398808685730257 4.275247322602053
2458640 zr 3.196258806392308 4.949976430589213
2458643 zr 4.176991800841137 -2.9274268418814042
2458648 zr 9.995209834925943 16.725992658603047
2458651 zr 8.158902888300489 -1.0556120498949086
2458654 zr 5.242783455493363 6.453541245137869
2458658 zr 3.8397232795185565 4.247761863790754
2458667 zr 3.5356989284856946 6.784116818085267
2458672 zr 4.849574696331361 2.479511674589124
2458679 zr 7.330843371110515 1.8877893174452618
2458854 zr 6.568945954582213 2.6320460659477094
2458877 zr 3.354866761999436 11.003300383818114
2458884 zr 4.420301647943315 6.727295373413764
2458887 zr 4.299836156293608 8.874784894581682
2458895 zr 4.1158887049309225 8.645094168108917
2458898 zr 2.921660606964837 9.122994161453795
2458901 zr 3.003514721553935 8.351925129401895
2458904 zr 3.7070051011872596 5.54310535801895
2458908 zr 3.102509861855887 6.223179792713357
2458914 zr 4.281243931988186 -0.07851140969678028
2458937 zr 3.525865107911141 4.336480000311547
2458940 zr 5.889765570488019 15.282696943149622
2458941 zr 4.2604150214606324 3.6146119250871855
2458955 zr 3.950935382324417 15.916136348668346
2458972 zr 5.964853572024301 -0.6722567299008464
2458980 zr 2.6578589192383073 7.041104291028708
2458986 zr 3.0201587039580775 9.270232146716612
2458992 zr 2.7869206899761294 3.8879084533556805
2459009 zr 4.682778902110345 7.599818055859217
2459017 zr 2.9109166148253496 10.265765781017373
2459020 zr 3.092017459897857 7.283771334834998
2459033 zr 6.846926861203659 -9.68508747861604
2459037 zr 4.608610163849089 9.000372718025066
2459039 zr 3.7244312356313287 1.1692128145573433
2459178 zr 6.145686245267555 5.763575744847803
2459178 zr 5.412109015605669 2.3114167644938153
2459178 zr 7.267378814763927 9.043881205090045
2459182 zr 6.040317407916155 -1.3513170719519492
2459182 zr 5.968425271916933 3.460857653467556
2459182 zr 6.614117916914705 -0.579837153195109
2459182 zr 7.872812756617304 -3.2413298764255343
2459184 zr 9.102491407818391 -13.188329439754247
2459184 zr 10.026538359561506 12.971240713831092
2459184 zr 11.337718880490142 19.699431847469064
2459184 zr 9.93097562478741 -8.342861878949826
2459185 zr 8.654296374732317 4.807287729273514
2459185 zr 8.698529977075653 4.084448553234442
2459185 zr 8.058693130187502 -0.16363968951613828
2459185 zr 9.247509562193521 -6.504080373656588
2459185 zr 10.839797809644105 14.146159460336033
2459186 zr 9.93097562478741 11.243871454206726
2459186 zr 6.641401877785221 -11.310950073505934
2459186 zr 7.549108872407183 0.7857590201602571
2459186 zr 8.039946879139286 25.574616631590406
2459201 zr 7.686522848956525 -4.926095947291218
2459205 zr 3.5716236751339405 4.893914472055489
2459217 zr 7.666140679287849 10.540449999818044
2459218 zr 5.16852398464318 3.1733124292891546
2459232 zr 3.0509125890653306 -4.1127649310757874
2459251 zr 3.728206221380375 1.3414920002082522
2459253 zr 3.122577101767936 -1.7193690220818465
2459255 zr 2.927047464649196 6.3945916166893735
2459262 zr 3.3654406615761783 -1.5350061559822414
2459265 zr 3.1437060988135066 2.779052008703861
2459268 zr 4.562636483285315 2.8513067308210114
2459270 zr 6.448515686409245 2.7722953477392798
2459278 zr 4.831741073804156 6.02346791505798
2459290 zr 3.1845050183548587 4.88941818702458
2459304 zr 10.563824598007319 -5.569068286674803
2459307 zr 2.9732386176118917 -0.0616814297997037
2459307 zr 2.967766750999501 5.399928331010993
2459308 zr 3.2228636904399397 2.752972308909704
2459309 zr 3.142774137920963 -1.6140517560622252
2459310 zr 5.890747186806306 -3.361807513843405
2459317 zr 2.897542167855729 6.263957066867478
2459321 zr 2.9061175064357814 0.16991754301117212
2459323 zr 3.574914777482794 1.5416319583876468
2459325 zr 4.662345244796443 3.881828091162217
2459334 zr 4.931788342442489 9.821782868638198
2459338 zr 3.3345861161307235 -1.504804641880628
2459340 zr 2.9324442544371063 -1.149400216543889
2459342 zr 3.382791860248597 -1.03130253365695
2459344 zr 3.19037649955569 4.9099451727102075
2459346 zr 3.1835609625029537 4.810854872516941
2459354 zr 5.369714794739077 6.3153067588515315
2459362 zr 4.037045300787328 2.3492715511720537
2459364 zr 3.6013530054211813 3.2096084555149087
2459366 zr 3.1777020244291503 4.035989127414606
2459368 zr 2.949260747046098 0.1621313687970638
2459370 zr 3.2377397533308634 5.633703299709519
2459376 zr 3.5947251743574085 1.100944565002664
2459386 zr 9.431916969641277 -7.520701402165302
2459390 zr 8.759552157688768 2.20724389044819
2459392 zr 3.464776913264728 0.9994191996078999
2459396 zr 3.3284492355161195 4.694411404583108
2459399 zr 3.8390448307920964 -8.022155099795217
2459537 zr 10.20895324889204 5.359382696728157
2459537 zr 10.532119578835303 24.87880806085844
2459537 zr 10.844271450804136 -5.0898766264172846
2459537 zr 12.805048124791682 13.94676989715232
2459541 zr 10.071995457253376 -0.5676321168630161
2459541 zr 9.391847231145144 -3.4138919949221953
2459551 zr 4.064650266443383 -3.406541323162531
2459551 zr 4.231200669943657 4.687008808459417
2459551 zr 4.012575190967453 -4.8848750486849335
2459551 zr 3.957520595403933 -2.8683473592455027
2459551 zr 4.019973439569643 -0.3159144803931808
2459601 zr 6.455134156111815 -1.0031172487041689
2459636 zr 3.4839769809603576 0.11029317923622123
2459641 zr 3.216932420706142 -2.0048202803106534
2459670 zr 2.7613700475109395 -2.1125189761968444
2459673 zr 3.646054731747157 -4.33599795535424
2459675 zr 4.066901207991646 -0.9606459953658975
2459677 zr 4.113882727040414 -7.331315127633324
2459682 zr 5.833795744520178 6.575081699293257
2459687 zr 8.935431323121355 -7.105580721217228
2459690 zr 4.134432146985487 2.109310325809513
2459696 zr 3.2466983299113177 0.09666869794669022
2459699 zr 3.1566742308102285 -3.5600167601818056
2459702 zr 3.2694543427660467 -3.0817351201011354
2459709 zr 5.137619306748928 2.7218452658815413
2459709 zr 4.2390020127103645 -0.5684243268188336
2459714 zr 10.529321345858765 3.255666488587859
2459717 zr 4.48811134535834 -4.823723051739477
2459719 zr 2.9875361608866533 -3.7101105248569093
2459719 zr 3.2496900270976656 -5.812941166264105
2459724 zr 3.1660164763231466 -3.680885979549268
2459726 zr 3.4662506201228425 3.4333409428005055
2459730 zr 3.487110367729226 1.2535282607426064
2459730 zr 3.1408119714930374 1.4110471577994934
2459732 zr 3.3640751823033432 -2.3353820993006384
2459734 zr 3.5096652292654786 -3.7015923600108054
2459736 zr 3.345609717534387 2.166641827451358
2459738 zr 4.9408814047464436 3.144585077876955
2459742 zr 9.664440833888118 -4.9504473009084515
2459747 zr 2.719701392797925 -2.0410147751736494
2459751 zr 4.407383545964716 3.6410385746627965
2459753 zr 3.4392654198232475 -0.03378228862470409
2459756 zr 3.291864402749349 -1.712047795912227
2459761 zr 3.313156400412295 2.542941074342222
2459765 zr 3.5716236751339405 -0.07401637674289877
2459902 zr 8.6221442734455 -3.252414617494024
2459902 zr 8.022202463061893 -6.519142420920587
2459902 zr 10.31642013055482 -1.393453646074317
2459902 zr 6.8150979958995475 3.9425468148774763
2459902 zr 7.806442754419839 -8.139572571992407
2459904 zr 7.57697211176351 -9.703582676008196
2459904 zr 8.853880349566879 1.4609549733722709
2459904 zr 10.88429690760783 5.060767289812667
2459904 zr 13.368593154213448 15.926413510480026
2459905 zr 9.443413796116413 8.83570220818986
2459907 zr 13.5214511262552 -2.22093018609414
2459914 zr 5.672240095174293 2.865315288458978
2459914 zr 5.3378993983232315 4.016888751077842
2459914 zr 5.071891721010977 6.531046508171568
2459914 zr 4.944080411132565 0.4583231872942737
2459914 zr 5.535428167229961 -2.2871257927481325
2459915 zr 5.077916153807506 -0.03551219951330775
2459915 zr 7.806442754419839 2.8003636428948777
2459924 zr 5.643057073476658 -3.700849894083981
2460021 zr 3.6988412568318667 -6.490701549346093
2460032 zr 3.9721275305364374 2.205289585308128
2460046 zr 3.5032061378642867 1.387207385504726
2460055 zr 3.7689743657916446 0.43285646779045794
2460057 zr 3.1283344023988033 5.881086500461763
2460059 zr 3.888867834674749 4.212774064784653
2460061 zr 3.611317671870708 -2.704446808131511
2460063 zr 3.680102883521752 -1.0929623980250502
