jd filt fluxerr adjflux
2458207 zg 7.748123449327681 15.281330304937322
2458207 zg 6.582036369045717 -1.729389058311174
2458210 zg 9.038321608845514 -1.4205235270415328
2458231 zg 2.8894545582894238 5.123086821805348
2458234 zg 8.487639940766915 -0.008800284626660947
2458234 zg 13.751593266899459 2.0468406741397795
2458237 zg 11.18192896985225 -15.127516723329913
2458244 zg 7.598283984863362 -20.49135884552847
2458247 zg 2.6199917684120586 0.7908956029294025
2458262 zg 5.152790416201717 -3.4791087760486934
2458273 zg 3.43309266205718 -4.397193332276435
2458279 zg 3.026779932796911 -0.16482564890856602
2458282 zg 2.88679449748362 -5.201135107547559
2458288 zg 2.9135056780956265 0.4705534371360924
2458300 zg 5.888643808712132 1.6655878520254133
2458306 zg 2.8947820355651275 -4.9380583082900324
2458331 zg 6.923552986309093 -3.065151260916456
2458334 zg 3.383798002432413 -1.3586617463961947
2458337 zg 2.8422588195363665 -1.3676791409223574
2458344 zg 3.63651836910625 4.493155956845384
2458347 zg 4.641515024787709 -0.8401701029679605
2458562 zg 31.60434077724531 -21.16174193870556
2458569 zg 13.756185998882984 8.557420487241657
2458573 zg 3.17252044619232 2.760560750681669
2458577 zg 9.032774774508503 -6.540477992772857
2458581 zg 3.275559747609414 -3.24604504468064
2458584 zg 3.0089562198038546 -2.2192975143118487
2458592 zg 13.10574638907664 18.87516383559988
2458617 zg 3.521777546772278 2.9939286554994715
2458633 zg 2.658417478444357 -1.2290410100157307
2458639 zg 2.6031543928498824 -1.4698564182199991
2458642 zg 2.4869422075624334 0.7942323102064843
2458645 zg 4.5279880558163725 5.082451891926645
2458648 zg 8.355733905300326 -0.9099056229049497
2458651 zg 13.56684540549518 14.1800673396989
2458654 zg 5.749304166669935 1.8053888801596267
2458657 zg 2.958042637777958 5.459770120692202
2458660 zg 5.8292849546499825 -2.042883552757868
2458665 zg 2.424710874856964 -1.6747160488061354
2458672 zg 3.0645730163675706 -8.224789763811115
2458682 zg 5.014927033006424 4.8309599244231025
2458692 zg 3.0673968926685857 -3.0827863040681853
2458707 zg 9.243764877719306 10.110039809760378
2458712 zg 4.58851264930843 1.831872546723173
2458718 zg 3.204082227489559 1.268072622046079
2458723 zg 3.650490472795902 3.072876124231303
2458728 zg 3.6860951024553197 7.8778807541382445
2458729 zg 4.663071826308236 -2.3339570499196296
2458761 zg 9.367156888695426 -3.072634870262468
2458886 zg 9.281657406751147 -11.45131576712844
2458893 zg 5.796302194824326 2.5783430973400843
2458901 zg 6.515016519086163 1.6498277768557643
2458913 zg 2.7597111151971836 -1.8100300551602495
2458915 zg 6.558379321229378 0.6534747644201578
2458939 zg 13.606409439877355 13.233906597280178
2458943 zg 4.445342959816765 -5.766332863483699
2458954 zg 3.7615807088422923 1.3532937267136402
2458963 zg 2.8501231308263995 3.4445779895784776
2458963 zg 2.8671598555260585 8.604069270708294
2458966 zg 2.4755157460478032 5.575973504005751
2458972 zg 2.9578820099712706 5.738134033843134
2458975 zg 9.77499917005998 -4.128343682691764
2458986 zg 2.4224786617407865 5.619123166454065
2458995 zg 2.489233821149195 9.746231938627602
2459009 zg 4.508913806188914 17.49076988154807
2459018 zg 2.86560198155395 15.613132462077452
2459024 zg 4.352068163090848 22.026033071569024
2459027 zg 3.622182971253349 22.13644757517025
2459033 zg 8.132445875299526 43.857207301878944
2459036 zg 5.42307816925959 28.875499279388958
2459039 zg 2.4664123883021145 29.000474297517354
2459042 zg 3.8089018958153646 25.465469648166902
2459045 zg 2.4460520436188853 34.724676118633965
2459048 zg 2.719340700076332 38.91537020972259
2459249 zg 5.687611484817685 46.38952059806079
2459253 zg 3.063238741386216 42.98790103734888
2459257 zg 2.680545501564005 35.88926838158791
2459264 zg 2.903110875953601 40.51076845908348
2459269 zg 2.814828290472183 36.03082430356366
2459270 zg 9.457587596281616 47.251246543934926
2459277 zg 6.65343417329409 36.78972885230806
2459303 zg 11.639114795364707 49.338350585834974
2459306 zg 6.976449026019829 20.050130670285498
2459308 zg 3.3994169043560913 31.75558215781564
2459310 zg 2.5835875535520607 27.72607695512902
2459312 zg 3.239691474445717 30.58394841930681
2459319 zg 2.996269310292747 26.74082111600006
2459322 zg 2.955158954168111 26.458594537639755
2459324 zg 2.720519901496018 28.833791618758216
2459328 zg 7.099052373101409 13.46251168781641
2459334 zg 7.194840680709066 18.789497691259456
2459336 zg 4.206348703594436 18.20897349941856
2459339 zg 2.627241083886951 21.22312184660032
2459341 zg 2.8307396418891444 21.070264993357295
2459343 zg 2.7507549760488272 22.278860592288762
2459345 zg 2.7005480394879227 23.92224227960124
2459349 zg 2.3554575234848523 22.103577359949774
2459358 zg 9.183818723208251 38.97911643283606
2459361 zg 8.975785678372677 15.639964706910352
2459365 zg 3.4856661237917734 12.851381012189167
2459367 zg 2.8288887517084653 19.453981034242982
2459370 zg 2.621942623233118 16.410797296556446
2459373 zg 2.86560198155395 11.330635471960514
2459375 zg 3.000653642236359 14.408509263392254
2459379 zg 2.9783105047413114 20.535280443677987
2459381 zg 5.650061555343874 13.999892680727823
2459383 zg 5.157665580091551 17.063464528985445
2459385 zg 6.451109674933631 17.67895724313051
2459391 zg 6.649556096177045 5.179654673724572
2459393 zg 3.6304622082016125 15.671763630205085
2459395 zg 3.6338075278062565 11.94323062399324
2459397 zg 3.1087145508721576 11.292316280006702
2459400 zg 2.933464561558763 21.33086912460947
2459406 zg 3.569195892501539 10.901976387138841
2459410 zg 3.745857219042043 11.866260642485914
2459412 zg 4.71489586341087 11.235594848869923
2459425 zg 3.784000798182973 17.489336393892152
2459427 zg 4.482246004536817 14.465912600965645
2459430 zg 3.9424880400020563 14.902751366808214
2459435 zg 2.963335651436968 13.796017369454125
2459440 zg 4.50088595701309 7.778210787471261
2459443 zg 11.906753418722333 4.0871773325574745
2459447 zg 9.351729484377964 13.746004314659743
2459450 zg 11.075752046228061 16.451377824068196
2459451 zg 10.095450052095963 -9.250800732746125
2459454 zg 3.810398385770245 14.565835194646205
2459457 zg 4.3201187901951625 8.27284330789988
2459462 zg 3.5937777815174474 8.63994734327047
2459468 zg 3.8102599462038 17.36478472704568
2459476 zg 9.59455656793148 10.737104232417979
2459478 zg 12.771468522158637 21.554275178565895
2459641 zg 2.7823763219126882 4.212602578989094
2459674 zg 2.785998292934007 2.574150501408612
2459678 zg 2.7384191729535186 0.9566707175862306
2459682 zg 5.612431063446869 -1.599080775317852
2459684 zg 6.9053699067657615 7.020888962638621
2459690 zg 5.673432138100707 -3.607490054329182
2459698 zg 3.0364768420733728 3.682160556418932
2459700 zg 3.2455292353363014 -2.3256745706150888
2459702 zg 2.892435097816703 2.4892168780867823
2459710 zg 3.5445566379258096 -1.466619117520994
2459712 zg 6.551654993928667 1.8213950510689307
2459717 zg 8.463249096574227 -10.57875974757755
2459722 zg 3.290679044448736 -2.443013073693181
2459724 zg 2.9728293039672775 -4.466616852447178
2459735 zg 2.478905438509 -0.2961094972349416
2459741 zg 7.801555726424938 -5.973713311588437
2459743 zg 11.142533186500522 -1.9914263813427533
2459749 zg 3.0297335051150807 0.07070658550701969
2459751 zg 3.2876496123624954 1.190994973706517
2459753 zg 2.74804084606486 -2.2796209002746677
2459756 zg 2.728047370574128 -0.9013657719011909
2459759 zg 2.851359044090978 6.203928395035531
2459769 zg 5.986324813812146 8.000059776760427
2459769 zg 5.27659717461612 2.7640858701414714
2459771 zg 6.981536609173194 5.486074271694811
2459771 zg 7.549688277726393 3.404300533215651
2459781 zg 3.5462270317338787 0.753371266452312
2459783 zg 3.0945993480549303 5.82479715781645
2459785 zg 3.3954993604882375 3.5500367713212992
2459787 zg 3.2255548374668157 -2.0025994785827845
2459789 zg 2.8671598555260585 3.5757774310132833
2459793 zg 3.6298258206738927 -1.153768818404133
2459798 zg 6.280009166670236 0.729583946845046
2459806 zg 3.0830519730819526 -0.05373260912085287
2459808 zg 4.134965908453487 11.183237920944848
2459808 zg 4.5908773337745306 -2.661093227779289
2459808 zg 3.4943510739223838 2.753377642773513
2459808 zg 3.5380333333353446 -1.550283412554729
2459808 zg 3.763240034725086 0.5759159301729131
2459808 zg 3.652333144874083 -4.064066111344291
2459808 zg 3.9861588858974426 0.3963376139224903
2459808 zg 4.007725879268002 4.882306000284338
2459808 zg 3.9170093247960023 0.8816450749782156
2459808 zg 4.201018610122582 -2.309307414461426
2459808 zg 3.8154979041965693 0.389984782010588
2459808 zg 3.7493088703394157 0.06754350073829829
2459808 zg 3.8965996363485167 5.5541659143013895
2459808 zg 4.088303854262881 -2.1392180442177358
2459808 zg 4.118538843320857 2.6632554094055356
2459808 zg 4.090443370524813 4.1035933099228
2459810 zg 3.929293254891013 2.3928306621354456
2459812 zg 4.350654595562099 -1.3897008739983399
2459816 zg 3.846677574950628 1.5845585527159312
2459818 zg 4.251621606305734 0.09417046253179184
2459823 zg 4.355841868477667 -4.365853128746241
2459825 zg 8.329543135131583 6.520958776630152
2459828 zg 9.91041039574035 3.2887596277362423
2459830 zg 9.482621737849072 -14.007416118947926
2459840 zg 3.266657881501157 -1.997809971423595
2459842 zg 4.542259409757821 -4.853834627042318
2459844 zg 6.461762917445113 -5.086015251556486
2459997 zg 3.1434346039128105 4.015264567038543
2460036 zg 3.9971882805868817 2.3641061808547414
2460045 zg 5.275512038728177 1.262959920873521
2460049 zg 2.923950211704594 2.2635051603198195
2460051 zg 2.4905767343925045 0.15245246336027587
2460053 zg 3.1484996764408146 -2.3889710721108237
2460055 zg 2.7846458733693162 0.7727541035735781
2460057 zg 3.1463311478797418 -3.806931107338952
2460061 zg 2.864051651688695 -0.3917816052518419
2460063 zg 2.8535195083043954 1.2300157700105918
2460139 zg 3.950569992484662 -0.4695107109359484
2460139 zg 3.9957636053222765 -3.6159147514937566
2460139 zg 4.162503439998474 3.405267526344167
2460139 zg 3.9753043554248513 -1.0921769419165999
2460139 zg 4.024016572249894 9.839011278215525
2460139 zg 4.277038566136467 -2.968149763099211
2460139 zg 3.91510276732041 1.616604711982493
2460139 zg 3.7562217175233403 1.595357879885016
2460139 zg 4.17032963777224 6.25363331419427
2460139 zg 3.5674830657543266 -4.66962083239177
2460139 zg 3.9700848328575593 -4.251373674541871
2460139 zg 3.5445566379258096 -0.8305692190032866
2460139 zg 3.3620520265555394 -0.8146712413677033
2460139 zg 3.2099898044775648 -0.7273698416097999
2460139 zg 3.5674830657543266 -0.92620496834626
2458198 zr 3.7447530542416807 -1.829830192109123
2458231 zr 5.212976722301235 3.0798402828677265
2458244 zr 5.790968723284702 -9.705900897628938
2458257 zr 3.73852188091033 1.6199071454809733
2458257 zr 3.9831181015460544 6.39568013734346
2458279 zr 3.954138774599744 4.117442227836906
2458282 zr 4.295174830133073 2.260187535797322
2458288 zr 3.696776405537538 -3.9137493926743447
2458291 zr 5.251875747683498 9.488457677871253
2458300 zr 5.793681348838853 -4.593919586647201
2458303 zr 4.186507824764034 0.3578832177164594
2458306 zr 4.935902086008202 -2.6508285526277007
2458331 zr 4.171112536531737 -3.671184727362304
2458337 zr 4.265951060051845 -1.4728989770803147
2458344 zr 4.325296350782025 -2.335915088210195
2458362 zr 5.553344369508883 -0.9348283422274116
2458487 zr 6.403240102387848 11.187424929721388
2458487 zr 8.888230026650765 -7.607387206269522
2458488 zr 5.408968381060425 9.830095302381364
2458488 zr 5.4973654092092685 -2.112583874117867
2458488 zr 5.641185546569057 1.4501700631466965
2458488 zr 7.229290701166146 -6.945019553019563
2458493 zr 5.731387347627918 7.169764358455758
2458493 zr 5.3058042019290905 -0.40430867275443905
2458493 zr 4.636399453670677 2.0878161454514514
2458493 zr 4.910048541651287 -6.04533543746474
2458494 zr 4.752297858742758 4.467350371987987
2458494 zr 5.175614492297996 1.3725064983587023
2458494 zr 5.527829069827745 -3.9519979269242165
2458494 zr 6.604875237394016 9.119651253558851
2458495 zr 7.03482307293731 -6.9685953817933255
2458495 zr 5.849442048775797 3.2355776187276155
2458495 zr 4.352812632547107 -4.367188478588523
2458495 zr 5.726110975032752 -0.7784662786732939
2458558 zr 9.09075532375169 6.688495987813556
2458573 zr 3.7206874009361792 10.494663598761864
2458584 zr 4.279379934414293 -7.477627440907421
2458587 zr 5.848705590874556 -1.3021787899491042
2458597 zr 5.750054132587925 2.8673651898945716
2458606 zr 4.094311167848177 2.3381658741187032
2458617 zr 5.134564963523326 -2.3460643913361587
2458628 zr 4.504903844474993 5.799772746714082
2458633 zr 3.6500593558239554 4.95807125768489
2458636 zr 3.6906250641228997 0.5110862022450389
2458639 zr 3.6500593558239554 3.762114532185798
2458642 zr 3.251436501358962 -1.2149810165757688
2458645 zr 4.910909380106547 1.8666937590222634
2458648 zr 9.589147993078567 -9.805768483580072
2458651 zr 13.173153615915837 20.551529955090572
2458665 zr 3.7193206621103974 2.7586525642680635
2458668 zr 4.195367149645962 0.30192955751199707
2458672 zr 3.927024608602728 4.076008212752722
2458678 zr 8.196764892140832 -2.617350122139538
2458685 zr 5.175614492297996 -2.3374049266028325
2458689 zr 4.552022810872713 -0.7294282000821293
2458692 zr 5.117829174130297 1.4615099864802041
2458695 zr 4.322956306298585 3.7887145249411867
2458698 zr 4.958685174871906 6.4996370692967975
2458707 zr 6.591386597789046 -4.447302205804836
2458712 zr 6.559790294734916 7.855692274308721
2458715 zr 4.568824012614359 2.123632969318172
2458718 zr 6.413508708309679 2.683545913025048
2458726 zr 5.192380807405145 11.091759160580922
2458728 zr 5.753646376657319 2.5218320108616123
2458737 zr 7.94348064433892 -5.898429240183039
2458761 zr 7.734197991285038 5.994158508313158
2458765 zr 7.834869442792115 5.181285388516626
2458772 zr 8.740082281533645 -13.363002493178033
2458772 zr 8.69052202325828 20.425341180564285
2458776 zr 14.658571146528955 5.114551131592188
2458776 zr 8.951454704840948 -3.523266682481858
2458776 zr 8.662698101458982 7.318326042254376
2458778 zr 8.921429037240477 -3.7278409447949947
2458778 zr 11.662526782987932 8.535965168048337
2458778 zr 9.571762540072301 5.747688158601297
2458854 zr 5.048494881371712 5.662723364806073
2458854 zr 4.9395288411884515 -0.512205693816398
2458854 zr 6.076757886245262 6.677477634852481
2458854 zr 8.061844654353223 3.856909802055999
2458856 zr 6.241255090402802 -0.4783302070646064
2458856 zr 6.9741874887382265 -2.7971250239297962
2458856 zr 5.747969337341192 -1.465488942172585
2458856 zr 5.298665892960295 9.316996946211546
2458860 zr 8.180441281135804 1.170182052485304
2458860 zr 8.708305346686052 11.015060872126737
2458860 zr 9.060476111874234 -10.888679282425318
2458860 zr 12.89255977503843 -5.242059278980674
2458864 zr 6.378439531582861 0.655360811202882
2458864 zr 5.417144052947666 -0.10709563702425716
2458864 zr 5.345043196315924 -0.905594682679427
2458864 zr 5.517655805177177 1.3388405814444106
2458893 zr 5.669104241456861 6.525225622679768
2458912 zr 4.564617907469106 -0.4321196308375582
2458916 zr 3.894606844651366 -7.981487709615654
2458943 zr 4.308935302178953 -0.1830451606819623
2458966 zr 3.6770533143501134 2.9645626174830486
2458972 zr 6.449191494956044 9.430439381906957
2458986 zr 3.4408042048871144 1.4205223001764256
2458992 zr 3.485779623350052 8.00974311952962
2458995 zr 3.5864101938835997 6.2250684979537025
2458998 zr 3.2754824506195193 6.609751571541498
2459001 zr 5.029048056439477 4.222577366505123
2459012 zr 3.091100822253894 9.254749891536253
2459015 zr 3.9395979905636143 8.375603155832637
2459024 zr 5.887276628574423 1.7613287117006458
2459027 zr 4.228446557331475 17.03507237993433
2459036 zr 6.550464616104883 8.200567334596371
2459039 zr 3.6013530054211813 14.859926812153786
2459045 zr 3.5209508306711275 13.975300661890808
2459048 zr 3.426618009460769 18.720614474957184
2459051 zr 3.9214971819942206 15.599787556388776
2459136 zr 7.091758544057002 35.095363858125076
2459136 zr 6.727785012186685 53.036874278273295
2459136 zr 6.413650240245742 38.45063790291999
2459136 zr 6.395953130444012 45.29502441116743
2459136 zr 8.789421215311492 24.308198396092337
2459138 zr 8.6639468884851 36.35054149568508
2459138 zr 7.305554404978947 41.84392068886579
2459138 zr 6.63583668085372 36.09955138135534
2459138 zr 7.068543296567068 30.720073392337852
2459138 zr 8.157440985267684 43.6882836092618
2459140 zr 7.4003656618220095 31.61640678396683
2459140 zr 6.847845299525582 33.720584019285994
2459140 zr 6.856933261555427 40.91446062762594
2459140 zr 8.668825835233463 38.67880314690773
2459140 zr 6.878530839646495 34.141400749245065
2459142 zr 11.213170528033327 21.0032001956134
2459142 zr 8.510924376810614 34.54199887746242
2459142 zr 8.481680385055475 39.603704558893725
2459142 zr 8.669472116292665 35.967342279075666
2459144 zr 13.502430232598934 34.51678604246727
2459144 zr 12.615431236383255 30.453615608007873
2459144 zr 14.917348616048892 59.707154769059684
2459144 zr 10.406765806510485 54.682867685768926
2459144 zr 10.92128305558946 35.72690567708869
2459218 zr 16.587503035251974 49.18576208386723
2459218 zr 14.87666727555954 6.792376372754127
2459219 zr 6.767554532167579 22.95496295975026
2459219 zr 6.6722468457176785 20.4595999631225
2459219 zr 6.721475476485671 27.154008096908225
2459219 zr 6.366566395170417 21.72050310366231
2459219 zr 6.8848691191132065 10.283581186177917
2459220 zr 6.77166848817199 19.169649079753253
2459220 zr 6.471080234028888 26.557157940036788
2459220 zr 6.955130331010253 28.11525901838538
2459220 zr 6.870317134744938 17.42193990129089
2459222 zr 13.889989867905186 34.53906462790381
2459222 zr 8.636947458802538 36.303802938342685
2459223 zr 9.238312612338728 18.67569367765218
2459224 zr 6.232640896377622 20.99310260827795
2459224 zr 6.99664688444816 38.18822462787665
2459224 zr 8.441735955165967 13.287300080085402
2459224 zr 10.709796407509433 27.477280928875587
2459225 zr 9.645295137741424 39.59422293635303
2459227 zr 5.92339077327547 29.603189495832872
2459227 zr 7.59350841208651 17.277169941715186
2459227 zr 16.14499691639622 31.13131269884159
2459228 zr 8.620868482623626 17.61487010161233
2459228 zr 5.875701989282107 21.724048162855702
2459228 zr 5.142226703791491 19.59768385034087
2459228 zr 5.977203044225126 10.500771711176025
2459229 zr 4.752099501986175 22.99545277620255
2459229 zr 5.071797674965674 20.875756867237325
2459229 zr 4.841350617083862 25.795976298543103
2459229 zr 4.995357055766442 17.93447320992884
2459229 zr 4.980852179132743 20.655785954841456
2459249 zr 6.718772808973621 12.309136263844998
2459268 zr 5.056916535578374 13.166964849438054
2459272 zr 9.700467257603961 7.281984690734256
2459280 zr 6.366080192210857 7.165986114948254
2459291 zr 3.9400336127140654 18.865383307728965
2459295 zr 4.512009166615916 10.791767462855468
2459297 zr 5.9265204440441215 11.202529153999741
2459303 zr 9.323098607870588 9.053470065491933
2459310 zr 4.656972281568494 1.3739292288315887
2459312 zr 4.074399621041939 17.704466630752915
2459319 zr 4.047770386890311 9.040473488180787
2459322 zr 5.5894668466079835 -1.7937295820909789
2459324 zr 4.695735790742535 19.852113217861138
2459334 zr 5.886535407214549 4.15601707284102
2459336 zr 4.493459647727191 8.09333697808905
2459339 zr 3.476161352563797 9.234930990859866
2459343 zr 3.6831820350799105 10.004226400760123
2459345 zr 3.599647386160362 6.479589940502837
2459349 zr 3.379603047825608 11.558917662991117
2459358 zr 8.394895329718508 12.802415650008903
2459363 zr 5.555388592745183 4.930514323985073
2459365 zr 4.3189765494262815 3.500091587276903
2459367 zr 4.422680082816144 6.608827993700512
2459370 zr 3.8931391511820483 6.791018242642921
2459373 zr 3.7516575015680327 9.16784893628937
2459374 zr 3.5535297875889458 4.2733786666060745
2459374 zr 3.606284292629543 1.7992747882940527
2459374 zr 3.6940258212916364 3.685758552143246
2459374 zr 3.741966772999371 11.489488600315699
2459374 zr 3.669637655989874 5.971574485538601
2459374 zr 3.487110367729226 12.021974982929352
2459374 zr 3.7919589111895364 8.62793765632093
2459374 zr 3.6702861665189195 8.98733753463767
2459374 zr 3.794022716192406 12.690620810742214
2459374 zr 3.981217173782873 4.234551864450372
2459374 zr 3.5828050992891862 4.903717916743734
2459374 zr 3.903479539085797 11.670681906069786
2459374 zr 3.7035923951634557 4.806414292428565
2459374 zr 3.5815060828158227 6.894726558895828
2459374 zr 3.7070051011872596 9.251348483520268
2459374 zr 3.31791834042686 7.640942772246997
2459374 zr 3.4822501060376854 11.456459667113526
2459374 zr 3.5568042171745846 2.7768124582270053
2459374 zr 3.66153865006359 12.778402772319602
2459374 zr 3.3088362643860476 7.099551303895189
2459374 zr 3.6635314727605626 11.963264577731774
2459374 zr 3.8108616612584836 0.7307907317638582
2459374 zr 3.5032061378642867 1.8534350043638694
2459374 zr 3.477488425035631 2.9715134697918417
2459374 zr 3.4424345595566033 3.7552132064119665
2459374 zr 3.5864101938835997 4.174320933369335
2459374 zr 3.614645350583073 7.584266632983949
2459374 zr 3.6669072643141303 13.214742413539811
2459374 zr 3.4392654198232475 4.236760022546568
2459374 zr 3.5505851049988864 10.206271109907416
2459374 zr 3.639344632855181 3.4707073160925144
2459374 zr 3.4109494002510576 10.091631934510893
2459374 zr 3.662884155732449 13.599651300373214
2459374 zr 6.532389996002271 7.160973755571755
2459374 zr 6.556500596220658 12.028550140726976
2459374 zr 5.33298527467519 11.902234415391858
2459374 zr 4.937257584758097 6.919353463969066
2459374 zr 4.265951060051845 6.786511909781793
2459374 zr 4.042517487184068 5.702120246328744
2459374 zr 3.9524248646761 2.0397422745697646
2459374 zr 4.092756141029797 5.583053377741238
2459374 zr 3.717919025728639 12.370917188208217
2459374 zr 3.560409300577247 -0.8539638122968274
2459374 zr 3.786371161028784 8.289983274685262
2459374 zr 3.49832344222408 5.431609438840937
2459374 zr 3.646699074623668 10.295643333921332
2459374 zr 3.8305719378935015 12.732312624661661
2459374 zr 3.563362130877282 1.1786493653913572
2459374 zr 3.8553483316845805 12.441220948642776
2459374 zr 3.800346395421995 12.631881648748813
2459374 zr 3.7278631437780536 8.670425920388015
2459374 zr 3.491885223935948 5.299793655717401
2459374 zr 3.6564527045004422 6.837961315701179
2459374 zr 3.584806291391449 1.038238896588827
2459374 zr 3.593022694071387 14.618890698941158
2459374 zr 3.629609979029766 7.017901220511485
2459374 zr 3.5732216795023723 10.592467528289923
2459374 zr 3.5636900693473685 3.7605801413853785
2459374 zr 3.6279867568727315 4.559744713443279
2459374 zr 3.333306712722228 4.120342159075225
2459374 zr 3.450324645168369 6.933502603164889
2459374 zr 3.37649175141123 5.337437241297244
2459374 zr 3.7554324990362833 8.650258438511505
2459374 zr 3.8390448307920964 8.013405114859392
2459374 zr 3.633288856441792 4.662634599757909
2459374 zr 3.646054731747157 -0.6983840692894017
2459374 zr 3.469150840941603 11.42485238308565
2459374 zr 5.094314885009003 4.9765442551048755
2459374 zr 5.064894277636133 12.869604011393928
2459374 zr 5.006695964594712 10.079154456241847
2459374 zr 4.5591672632321 2.292392372292796
2459374 zr 4.434917298043843 -3.2248700840366755
2459374 zr 5.002086750144962 8.662470809902699
2459374 zr 4.910048541651287 10.78832308567884
2459374 zr 5.160428744440765 4.3289406025662815
2459374 zr 5.6478842256812625 7.564406139240749
2459374 zr 6.542291978258594 9.93622142446327
2459374 zr 5.928633523774516 7.989648128221131
2459374 zr 6.339747093707093 -2.9625848542882043
2459374 zr 6.077122754862426 3.439464951917314
2459374 zr 4.478885635924113 -1.0781781180083136
2459374 zr 4.990035703657057 7.354959790850434
2459374 zr 3.6363021295006757 6.76158972157268
2459374 zr 3.894606844651366 10.718145782292448
2459374 zr 3.927024608602728 -5.935257202764793
2459374 zr 4.187646111281632 7.641298724202795
2459374 zr 4.713067427165191 5.235879262518402
2459374 zr 4.136679815807849 2.3002884343742567
2459374 zr 4.151268709830109 8.93623500088445
2459374 zr 4.138241853882883 4.955276054231567
2459374 zr 4.194226764394691 8.076203812788005
2459374 zr 3.9498522088231733 3.4599109956086176
2459374 zr 4.896500302361888 3.694739873773019
2459374 zr 5.132763091134512 16.24496590758664
2459374 zr 4.979226934811089 10.44440235283588
2459374 zr 4.026992733837085 12.774621264352316
2459374 zr 4.259717969621411 4.47238387596707
2459374 zr 4.48130424132998 8.593234397652587
2459374 zr 5.672446186745637 12.591562485740711
2459374 zr 3.8249272883962258 9.147546875015248
2459374 zr 3.846802829691069 6.1743091022888565
2459374 zr 4.151268709830109 5.0926702918439
2459374 zr 4.258960900175541 6.305244863549805
2459374 zr 5.002646169230573 15.289587213652426
2459374 zr 5.24449472596813 3.4486166715949587
2459374 zr 5.3058042019290905 6.771675429211894
2459374 zr 4.391176018621989 2.4113369218783847
2459374 zr 3.6699484188453546 -4.647498177357075
2459374 zr 3.7845641299847097 3.0420362851945733
2459374 zr 3.7724473185762077 8.512105559195739
2459374 zr 3.606284292629543 14.519712606561857
2459374 zr 3.820002285722123 7.462925167530114
2459374 zr 3.882396858033671 7.051601509184808
2459374 zr 3.9723902499149637 9.81527379550616
2459374 zr 3.693373116153388 4.567933207088358
2459374 zr 5.4182589946805155 11.901013449055746
2459374 zr 3.7620380489844387 8.293549537929977
2459374 zr 3.8767127516203006 8.81801728324447
2459374 zr 3.924851085716282 5.2408236271365585
2459374 zr 4.107862221219149 5.045920606878472
2459374 zr 4.8897372794733345 5.026162912867637
2459374 zr 3.979714406900212 5.269690950865006
2459374 zr 3.8045204848954106 8.292360387989472
2459374 zr 4.70548539419672 13.396513007007595
2459374 zr 3.6631943466685297 3.173117357612859
2459374 zr 3.7557781138638013 5.430478966576358
2459374 zr 3.5801393153246743 9.2972930733025
2459374 zr 3.7138399501316166 9.912582513880963
2459374 zr 3.6736681822412622 -1.098871902331494
2459374 zr 3.7076602154150775 -2.051421006591104
2459374 zr 3.8788226846018716 4.526433879169295
2459377 zr 3.2198966898478063 5.310033773840072
2459379 zr 3.820002285722123 8.60106240045853
2459383 zr 5.950515700561335 5.88629204050864
2459387 zr 8.718352519307343 0.3541160450851839
2459391 zr 6.178712803365149 13.542414291293776
2459397 zr 3.970231847980914 6.236725523176487
2459400 zr 3.3965807006155737 5.52188678062897
2459402 zr 3.3301645478199045 -5.278289467677588
2459404 zr 3.7241158592952783 18.39788535859881
2459406 zr 4.40118853833891 3.753921453657171
2459408 zr 4.547832173082077 5.333310652438275
2459410 zr 4.203102423796192 4.04184672067417
2459412 zr 5.298665892960295 1.7345579090758658
2459423 zr 5.927860965504107 -0.15924075449607855
2459425 zr 5.20599387732092 23.811959127425748
2459427 zr 3.903479539085797 -2.915732890390794
2459430 zr 3.927024608602728 1.4794883035777828
2459435 zr 4.433737461325661 6.854728854959687
2459438 zr 4.992128843402281 10.50828132250495
2459443 zr 19.81604334234532 8.69425285983483
2459450 zr 6.4176761600456835 6.695020727538685
2459451 zr 4.106311650367299 12.374844638721887
2459452 zr 7.776977485151195 8.203469705604656
2459460 zr 5.903566269665292 6.634019695609293
2459464 zr 6.443112119455893 -4.8281091125171764
2459466 zr 4.1974047145185835 3.3933720093093283
2459470 zr 5.7670618010427 9.852431769806628
2459473 zr 6.086157209958809 2.416755477246029
2459478 zr 11.117970931759404 -5.49787926609443
2459486 zr 5.102306411431166 -4.949552689471741
2459498 zr 6.205019723711774 16.100278680411883
2459498 zr 6.205019723711774 -6.236571432696259
2459498 zr 7.6140423063887415 3.608055091654724
2459510 zr 15.063959994336392 14.380573342348566
2459510 zr 11.2549725047041 6.184790461221445
2459510 zr 9.4736160895475 -10.824137332837612
2459510 zr 8.742090248310705 0.4644571938255524
2459510 zr 7.98319586395935 -15.140551150960576
2459512 zr 7.083772717665174 -5.920988983461909
2459512 zr 7.526235413944224 5.810882379601625
2459639 zr 3.878465746946751 7.106647632384162
2459678 zr 3.981654962730419 -4.667724954199582
2459684 zr 7.00011657607845 -7.506821645499435
2459688 zr 8.557238740989288 -1.274376752214871
2459690 zr 6.502264299750835 -7.171507564197968
2459694 zr 4.819106631543438 1.509913147508564
2459696 zr 3.947298111640713 -5.826565081232163
2459698 zr 4.118793069378539 -1.4794370752536423
2459700 zr 4.075499516798935 1.0626989857427942
2459708 zr 4.207420017235848 6.406461199145938
2459710 zr 5.490346915940136 -2.447086391439509
2459712 zr 5.878926207851919 1.4260151615398793
2459714 zr 10.953014148597488 12.575492954897523
2459726 zr 3.683832939216534 2.279228590150352
2459735 zr 3.3671750373668066 4.908268308148763
2459737 zr 3.5897149213931687 2.0490757282951697
2459741 zr 7.510553313168529 -6.086660528490179
2459749 zr 4.814670113712492 -10.226336948962272
2459753 zr 3.9991709891554597 3.458970164270913
2459756 zr 3.6413600466068003 -4.5755096895469585
2459762 zr 3.953491833000983 0.12163175536311199
2459764 zr 3.7070051011872596 0.33093610578451704
2459766 zr 3.879858337671115 0.9860194664622863
2459773 zr 9.6813768068564 -20.683349639548783
2459775 zr 5.575191130795475 -2.379246151626245
2459777 zr 3.622623363153245 5.118948595988178
2459779 zr 5.298665892960295 -3.312665976063256
2459779 zr 3.8817108692234967 1.121390522075377
2459787 zr 4.25579643059521 -1.9059415590870996
2459789 zr 4.108313936511246 5.423440574888323
2459798 zr 6.821715739752488 11.781003052925069
2459806 zr 5.674703388873456 0.7899187823812699
2459807 zr 4.61408430717561 -4.318576560041122
2459807 zr 5.199375930184264 -2.4360937060888195
2459807 zr 4.891992535142438 13.063162151341444
2459807 zr 5.0763460434244685 4.483480567050344
2459807 zr 5.163811549235321 -14.19923823373215
2459807 zr 5.300919625440298 -1.0222455656328946
2459807 zr 4.649074824266519 -2.7212935647209453
2459807 zr 4.431019415636527 0.8562440191889538
2459807 zr 4.850276933409633 -5.042364598168644
2459807 zr 4.5258864423875105 -4.288150252017634
2459807 zr 4.441912234486183 -5.099085675924233
2459807 zr 4.597116667125634 4.799795003742759
2459807 zr 4.283323204656295 1.206121591927503
2459807 zr 4.8501436928734005 -2.451825579277851
2459808 zr 4.564617907469106 -5.290286410860225
2459810 zr 4.695735790742535 0.6872914437043876
2459814 zr 5.438583310942546 -6.458003387903142
2459816 zr 4.328824443857 0.434920290564498
2459818 zr 4.822848870364822 10.143908879794688
2459842 zr 5.992386085154087 0.7496060724303373
2459844 zr 4.6964157513552625 5.503189679766609
2459864 zr 10.071995457253376 8.04226228057465
2459877 zr 10.998778052431097 -11.546576260044855
2459877 zr 9.007410777977197 8.225066045037869
2459878 zr 11.699657870179974 6.781210593866985
2459878 zr 9.40548543007876 7.307358845469723
2459878 zr 8.966025484709 -12.547442709789436
2459879 zr 10.500081115665944 -17.460289714021187
2459879 zr 8.918986800964698 -7.480156938908521
2459879 zr 11.413617200490211 -1.082556135922728
2459879 zr 14.906783233991252 -0.3263503326695073
2459952 zr 21.38214041608421 5.694611784347174
2459997 zr 4.436131686645045 -4.5304845570197685
2460020 zr 4.170430095583956 5.521731544414611
2460030 zr 4.267987940847955 -1.4873953152042758
2460036 zr 4.832440728505259 -6.119676441051848
2460043 zr 6.945922327214016 -1.1379169493070758
2460045 zr 5.0059416795010145 4.933486409979611
2460049 zr 3.49832344222408 -8.385862022001024
2460051 zr 3.5144709695593783 -1.8131611292510863
2460055 zr 3.7413055970742293 0.7291625762637914
2460057 zr 5.5405288335655065 -2.111936380478416
2460059 zr 4.167272568554661 1.747959896683547
2460063 zr 4.145871802370809 -1.050992615299331
2460126 zr 10.68143944010637 2.2503613991003864
2460126 zr 9.196750939745906 3.29422206624986
2460126 zr 9.749714891816646 -11.074058425511035
2460126 zr 9.620560613752518 -22.84881334807678
2460126 zr 9.250840967479236 -4.663301102054846
2460126 zr 9.811056603574109 8.120097133316444
