jd filt fluxerr adjflux
2458207 zg 7.745594996026128 -12.66580655341532
2458207 zg 6.603603899911719 -2.6187566594335463
2458210 zg 8.71282549598889 3.255794810244276
2458231 zg 2.4647721866888994 0.033526529828699664
2458234 zg 8.113533188359224 -0.046418690391363884
2458234 zg 13.478964297036452 -12.406901986195773
2458237 zg 10.952561545765816 19.028381293497294
2458244 zg 6.867994909894889 -3.009374099306477
2458247 zg 2.140286604098208 3.333181281402674
2458262 zg 4.889739318129405 1.4721455622771804
2458273 zg 3.1828435046923156 0.7319382438647596
2458279 zg 2.6451675075703838 2.2085811601343837
2458282 zg 2.440462310836939 -0.8295072851834292
2458288 zg 2.58093332112379 0.9806084737490277
2458300 zg 5.745840549698231 5.620323243303552
2458306 zg 2.5901798618872367 -0.8258633848184069
2458331 zg 6.243192518860991 -9.5218464020381
2458334 zg 2.886363471592273 1.1657526492216754
2458337 zg 2.572203190452045 -9.392671742725875
2458344 zg 3.286701610835563 -2.7205414106968533
2458347 zg 4.472003149118574 -5.331024114319082
2458562 zg 29.872525001286277 25.226224861222768
2458569 zg 13.134489277343278 49.19729870325758
2458573 zg 2.7488683478567046 36.78930403893863
2458577 zg 7.6844220703677735 42.72731692020478
2458581 zg 2.9347879798177305 39.78161700339513
2458584 zg 2.619778770151224 45.3274127759397
2458592 zg 12.582989252912068 35.30669050371699
2458617 zg 3.0844428769735535 52.38031638619896
2458633 zg 2.362272109922553 53.53518970135652
2458639 zg 2.1566407079933283 53.33055351853323
2458642 zg 2.032815712809823 50.85840505626673
2458645 zg 4.40986743387356 53.12963213706677
2458648 zg 8.396308060492155 69.13004048520871
2458651 zg 13.082912936181414 58.38127555464407
2458654 zg 5.4010209285904285 54.3884912778786
2458672 zg 2.8319260139870988 49.341348989658904
2458682 zg 4.84327527614374 45.44116786687689
2458692 zg 2.574332374931069 47.78086722825849
2458707 zg 9.28508477179143 38.18087274137459
2458712 zg 4.353369539982476 42.62689055053557
2458718 zg 2.988449108669652 39.56257007996388
2458723 zg 3.3298509109443466 46.59050060855628
2458728 zg 3.552350267218743 34.929291443581235
2458729 zg 4.162747046190116 44.29750824066996
2458761 zg 8.827755069749227 55.87348462235598
2458886 zg 9.35409080145319 37.16645477738056
2458893 zg 5.513241802238887 18.504390630203037
2458901 zg 7.075936652884088 18.57604065319672
2458913 zg 2.456205041444793 16.66507884974086
2458915 zg 6.074646938542613 20.892682723416094
2458939 zg 13.758896553980811 18.40968672361735
2458943 zg 4.289501067840339 18.492723535717076
2458954 zg 3.400890540169101 19.910303997413678
2458963 zg 2.420316185204929 16.49826504908383
2458963 zg 2.5530811459267984 16.965300368552434
2458966 zg 2.1505750619747337 15.760179734718026
2458972 zg 2.7367288090292203 14.132288274935066
2458975 zg 9.648427169646675 26.31482107118825
2458986 zg 1.9938753715410018 10.331112730357997
2458995 zg 2.282821390252231 12.130739214796044
2459009 zg 4.297346573457044 15.375990843134845
2459018 zg 2.485833892689151 13.628212895512261
2459024 zg 4.137285786808181 13.313782817877836
2459027 zg 3.1975348427989254 13.178414081714639
2459033 zg 8.38194018761668 11.91949600213821
2459036 zg 5.89163315432523 3.5489347693352977
2459039 zg 2.1235366488577565 10.89189858609152
2459042 zg 3.289854808736292 11.787236040509153
2459045 zg 2.0256042774154674 11.25665289169731
2459048 zg 2.6024224606421416 14.311021856743821
2459249 zg 5.186706093454918 0.664599539304656
2459253 zg 2.6469999956184265 0.28639598534384003
2459257 zg 2.55194866151697 4.645162055624688
2459264 zg 2.4518601140993668 8.785770242668175
2459269 zg 2.4399267286719573 7.192473161066224
2459270 zg 9.55158130659219 18.007884112609332
2459277 zg 6.026785110138017 -4.28345781287339
2459303 zg 10.913289602512661 8.523588786401755
2459306 zg 6.913196099387142 2.8990972187726034
2459308 zg 3.0847842088887734 0.6882075215159627
2459310 zg 2.149293319301299 2.6378526910680886
2459312 zg 2.964935742621679 1.5746486867137188
2459319 zg 2.5683439249178495 4.767393864578492
2459322 zg 2.741670667046435 4.489433750509254
2459324 zg 2.343538567284632 4.494831825005257
2459328 zg 6.986749866502707 -0.8880737655940365
2459334 zg 6.896068731500948 9.138817957175284
2459336 zg 3.8903135074861264 9.135440983514444
2459339 zg 2.31941145946764 3.562707141338793
2459341 zg 2.409154311790674 2.788307048782355
2459343 zg 2.481726628224805 1.041353779144026
2459345 zg 2.3831049366834924 3.7034518768176894
2459349 zg 1.8167096603541115 1.9986461203479102
2459358 zg 8.376435292610585 8.987009786227457
2459361 zg 8.73081736168611 13.60723291656311
2459365 zg 3.126021178030584 -0.4776498281956081
2459367 zg 2.6189663747836542 -0.46963027700416005
2459370 zg 2.41909642317276 2.7843557402490964
2459373 zg 2.4954791209413085 -1.7474557466701368
2459375 zg 2.6477800336742843 0.738359688547634
2459379 zg 2.7370955334223885 0.5990761943868044
2459381 zg 5.182312692789987 -4.111116265588862
2459383 zg 4.712872672768404 5.138864895242987
2459385 zg 6.061129595074647 -2.8457568094553563
2459387 zg 14.474439931127515 -10.56071824699052
2459391 zg 6.392212105180927 -0.8367003792895606
2459393 zg 3.30796021521739 4.8493986298584
2459395 zg 3.099022925851107 4.919827332212851
2459397 zg 2.7751723251859715 0.8626703865515626
2459400 zg 2.6063441689560722 -1.141512123066172
2459402 zg 3.137617285827009 6.617376288777034
2459406 zg 3.2420169834035755 4.181585768320888
2459410 zg 3.5493050031009665 4.455985254462806
2459412 zg 4.2454130603295095 4.489164391071118
2459425 zg 3.6106629353847035 -2.002836092328
2459427 zg 3.9058976121410534 3.8206875257560693
2459430 zg 3.716902893358067 -0.38827581497276054
2459435 zg 2.609623163195326 4.040019840835837
2459440 zg 4.197400137631045 -0.6135267111420064
2459443 zg 12.143811164444005 -8.40609096267025
2459447 zg 9.327033475330285 -3.12438398570909
2459450 zg 11.181561832349338 -24.58737115785804
2459451 zg 9.08873943899539 14.1060486425709
2459454 zg 3.3358832419489457 4.960695324722607
2459457 zg 3.679594567112996 -3.3014092230839758
2459462 zg 3.4415257208437957 5.838157617365868
2459468 zg 3.7290356186215976 -4.054658026724587
2459476 zg 8.984584267906198 -15.722176157350631
2459478 zg 11.685028203394067 -17.79276116282976
2459641 zg 2.581455354380124 -1.395956711681178
2459674 zg 2.6912493663796773 -1.2174086426536026
2459678 zg 2.522694256535936 -2.1133809221800472
2459682 zg 5.491938742361185 8.099104247467912
2459684 zg 6.59695521040914 3.4162639246032755
2459690 zg 5.316488854119939 2.2433319505059113
2459698 zg 2.6543240407782682 0.11435033640412495
2459700 zg 2.7065452078906254 -0.7722163016562826
2459702 zg 2.5738117821149706 5.172391053031371
2459710 zg 3.1449289739181476 1.2297581020202468
2459712 zg 6.255534462787389 7.380925253174744
2459717 zg 8.433565274778392 -2.192376635396658
2459722 zg 3.199584751992329 8.051269356664001
2459724 zg 2.5738177910875772 1.811161098763056
2459735 zg 2.1474073869153982 3.75543922200486
2459741 zg 7.322497598946175 -9.679813701562868
2459743 zg 10.794431425346524 -16.50735480014271
2459749 zg 2.681899370822609 -3.2472465919694904
2459751 zg 3.089198849917283 -1.9678270324059315
2459753 zg 2.567757110875734 -0.39066557833491655
2459756 zg 2.4114158160084185 -2.2360834773205394
2459759 zg 2.409649857964032 3.0885838858921097
2459769 zg 4.973055461938264 -3.5955311346086534
2459769 zg 5.723933955558092 -7.419196079955552
2459771 zg 6.35651774461874 9.007141148085202
2459771 zg 7.473448422200015 3.267485160736745
2459781 zg 3.357494311914884 3.4312443721541794
2459783 zg 2.685923372775147 -3.2067764998973933
2459785 zg 2.9401990413022077 0.5602801666520545
2459787 zg 3.107597683651594 5.9621758670198455
2459789 zg 2.6318711195300324 -0.7443088455904255
2459793 zg 3.153383070033508 0.1883505545314476
2459798 zg 6.280756289927215 7.441950099180118
2459806 zg 2.6499792809858094 -5.313807636542598
2459808 zg 4.545033865462189 -0.047909452747316617
2459808 zg 3.3725646039985744 1.1133882241656388
2459808 zg 3.1857763623187236 0.11400260248459321
2459808 zg 3.553984433200318 -3.516991508834897
2459808 zg 3.518846968627097 5.661017909536261
2459808 zg 3.5691367848776223 6.4903671174555315
2459808 zg 3.574345517038244 -0.410510435335717
2459808 zg 3.4843019287293338 6.271094924732041
2459808 zg 3.354288244688825 4.779099027373759
2459808 zg 3.7473623097687794 -0.3185737135663073
2459808 zg 3.2467276865342933 2.1909391199115706
2459808 zg 3.6525819527595176 -1.4250818186977912
2459808 zg 3.476431277891476 -2.4097422966475603
2459808 zg 3.749117228062537 -3.078407115394171
2459808 zg 3.981075190589555 -0.1417024222642041
2459808 zg 3.978248755441052 -2.2557716173779965
2459810 zg 3.4750670803287713 3.2029517188433103
2459812 zg 3.8629205977609034 1.1954044008871667
2459816 zg 3.572573849868212 1.9713093681234966
2459818 zg 3.420746211545978 0.03944817031123515
2459823 zg 3.8367215167110724 -1.9124489061733825
2459825 zg 7.662676724911273 5.179191322907918
2459828 zg 9.364964430786243 -3.9483331139754325
2459830 zg 9.32337852896729 18.258073154090404
2459840 zg 2.83907412520743 -0.6768379817146291
2459842 zg 4.361143531699095 1.3662595016045633
2459844 zg 5.719573487115849 -4.041749986496341
2459997 zg 2.8834705570979753 -0.5627001089375281
2460021 zg 5.662145371130193 -2.9451414396046918
2460036 zg 3.4161241742494344 0.48180976179768525
2460043 zg 8.167162934240132 -4.519450798746759
2460045 zg 4.7239134165815075 -9.710580048757418
2460049 zg 2.469316649164248 3.9580851722301813
2460051 zg 2.0527835854217784 1.8433773281439017
2460053 zg 2.77991658119965 4.1275449004648355
2460055 zg 2.600020574299011 0.3641921222214206
2460057 zg 2.759014231037089 -3.8699634836400336
2460061 zg 2.5711648512823584 0.1711859976472429
2460063 zg 2.5591159048153895 3.354982050300178
2460139 zg 3.8228472730079113 2.467548676138054
2460139 zg 3.6763866599085384 2.5907285108997615
2460139 zg 3.7926646027906856 -2.4362797484324075
2460139 zg 3.7548441518256346 5.021796408905274
2460139 zg 3.928449562175481 3.125413729716841
2460139 zg 3.720419533722639 0.19602501130371117
2460139 zg 3.7497000764234225 -1.8108692729887057
2460139 zg 3.831450263762318 -2.554423334219546
2460139 zg 3.2993226542939507 -3.3916347241993443
2460139 zg 3.4053612695824538 4.082664310056278
2460139 zg 3.716588154504857 5.257436937306638
2460139 zg 3.4513790144097096 1.5897555343878007
2460139 zg 3.0818768855385144 0.1205663951223939
2460139 zg 2.967291945065234 6.056806640160269
2460139 zg 3.104736798099755 4.048096936659759
2458198 zr 3.2777394940424625 -0.47747720927265547
2458219 zr 4.188222686832035 -0.13498263515724337
2458220 zr 5.501278389614818 -0.36235771070507905
2458231 zr 4.565012148368541 -0.5800414859293301
2458244 zr 5.382985173891054 3.817830965846573
2458257 zr 3.5231564145163947 1.5512540878623369
2458257 zr 3.396687006366638 5.311135172516268
2458279 zr 3.572168402409392 -3.7232239061954675
2458282 zr 3.762916746348836 2.746713569502582
2458288 zr 3.241712040187067 6.558475462477939
2458291 zr 4.860265123098887 4.139371983743953
2458300 zr 5.483424993844545 -6.696765845538588
2458303 zr 3.984048436468857 -3.3637688898649967
2458306 zr 4.492367502347522 4.4993501950462385
2458331 zr 3.497292242853867 -0.8401669804846982
2458337 zr 3.434436807356374 -4.018835738969007
2458340 zr 5.845421987338847 1.4324697085251046
2458344 zr 3.4822145825717605 -3.2930713006661536
2458362 zr 5.0706071009603635 -11.361896425145636
2458487 zr 5.894725997958719 8.141939538098839
2458487 zr 8.5416774244671 -1.8756953972389558
2458488 zr 5.13168464800049 4.158050310705319
2458488 zr 5.033382794951095 12.666652362721807
2458488 zr 5.4931718225538715 11.99530612763402
2458488 zr 6.404504358739318 10.983840340779949
2458493 zr 5.014448596213663 6.8799990623125815
2458493 zr 4.800376233594409 4.105712963414393
2458493 zr 4.06658416268254 8.692820496633438
2458493 zr 3.980380681575855 9.465090730675112
2458494 zr 4.157476135220874 7.211531645912323
2458494 zr 4.930213120238023 8.324028090666497
2458494 zr 5.351353280722022 1.3887809346596445
2458494 zr 5.9760726547032865 12.24112252318945
2458495 zr 5.146357203188056 9.223752164809792
2458495 zr 4.165141547217441 12.774859210606934
2458495 zr 5.231463308147687 13.399243295864412
2458495 zr 6.570069645535497 9.968777813980756
2458558 zr 8.263103000435159 14.60871860860767
2458573 zr 3.5037404304181416 19.793168051161377
2458584 zr 3.788970497356247 15.012048533995841
2458587 zr 5.699698816127066 16.71949553218657
2458597 zr 4.934865005274033 29.21769485738919
2458606 zr 3.658743169037971 24.237143236859495
2458617 zr 4.648098008712242 25.80121573509926
2458628 zr 3.8897761556093857 29.28595473673761
2458633 zr 3.133101280138398 24.258385472357862
2458636 zr 3.0871010845010547 26.237015943715065
2458639 zr 3.203129034175162 23.677090330959064
2458642 zr 3.036343142047983 27.91632975420939
2458645 zr 4.085354662326924 18.722291562281384
2458648 zr 9.398793438860803 51.343061819198894
2458651 zr 13.135131511095427 28.33821660761364
2458654 zr 6.634442427431154 32.6528928379499
2458668 zr 3.578754644070217 29.202348794827024
2458672 zr 3.497292242853867 17.130805520596645
2458678 zr 7.368287040222341 25.823690578117635
2458685 zr 4.978058091230373 25.11674721523152
2458692 zr 5.063673476790272 23.392171526722528
2458695 zr 3.8452202757877103 21.008685565402843
2458698 zr 4.747507867316842 28.42144414050738
2458707 zr 6.036288290171882 19.20267269380882
2458712 zr 6.1152732689185365 21.412991464425374
2458715 zr 4.06658416268254 20.34382881971858
2458718 zr 5.678738982828199 20.72063095740122
2458726 zr 4.8625680602806005 23.423670263262018
2458728 zr 5.198761892365583 18.55320429594168
2458737 zr 7.452222029328993 20.453806915395315
2458761 zr 6.900578894767063 34.89412174971408
2458765 zr 7.273886765021386 12.245472077335837
2458772 zr 7.772672774543373 12.139902539395505
2458772 zr 8.44616887585731 13.982185486573302
2458772 zr 8.206734517730112 14.300925248318542
2458776 zr 13.74674792180992 10.483697886836264
2458776 zr 9.833435479486038 -2.157145341045748
2458776 zr 8.317633629262927 8.392734524739804
2458776 zr 7.904707161621378 18.67091709588542
2458778 zr 8.832261792550751 21.111880640603193
2458778 zr 7.861144614151439 24.05020223644756
2458778 zr 10.531493303603837 30.794043980620625
2458854 zr 4.743241934562238 10.002608998202497
2458854 zr 4.6244486381909065 17.060058448062144
2458854 zr 5.790284819321873 13.439380564360679
2458854 zr 7.4111531106111235 13.8981627926683
2458856 zr 5.417802679632288 8.131481214961122
2458856 zr 4.978058091230373 10.145331442007349
2458856 zr 5.91904861877702 4.650310084439226
2458856 zr 6.53988291754285 23.647674969607166
2458860 zr 12.455558113131978 8.527803396908128
2458860 zr 8.620142450143215 -3.53101542447415
2458860 zr 7.801077733411831 9.763733433492538
2458860 zr 8.541112509128133 6.6887726747309415
2458862 zr 9.460099162128982 29.092706669366343
2458864 zr 4.806843251786154 18.2646009622443
2458864 zr 5.031131782163262 12.057142433927723
2458864 zr 4.925783015386266 14.097178314804996
2458864 zr 5.588092968009624 1.6560278344989676
2458893 zr 5.275940958491197 8.288454790110588
2458912 zr 4.002437968510563 6.409694415520632
2458916 zr 3.562311760079416 6.756258898008459
2458943 zr 3.778515635551285 4.613578794981107
2458954 zr 4.223895553721871 8.685497903640528
2458966 zr 3.2476889977339254 8.00997640373455
2458972 zr 5.872403229321131 11.359108334564613
2458986 zr 3.226817726295879 3.46000255143816
2458992 zr 3.0057361202436166 0.2375176899656024
2458995 zr 3.1913499818502946 10.276584476083046
2458998 zr 2.9754376241031513 -1.0326100130671207
2459001 zr 4.725695050046181 2.2533936274173976
2459009 zr 5.398236498999279 -0.013313647632724468
2459012 zr 2.6741957114150052 4.46896539316432
2459015 zr 3.4886349704628024 3.9980002974350324
2459024 zr 5.035767760399421 3.0935818372200825
2459027 zr 3.9366301084772384 5.900603593774133
2459036 zr 5.968317345658573 6.366074582521215
2459039 zr 3.0587983716367546 4.156621170763181
2459045 zr 3.2179140060315516 5.496808378905138
2459048 zr 2.855103862720761 1.2127725354368404
2459051 zr 3.3041178554824344 8.665537459628696
2459136 zr 6.228306455340594 5.452667112885526
2459136 zr 5.629419624678394 10.631210691830596
2459136 zr 5.6710519120088545 1.3059799606717575
2459136 zr 6.092141378046886 -0.28895215248271633
2459136 zr 7.880801423715036 4.160425447663549
2459138 zr 7.866012014743792 0.3917530621342342
2459138 zr 6.487892615194858 3.5370581927732987
2459138 zr 5.92128369128016 8.676634038712683
2459138 zr 6.228306455340594 1.0783823164394843
2459138 zr 7.27046051641853 3.2091686859631605
2459142 zr 9.91639780575269 2.6298230157471707
2459142 zr 7.7974252365733925 5.248347750539974
2459142 zr 7.675130803134863 -3.838617588224225
2459142 zr 7.633983542239457 -2.5724550728288476
2459142 zr 7.7747384109276325 1.5130103863971922
2459144 zr 11.886277480685914 -10.73131432049723
2459144 zr 8.79978240358723 4.809264330497452
2459144 zr 10.145293567444119 -3.5206102432113373
2459144 zr 13.502070776407546 19.98498147659965
2459144 zr 9.468302072981976 22.644391006361495
2459218 zr 16.144511464331618 -4.912942584777264
2459218 zr 14.660986448930833 -3.3931778968619395
2459219 zr 6.385133373449166 0.993047443985213
2459219 zr 6.320769792904337 8.148430601867375
2459219 zr 6.166175322254687 11.187075149060504
2459219 zr 6.583934862206063 -0.3213677056627682
2459220 zr 6.6387379411168945 5.712571784000264
2459220 zr 6.675805162008625 -2.724706002836788
2459220 zr 6.214137318834878 8.645859275054377
2459220 zr 6.373382349527011 7.637102647499657
2459220 zr 6.958308075595391 -4.561438956105637
2459222 zr 12.384597681480608 5.36740668017001
2459222 zr 8.14816398235112 10.097206518224253
2459223 zr 8.0196350528989 8.679884285017126
2459224 zr 10.492765231971815 4.678740529625577
2459224 zr 8.24631196720058 -2.70676852667081
2459224 zr 6.683507345634335 0.3341752051568476
2459224 zr 6.2027009913506195 3.342531160360247
2459225 zr 9.433483736175875 20.221887653733713
2459227 zr 5.294478434330815 -1.7368162344971227
2459227 zr 6.948415584019539 6.714575048278596
2459227 zr 15.795902281183366 -13.642452381297542
2459228 zr 8.550662932727112 -6.033591399791378
2459228 zr 5.413771566829351 3.136161287552326
2459228 zr 4.885012654661277 3.888288155098449
2459228 zr 5.678738982828199 7.363870057871628
2459229 zr 4.797996869613977 -1.9831279431865854
2459229 zr 4.5482249642165495 5.790250098338542
2459229 zr 4.6954289890146494 5.8969277131197675
2459229 zr 4.438899137421186 2.7576154951254304
2459229 zr 4.4899544753018095 3.228329952718114
2459249 zr 6.513350206215035 -7.756957737655889
2459268 zr 4.778215063619128 -4.992749562994766
2459272 zr 8.990374823082067 6.430498557466017
2459280 zr 6.052990235055999 2.517163199584001
2459291 zr 3.5231564145163947 0.9288925711140795
2459295 zr 3.9257678112410463 3.962071103338277
2459297 zr 5.4810482192677705 6.663800483689464
2459303 zr 8.420824290431176 -27.277197805479
2459310 zr 4.416130896275376 9.497653514213008
2459312 zr 3.6452886604085917 0.03400407953503537
2459319 zr 3.6218622149716886 -2.8717128463070343
2459322 zr 5.108106698759333 1.1089776840086003
2459324 zr 4.1851706465181495 5.81315490861129
2459334 zr 5.541963010387672 -5.485380293775101
2459336 zr 4.077836087919821 8.675477494972998
2459339 zr 2.834143993861259 0.16192635651027
2459343 zr 3.3439173133631472 -3.3423347586343035
2459345 zr 3.2238470855787353 -2.7353881649306624
2459349 zr 2.8762187399720545 -0.9456432590348847
2459354 zr 3.635140687958825 5.775608438676803
2459358 zr 7.511983155635853 2.1383472455803236
2459363 zr 4.667044454163234 7.402402526114799
2459365 zr 3.8861951887223296 4.728315486057643
2459367 zr 4.03203793771467 6.6100338909982765
2459370 zr 3.4092239434643345 -2.5172919538117986
2459373 zr 3.220879179663195 2.194423368818917
2459374 zr 2.8762187399720545 2.5983220564586906
2459374 zr 3.039141005696466 2.812296837215322
2459374 zr 2.870925426075229 0.8858757481194677
2459374 zr 3.265686072342717 1.6043658717995712
2459374 zr 2.9028320643046372 3.4443411143629254
2459374 zr 3.047550074834997 2.4078962316575145
2459374 zr 3.2476889977339254 1.0631901605882885
2459374 zr 3.050358265204931 2.677046165456387
2459374 zr 3.2387276876153868 -3.386752960470421
2459374 zr 3.5231564145163947 5.345792274837461
2459374 zr 3.320277894799893 5.930974829614525
2459374 zr 3.253676975390249 -1.0227183617963722
2459374 zr 3.033547854140809 3.7853399153720746
2459374 zr 2.932391227428851 5.447813756169069
2459374 zr 2.932391227428851 5.498270743125469
2459374 zr 2.9269945352303766 2.1043165634889087
2459374 zr 3.1796142453182696 -1.1756777863415548
2459374 zr 3.188411993093916 0.05372184475255293
2459374 zr 3.0729171434241245 6.187711558475771
2459374 zr 2.9567997416680645 -1.2344184115278942
2459374 zr 3.0057361202436166 0.7078164307793959
2459374 zr 3.055982411220308 1.2230763492244245
2459374 zr 3.325489109291757 0.40494145021742867
2459374 zr 3.050358265204931 4.754944528879232
2459374 zr 2.9869084506644694 4.085393407015341
2459374 zr 3.2959030935323224 0.4985886668852201
2459374 zr 3.2777394940424625 2.8104810809230454
2459374 zr 3.1650052448778943 1.833935151163105
2459374 zr 3.197234083560201 4.273083639697999
2459374 zr 3.008505780797229 -0.43431940102083155
2459374 zr 3.374858199313546 2.7869269432306636
2459374 zr 3.2566751031075176 1.6362213096548373
2459374 zr 3.262679649036922 1.439930968444902
2459374 zr 5.485495571941802 -3.227332080146607
2459374 zr 5.619059395563588 -3.304898167492267
2459374 zr 4.451181229524045 0.2129624309160485
2459374 zr 3.9711950974847463 4.387209783429207
2459374 zr 3.565594281886674 -0.0850391678641591
2459374 zr 3.4534687452988013 -0.5300688901706501
2459374 zr 3.3132600951602016 0.21522146108522355
2459374 zr 3.253676975390249 4.015962082359961
2459374 zr 3.2119918455608563 -2.039630615763541
2459374 zr 3.2149515621684523 5.27396102580422
2459374 zr 3.0531690432052305 0.8172328032038703
2459374 zr 3.025177421165431 3.853996955838247
2459374 zr 2.8185251316131157 0.014580172376469136
2459374 zr 3.0644380792310844 0.28830955130358815
2459374 zr 3.4376014977246023 4.382987926020428
2459374 zr 3.2566751031075176 -1.9908934129407876
2459374 zr 3.4376014977246023 6.640164902352111
2459374 zr 3.5296522895538764 9.783881508130737
2459374 zr 3.1042082608906076 3.190016945936813
2459374 zr 3.3873145677923397 3.0787148964156144
2459374 zr 3.141770330121048 -2.584686815982465
2459374 zr 3.286808746825349 2.069832865958522
2459374 zr 3.3080680441698895 3.885568685328402
2459374 zr 3.298940130857457 1.4780877149264875
2459374 zr 3.310209874732521 2.070436261310229
2459374 zr 3.1329311462869347 0.4680415251964841
2459374 zr 3.244699142715265 -1.5380375115983091
2459374 zr 3.0729171434241245 2.196646468053044
2459374 zr 3.2149515621684523 -3.044132587202517
2459374 zr 3.1794415857170133 -0.2376599764423888
2459374 zr 3.253676975390249 1.6700870828619356
2459374 zr 3.2179140060315516 -2.918597266738648
2459374 zr 3.491849602179328 4.4046906247077615
2459374 zr 4.498232899465815 -7.086199408121459
2459374 zr 4.416130896275376 2.1592757908725373
2459374 zr 4.188222686832035 4.614138659577609
2459374 zr 4.055363284750451 3.570264911722982
2459374 zr 4.1544465005243705 -0.6667192174289092
2459374 zr 3.987719571045127 -0.7823430699011809
2459374 zr 4.506526587104536 -5.566695967767581
2459374 zr 4.19675069142464 0.5667766086393141
2459374 zr 5.398236498999279 5.2379697695734055
2459374 zr 5.556686162108131 4.711065870915929
2459374 zr 5.655403845054976 2.823009018411714
2459374 zr 4.760748912880022 -3.2779209665738342
2459374 zr 5.815416789811839 6.58672335993189
2459374 zr 5.706501993142159 9.008953024423107
2459374 zr 4.656565252418309 6.10432011731901
2459374 zr 4.6327827794837395 5.110130593435448
2459374 zr 3.286808746825349 -0.31211374934474123
2459374 zr 3.0002044461207955 2.3475825880775982
2459374 zr 3.428116164274699 0.6532016967797403
2459374 zr 3.338677220916511 -0.43095223734097443
2459374 zr 4.043194276207643 9.77758648625666
2459374 zr 3.576477769263177 0.6205045794777168
2459374 zr 3.428116164274699 2.2242636354423553
2459374 zr 3.572168402409392 -0.5359510701613439
2459374 zr 3.317221213715577 3.9246273513513636
2459374 zr 3.6385799713732396 -1.4516303168596831
2459374 zr 4.097445357619557 -0.8394160665145955
2459374 zr 4.760643856011399 4.8250889284026055
2459374 zr 4.496507031755884 2.6105276593951214
2459374 zr 3.8897761556093857 0.9530232477171965
2459374 zr 4.208362777423692 -3.130843049109065
2459374 zr 3.7819973802182454 3.039752719274477
2459374 zr 3.4694092327600905 3.0593727713087344
2459374 zr 3.510200506929637 -1.8015790019465174
2459374 zr 3.3810806471848935 0.6721991451748103
2459374 zr 3.545944424278105 -0.20499913238098055
2459374 zr 4.708420879463195 0.9005722366494526
2459374 zr 3.569895717900159 0.7183306079078922
2459374 zr 4.8805154630853735 -0.40267109008222945
2459374 zr 3.933006007371896 8.728102319347776
2459374 zr 3.241712040187067 1.9668452261578058
2459374 zr 3.1127973661138606 2.447493897030983
2459374 zr 3.2327672222173023 1.7131198008038326
2459374 zr 3.3469985937905746 2.733804808230201
2459374 zr 3.4439396295389733 3.6042580677001
2459374 zr 3.628540080380797 0.9608809766019686
2459374 zr 3.730106430820235 1.3611240973572711
2459374 zr 3.2297911043346326 -1.8768861640104642
2459374 zr 3.5919635802414476 1.2685493867299833
2459374 zr 3.271707232388338 1.4081854344183418
2459374 zr 3.4376014977246023 -1.0083014784524704
2459374 zr 3.1099316936822756 3.512724579678456
2459374 zr 3.0814196685348714 6.766023078269024
2459374 zr 3.092792975667254 1.8164047829140835
2459374 zr 2.905031529435311 3.4933716984492404
2459374 zr 3.0002044461207955 0.9396503291927133
2459374 zr 3.390435836980904 5.052619039227405
2459374 zr 3.6218622149716886 7.02966737447671
2459374 zr 4.379675538022677 0.6834867063591752
2459374 zr 4.469325008377155 -2.3778297116595426
2459374 zr 3.679018101099978 5.432539931240165
2459374 zr 3.4534687452988013 0.8276480528286276
2459374 zr 3.615196639322499 1.40470042771872
2459375 zr 3.991394088418876 -1.9596710069042549
2459377 zr 2.9590400979084874 2.8734650749361874
2459379 zr 3.2297911043346326 3.8990474011549416
2459383 zr 5.483062340148421 -1.3470401496118003
2459387 zr 8.36670786807044 12.745801877620291
2459391 zr 5.415812530911151 3.1668244317733145
2459397 zr 3.5886567825940365 -0.8072614154161195
2459400 zr 3.025177421165431 -2.186582200819511
2459402 zr 3.2807597943677322 7.503998621096106
2459404 zr 3.5111996932308265 1.8397508275051735
2459406 zr 4.018183490676015 2.3581180041789738
2459408 zr 4.13837426750855 -3.0324124000048887
2459410 zr 4.2551333091337264 3.8521624584151195
2459412 zr 5.014873244233589 2.152645997017401
2459423 zr 5.378029543826465 3.0330877854676817
2459425 zr 5.019956188133615 -0.25174587322870945
2459427 zr 3.8029553257202733 -1.6376098610719252
2459430 zr 3.286808746825349 -4.16894368917394
2459435 zr 3.8328745917955502 4.6048676659020895
2459438 zr 4.274774112095299 -4.229334359855077
2459440 zr 6.030731222715288 -12.60053608620857
2459443 zr 16.595883602501093 -0.9519334595005917
2459450 zr 6.40036040301048 0.1421355240376374
2459451 zr 4.125956166273555 4.390847871717476
2459452 zr 6.862550060867565 -1.7391381662090253
2459460 zr 4.9256743166607855 12.016516415099774
2459464 zr 5.600823763017696 -4.474806003084034
2459466 zr 3.6688666296509864 2.443110860293909
2459470 zr 4.96667443648497 -2.876258955563168
2459473 zr 4.996431759761332 1.5428378716258
2459476 zr 9.824165922707746 9.570032798749404
2459478 zr 10.640861355492174 -6.912827379739052
2459486 zr 4.4899544753018095 -2.336254716948163
2459498 zr 6.908225985036818 -0.2549364412037406
2459498 zr 6.6860554384511754 -3.4207911342222475
2459498 zr 7.036659495090172 -1.1427642319491116
2459498 zr 5.816368413134824 9.5468012167269
2459498 zr 5.5392620006991615 -2.607441240498199
2459502 zr 8.897580650486562 -9.503421647700081
2459502 zr 8.944234279401355 2.370191172147006
2459510 zr 13.38199473437126 2.58971518411298
2459510 zr 9.81643828548029 4.157457447146955
2459510 zr 8.475290741407163 14.612644459924114
2459510 zr 7.626309787338518 -9.908166573760415
2459510 zr 6.7372944061284 12.604361877036224
2459512 zr 6.329666757150893 2.735067428120862
2459512 zr 6.446198177110698 -0.3745522734660628
2459639 zr 3.5919635802414476 -2.844400587206784
2459674 zr 4.07408199117556 -0.415911445091275
2459678 zr 3.412365401229375 1.670811468841046
2459684 zr 6.40280054581645 2.9591966977113247
2459688 zr 8.45501617397406 -8.962298860353583
2459690 zr 5.872403229321131 2.1912261366059496
2459694 zr 4.309528577416995 3.55407998265212
2459696 zr 3.5853530292176434 -5.4584594326467695
2459698 zr 3.631794141033599 2.218568043850076
2459700 zr 3.5329047170203003 -1.3880750136684827
2459708 zr 3.733635563330587 0.12009481383416537
2459710 zr 5.155845880202887 3.444431057694092
2459712 zr 5.112813606172765 2.8917320397812367
2459714 zr 9.716183062846161 -5.135314258948851
2459726 zr 3.1562720830677686 -2.2063535193231614
2459735 zr 3.036343142047983 -3.029707914904124
2459737 zr 3.025177421165431 0.7757954631314203
2459741 zr 6.806183487034958 -0.22822357668651733
2459747 zr 4.860063432445563 -0.20559441121289354
2459749 zr 4.440602893833613 -8.415139571767044
2459753 zr 3.384196172075445 -2.963245475428555
2459756 zr 3.2777394940424625 0.951251666718133
2459762 zr 3.371751271054243 0.06553693456119838
2459764 zr 3.359352134389924 2.0257343144600246
2459766 zr 3.2566751031075176 -0.4352228380399584
2459773 zr 9.177095952840078 1.295243216808342
2459775 zr 5.217950163380346 -3.623419338309721
2459775 zr 7.470856327061216 -9.413816121254973
2459777 zr 3.402949701444221 3.7612435633807304
2459779 zr 4.873713102437509 -3.6984567143620075
2459779 zr 3.3285534088972346 -1.0597957823559265
2459783 zr 3.475806010586072 2.0434349465023787
2459787 zr 3.8665285710828887 5.099111321900409
2459789 zr 3.792461875742602 -0.8465801095811901
2459798 zr 5.845421987338847 -9.662110401783572
2459806 zr 4.6012441353369375 2.002774131993146
2459807 zr 4.5524159639478645 1.973190079375406
2459807 zr 4.703982453567266 0.8295193299191153
2459807 zr 4.5524159639478645 4.674122886726832
2459807 zr 4.5524159639478645 -3.636096161987923
2459807 zr 4.695325373580302 0.15797311675162762
2459807 zr 4.569218616790351 1.76681918503673
2459807 zr 3.8736575439332093 -2.256106274818902
2459807 zr 3.8541144734599557 2.29445544200576
2459807 zr 4.59277613212639 -1.856408193701504
2459807 zr 3.6824081629360843 4.698116429832029
2459807 zr 3.8310800240694998 -3.131102877734783
2459807 zr 4.485820978242546 -3.846716680147143
2459807 zr 3.8452202757877103 -7.323408223927736
2459807 zr 4.521424433818068 -6.7948515983914675
2459807 zr 4.110783548169791 -2.0131199949680187
2459808 zr 3.909500055887316 -3.8597287361689077
2459810 zr 3.7680896217237385 6.674338520574354
2459814 zr 4.946521793465464 -0.871041303452306
2459816 zr 3.8861951887223296 -0.059619905615740876
2459818 zr 3.984048436468857 -2.208390296790986
2459828 zr 7.3309780685721275 5.926688226852805
2459842 zr 5.189194233901815 -1.3486242206961325
2459844 zr 4.444694724312834 1.8052339443324292
2459864 zr 8.772319536699 -4.8055084054167745
2459877 zr 11.5824375952063 23.560572977420254
2459877 zr 9.635975536682569 8.933169646325357
2459877 zr 8.455575394839347 5.275570257260216
2459878 zr 8.789074916086195 -11.182293393061187
2459878 zr 8.131199289587178 13.303558494963474
2459878 zr 10.709687153700479 -0.575344060203224
2459879 zr 13.854375293375261 -8.920899657494642
2459879 zr 9.842279383103197 -17.210922996738883
2459879 zr 8.8687950414598 12.237537356019946
2459879 zr 8.184210379378449 15.887730387407007
2459952 zr 22.243951626216404 9.753641380068705
2459997 zr 3.808242625480673 3.859212841408135
2460020 zr 3.7198139919429023 -4.902919430122474
2460030 zr 3.761154933175192 1.2511701594668563
2460036 zr 4.15062187546697 4.297625271368779
2460043 zr 6.151497416980868 -1.43739320634368
2460045 zr 4.5524159639478645 3.570277449527066
2460049 zr 2.892157311457999 0.4087775094519896
2460051 zr 3.203129034175162 -3.0900993526173997
2460055 zr 3.539418565643799 -0.5847416545974008
2460057 zr 4.853619123702841 5.234660551058898
2460063 zr 3.761154933175192 3.998095013387028
2460126 zr 9.87789984566398 10.259126919225809
2460126 zr 8.183792426815486 6.876754090972122
2460126 zr 9.450713952212624 -5.376927557630035
2460126 zr 8.30124375093394 0.8641769018200954
2460126 zr 8.385774241410815 -11.134079089243874
2460126 zr 9.368929176300094 -14.024384807425282
