jd filt fluxerr adjflux
2458363 zg 6.728247038989499 0.06588953590185334
2458365 zg 5.343082942445494 -5.225230046148485
2458369 zg 4.670893540927974 2.890350197162034
2458372 zg 2.0073503758632754 0.6204763846205171
2458378 zg 2.6814019462432035 -1.3579935046835596
2458381 zg 2.014759367433021 2.028045959283574
2458383 zg 2.0110514596824025 -4.184127611524831
2458384 zg 18.36816166406418 6.414402637356906
2458384 zg 9.467940715671377 -0.6187692110704075
2458387 zg 6.678853678056868 -0.059616469297026575
2458389 zg 5.367745492747891 -1.0979799362599139
2458422 zg 4.022102919364805 9.70564949436267
2458425 zg 1.99445013985079 -1.8403756354872238
2458428 zg 2.00181151754056 0.7199725220905699
2458430 zg 1.3407009731216017 -1.8962781068599905
2458430 zg 1.5157346670156473 0.20849579452968095
2458438 zg 3.971841561139154 -3.2053079287682325
2458438 zg 3.98890027970158 0.013632747561387569
2458439 zg 2.528552255557362 0.3170099294723728
2458439 zg 2.0110514596824025 -1.1508901051103468
2458440 zg 7.387451013921076 3.0713694548387567
2458443 zg 6.023975196270278 -11.973748585657416
2458443 zg 6.022051127589826 4.640827925356826
2458443 zg 6.617621579483293 -1.9680240251122674
2458450 zg 3.996254877313859 3.8579812534402778
2458462 zg 2.656818705435408 -0.638649819559512
2458466 zg 3.99257588504916 -10.283189442056234
2458469 zg 6.672705058468535 -10.35493956931492
2458472 zg 6.709681865934863 7.991018946449263
2458476 zg 7.394258242116228 1.1060296796564377
2458487 zg 1.9999686298082888 2.271075634319507
2458492 zg 21.194500394677284 -10.154505464452079
2458492 zg 32.152539880650565 26.866740481761195
2458493 zg 2.656818705435408 -1.2770123069350037
2458542 zg 2.6838727463739454 -3.23668191683604
2458547 zg 3.3271465708743 3.8264440181959256
2458560 zg 7.90465964424005 0.38444437333685355
2458573 zg 3.3332810496804814 -2.0972141331372387
2458582 zg 11.291479498100484 -11.112012233006176
2458717 zg 7.387451013921076 7.7247473509312155
2458722 zg 3.3517524328040045 9.387002091969197
2458725 zg 2.6863458232440283 0.2995463966574894
2458730 zg 3.3486667759447672 3.8131827056827765
2458733 zg 3.367223419098934 3.863289557752492
2458736 zg 2.00365610341706 5.837698026761962
2458740 zg 6.623719441941672 22.01532266125304
2458745 zg 6.703504865608009 12.161683455911332
2458747 zg 6.085316555859203 -4.85067365411149
2458747 zg 6.124676787640728 -2.7927695685626857
2458750 zg 4.718456645183936 6.145053090694761
2458756 zg 2.6641699182092395 8.24051027688664
2458759 zg 2.019119022000388 10.805940115644805
2458759 zg 2.0228418044458896 9.104719827964935
2458763 zg 2.00181151754056 9.700811599450061
2458766 zg 2.0129045597804587 8.86397134267806
2458768 zg 6.09458920906603 13.514870711866406
2458768 zg 6.0909239214251345 4.919017570201845
2458768 zg 6.454242536851125 11.391662835590664
2458775 zg 6.734446838197868 17.186334395794702
2458779 zg 2.6814019462432035 6.530911586157735
2458779 zg 2.505370349136887 12.286943394580266
2458779 zg 2.505370349136887 9.903887775597779
2458788 zg 2.6789334207558135 9.88090067895074
2458791 zg 2.6814019462432035 12.30660216912603
2458794 zg 7.252614837077886 12.004478993547142
2458800 zg 11.43801996628215 -10.946657621072978
2458802 zg 14.99787621946982 2.940795366406066
2458805 zg 5.348006370673487 12.941799106917951
2458812 zg 1.9981274386569294 12.887385630668414
2458830 zg 11.846073803103211 36.98880834443686
2458851 zg 11.955684174459336 6.522183610514867
2458863 zg 29.550877699509012 17.150852062831333
2458867 zg 2.6740031853367436 14.647877646472148
2458871 zg 2.6789334207558135 23.430564805338996
2458876 zg 2.0055023890025576 28.828323610456284
2458876 zg 2.026571450830049 23.24928785587146
2458876 zg 2.0228418044458896 20.983912635098832
2458877 zg 2.65437281152571 24.509974674692927
2458880 zg 3.3548409329674316 27.059263163496908
2458886 zg 8.65058108427318 19.935234265814202
2458893 zg 2.0073503758632754 26.271711051600363
2458896 zg 2.0092000655668603 24.351884712142127
2458899 zg 2.0110514596824025 27.904145679832187
2458903 zg 2.5169346132382113 25.92411218461772
2458903 zg 3.0147630191650627 28.69792198972274
2458903 zg 2.6789334207558135 30.44281342815238
2458904 zg 2.688821178951356 27.49281145801887
2458914 zg 38.26953447399788 36.19864234927885
2458917 zg 18.000114882187578 26.37910611356151
2459092 zg 3.0538885194468937 9.361955892274882
2459092 zg 2.6838727463739454 11.611101407089974
2459092 zg 3.0036766561210078 12.083073331012898
2459095 zg 8.658552234180027 10.75859487565505
2459111 zg 3.98890027970158 3.7110900332252266
2459113 zg 2.671541471222747 8.320106533898278
2459113 zg 4.051848320414261 4.334935397465569
2459116 zg 2.0203340514593604 5.569639817395974
2459118 zg 2.00365610341706 4.236961885006051
2459121 zg 5.9613474977475045 2.2998819872419936
2459121 zg 5.583346927973039 -0.6667884386282159
2459121 zg 5.957762341708731 10.142991826338664
2459123 zg 10.027511945012789 -1.0752591941975504
2459125 zg 6.753080534023768 7.797775482497385
2459129 zg 6.06100215437808 26.096551751941206
2459131 zg 5.511814768101151 10.513403885915588
2459131 zg 5.963252171382898 3.3101548865819037
2459137 zg 2.0209795560208628 -1.678993729059671
2459137 zg 2.0098420127767085 1.8124036093728964
2459137 zg 2.0055023890025576 6.172463603632226
2459139 zg 3.3517524328040045 6.404641841306809
2459140 zg 2.0209795560208628 3.6631832172783474
2459141 zg 2.014759367433021 0.02237130687506239
2459142 zg 2.017260200806175 2.1405168337717453
2459142 zg 1.5213291389648007 0.9855117947892131
2459143 zg 2.00181151754056 0.3329756348207007
2459144 zg 1.5073815095825314 2.2671763385338592
2459144 zg 1.5129451506046314 1.1044028458586552
2459145 zg 1.3419363731869727 0.3145949408015012
2459150 zg 2.6690820233874137 4.589739613114054
2459152 zg 7.407891522017654 9.018417514347501
2459154 zg 8.076476088001552 -6.7077811382291035
2459155 zg 6.0721772224035675 -0.060364094909103994
2459156 zg 8.201308998268955 -5.56246136044755
2459158 zg 6.6911679195442515 9.323742421318403
2459163 zg 2.500759534423292 3.4012789751336667
2459163 zg 2.5355485649413345 2.699944747489052
2459165 zg 2.0110514596824025 1.551231971425984
2459166 zg 2.0340513860596983 4.212593983025205
2459166 zg 2.0340513860596983 -0.6772408527282028
2459169 zg 2.6666248397443852 3.240646928331685
2459171 zg 2.0129045597804587 3.9140146049257716
2459173 zg 4.679505574339301 16.38411278846817
2459175 zg 15.181447101456802 10.925579044698326
2459176 zg 2.0055023890025576 0.9646984221387398
2459176 zg 1.9981274386569294 2.9915278869575923
2459177 zg 2.00181151754056 0.6733792138029205
2459178 zg 2.6789334207558135 3.373271566162054
2459178 zg 2.6789334207558135 4.847093433465405
2459184 zg 8.835787879855548 7.614789302894373
2459185 zg 8.029401503453101 -3.8885929042369582
2459188 zg 4.649432734511964 -0.6616529136458398
2459188 zg 5.357866841511627 -5.270584923180254
2459190 zg 2.6617172566994403 -3.1810044124420807
2459190 zg 2.6838727463739454 -5.109048322231577
2459193 zg 2.00365610341706 2.9115484617520946
2459193 zg 2.0073503758632754 2.4935152460163144
2459198 zg 2.6912988155957995 3.208066332001958
2459198 zg 2.6962609401051063 -2.5149101284126476
2459199 zg 2.6789334207558135 -0.1173156175564597
2459200 zg 4.679505574339301 6.386807261982648
2459200 zg 4.022102919364805 4.872813702609928
2459203 zg 2.671541471222747 1.1179045400360197
2459204 zg 2.01847411169685 -0.7542146452919248
2459206 zg 34.55189993387045 4.895426841438277
2459210 zg 8.04420583872961 -8.28031089362146
2459216 zg 5.348006370673487 -1.3234486566893664
2459218 zg 4.011004778005115 -3.3722421783317653
2459220 zg 2.6863458232440283 0.5700028518929153
2459221 zg 2.0055023890025576 2.016487067355103
2459221 zg 2.0110514596824025 4.978713039980799
2459222 zg 2.6690820233874137 -0.39868477468191205
2459223 zg 2.6814019462432035 -1.0549219573365232
2459223 zg 2.016615884213517 -1.1507675479156596
2459226 zg 2.6863458232440283 -0.3841617301460546
2459227 zg 2.6690820233874137 1.0976386364078548
2459227 zg 2.024059074134523 -1.3937573537801158
2459228 zg 2.0055023890025576 2.4726505218498196
2459231 zg 3.357932279055035 3.8292900509435412
2459232 zg 2.6740031853367436 0.7780523607541094
2459233 zg 2.671541471222747 1.4197870743437482
2459233 zg 2.6764671678177008 -3.1881257041459783
2459251 zg 2.6838727463739454 1.254944915616083
2459253 zg 3.3271465708743 3.8190766583254785
2459255 zg 1.3357707356113735 -1.6493691809147708
2459257 zg 1.3370015926683718 -0.4565988623175562
2459260 zg 2.6789334207558135 -3.773040453090871
2459265 zg 3.3827658162219927 -5.233800468858416
2459267 zg 6.077772480621391 -6.850509028017183
2459269 zg 5.972338825932847 -5.598060234958061
2459271 zg 7.44894236663626 8.864298839224313
2459273 zg 6.709681865934863 11.68398824190869
2459301 zg 12.66646798878583 -30.456735027880608
2459303 zg 11.533227273753281 6.920500540337193
2459460 zg 3.3548409329674316 0.5322875441042167
2459464 zg 2.6863458232440283 2.2945841374332168
2459467 zg 2.671541471222747 -4.976439479836856
2459470 zg 2.0092000655668603 -1.958483317389212
2459473 zg 2.0092000655668603 1.6140975622640814
2459475 zg 2.688821178951356 1.6099335328277962
2459477 zg 7.428388587426144 2.2229440337653443
2459484 zg 7.51786658174654 10.646884890988662
2459498 zg 2.6617172566994403 -1.422459353151013
2459503 zg 2.6962609401051063 2.561422242980341
2459509 zg 6.156649622005906 2.0907852735341703
2459517 zg 2.0073503758632754 1.8182125589372573
2459521 zg 1.99445013985079 -1.8641630866956092
2459523 zg 1.9999686298082888 0.14041819274909026
2459525 zg 2.0073503758632754 2.017374989284555
2459532 zg 3.3425039816709297 0.0996735326346652
2459537 zg 4.0184001311337205 -3.637274189846181
2459540 zg 6.765531632443985 7.99837136545667
2459636 zg 2.688821178951356 0.8732359873258031
2459840 zg 3.3363525292342673 0.005740946761615525
2459843 zg 2.6740031853367436 1.2578609056692485
2459846 zg 2.688821178951356 5.468791034561097
2459848 zg 2.7037212865050817 3.5316637980348147
2459850 zg 2.6912988155957995 3.909659721174817
2459853 zg 1.3370015926683718 -0.4980315715397496
2459855 zg 2.0092000655668603 -2.508253236084002
2459857 zg 2.00365610341706 -0.8308678511244187
2459859 zg 2.6987454321793636 1.108393575597986
2459861 zg 9.862640157429414 -5.716858029418105
2459863 zg 10.384681662800526 0.5271820783200454
2459864 zg 7.834173545971709 -10.715928132689665
2459864 zg 7.474690038687929 4.347844696130422
2459872 zg 3.3179660144071375 5.619057269621347
2459874 zg 1.3419363731869727 2.270083998332805
2459878 zg 2.6863458232440283 1.0879532403907501
2459881 zg 2.017260200806175 -2.185440984935191
2459881 zg 2.002451104080672 -3.03266537001511
2459882 zg 4.70977292729265 -2.1570509005652267
2459887 zg 4.714112786738507 4.948953943399788
2459901 zg 2.528552255557362 -2.4010284852939017
2459901 zg 2.5192538635767088 4.19030125185767
2459905 zg 3.3455839597721257 -3.4103345243669905
2459909 zg 1.9914156704467345 0.2534820629460408
2459910 zg 3.3271465708743 -2.6649099074168703
2459922 zg 9.454312747633276 -12.36354523755714
2459928 zg 4.666593469552674 -3.5971036176906983
2459932 zg 2.016615884213517 -0.12973814221152813
2459934 zg 2.6814019462432035 -1.0686965118637448
2459935 zg 3.513985531157662 3.8249067451789514
2459936 zg 2.6789334207558135 -6.473982277816595
2459940 zg 2.671541471222747 -4.055463674838862
2459958 zg 3.3332810496804814 1.4198399775914852
2460020 zg 3.3271465708743 1.2450610115958953
2460030 zg 4.00362303508112 -4.214879538826043
2458359 zr 7.251889487832071 -2.6169550495673928
2458360 zr 6.32836842928461 -3.487085321111364
2458366 zr 5.606964481435754 4.641202869507121
2458368 zr 2.5585089929413964 2.7808695077959924
2458371 zr 2.798284942723037 3.992015161684999
2458375 zr 2.663127234452722 1.6707836331010446
2458377 zr 3.0683302429326393 2.2904719943211225
2458380 zr 2.8663266686714417 -0.2512158404969537
2458386 zr 6.223831838700159 -2.1008062023953933
2458390 zr 4.053794784664202 4.63372716930829
2458422 zr 5.147312122855486 -6.850154092296728
2458425 zr 4.653513898472209 -7.074047040303656
2458428 zr 3.045690064852712 -1.046187330561969
2458429 zr 2.8369597835393154 1.7696246476884885
2458429 zr 2.4543077583085697 -0.2669121698525153
2458432 zr 3.7548441518256346 0.03117906083478868
2458432 zr 3.1709150048715964 5.389604145722014
2458437 zr 3.177566250340505 -0.3082174464631333
2458439 zr 4.290860924335136 -5.79553747891454
2458439 zr 3.3095821227414923 -0.039611970772689964
2458441 zr 4.264697163906575 -6.060355361498335
2458441 zr 4.255439675308973 6.665755682645923
2458443 zr 4.79084303371832 -10.058920706783539
2458447 zr 11.31659964700305 -2.2825277165833717
2458448 zr 6.699308304258265 7.520140795140089
2458448 zr 6.588020773392217 -4.047610083908775
2458449 zr 8.270863441109704 5.3170426619655675
2458449 zr 9.148542857245204 -6.101872469859028
2458450 zr 3.7984983487563837 3.7685979076025635
2458456 zr 3.7946631038436225 2.207286919751151
2458456 zr 3.3550739785957218 -4.809425946775877
2458462 zr 4.802554194862621 4.203018934125965
2458466 zr 3.3674573248825457 0.13007883601198858
2458472 zr 5.9303664800781055 -0.6266508618093742
2458476 zr 5.688550021502989 9.966276231676565
2458480 zr 4.33478058159093 -1.1530829402655314
2458507 zr 3.793079243739709 -1.1983961470290296
2458523 zr 2.7888244773430584 2.686182049312723
2458547 zr 2.8231179295951248 -0.8984599296109385
2458560 zr 5.221961037538574 7.820698908219934
2458582 zr 6.763766923056972 1.0704727057224674
2458586 zr 8.33478529242421 -11.71454460919727
2458716 zr 6.31060261353929 3.2207143327234333
2458722 zr 3.0246398044811524 1.0289711057028894
2458726 zr 3.6935917400329283 3.4118562058850666
2458734 zr 4.2603854256020695 2.868557221165332
2458737 zr 4.131650852557281 1.8558688782113315
2458739 zr 5.6783544219544115 -1.2763954547571834
2458740 zr 5.9369546715317245 8.002412041396688
2458740 zr 6.096004532625615 -2.5799627170736086
2458740 zr 6.023449605903205 -5.183549616069626
2458744 zr 6.867570993655178 -1.0775232005274153
2458748 zr 4.7195645345776684 5.7406475106698025
2458748 zr 5.4201339176906 6.0337037984767266
2458748 zr 4.763234127547681 8.775699777702012
2458751 zr 3.8569933522295137 6.834899527858456
2458757 zr 3.3527391774403714 7.74392673481868
2458757 zr 2.9932522750216735 4.723624012733457
2458760 zr 3.017795150364244 3.0267310685064794
2458761 zr 3.3036951742043676 1.070009941090548
2458761 zr 3.3067393916070555 9.73937683536179
2458761 zr 3.5458934746047706 3.332620847349731
2458767 zr 3.2495505910293874 4.082976279127209
2458769 zr 6.558884219782585 4.724536429714235
2458769 zr 5.684380945497278 3.474561113232367
2458769 zr 6.5475507938872575 6.174513233118926
2458770 zr 11.516305327656932 9.743340137937267
2458770 zr 8.479581799962958 5.218907170637155
2458770 zr 10.203293721942346 -1.802853388996402
2458771 zr 8.950669677738677 -20.487313364602972
2458771 zr 9.192963375280646 3.0114921784296373
2458775 zr 8.666984368901765 1.4593035973435122
2458776 zr 5.580693837709227 5.033666454588168
2458776 zr 5.616725181667787 -2.3474308458186153
2458776 zr 5.181966655532919 7.64184202479729
2458777 zr 4.546005581611942 6.9851223476248965
2458777 zr 4.723913416581508 12.312480243734903
2458777 zr 5.201092936488744 8.872786033122743
2458782 zr 3.4509538673613003 6.449616477715512
2458784 zr 4.24369769057835 3.0184442238320104
2458785 zr 3.446104372899204 7.047801966278993
2458789 zr 4.658022492923211 2.8076728273985987
2458791 zr 2.8787263308877233 6.197534625057616
2458805 zr 4.865705024454819 12.425092798729029
2458805 zr 4.750090991547289 -1.1125668150193002
2458805 zr 5.210682533372505 -2.509805982266692
2458805 zr 4.506997314091377 12.40110287736372
2458812 zr 3.409473342987512 7.115959404282005
2458830 zr 7.64753784622301 10.216327906833815
2458833 zr 8.733220670889956 -12.547933305552458
2458846 zr 4.190301585481106 5.107585652160283
2458859 zr 8.015873415536886 5.595945332403625
2458859 zr 8.542292418370335 2.014431119490963
2458859 zr 7.770489818827286 11.725239916727398
2458860 zr 6.75927054696964 6.6664035064417515
2458860 zr 7.308274870193321 15.36633860709448
2458860 zr 7.393020519544946 4.413169975924863
2458860 zr 7.1910645635189185 12.169108207771878
2458861 zr 6.369392898426658 1.082420361165914
2458867 zr 2.4647905561755676 9.839109523989878
2458871 zr 2.8876418096656384 15.818271953140993
2458873 zr 2.3424586499223516 12.775495619514974
2458873 zr 2.645723399627779 10.346015603462515
2458873 zr 2.810950379906822 15.164188349449294
2458874 zr 5.303784541233005 17.94065959839578
2458877 zr 3.775780396366336 7.738472134806802
2458880 zr 4.268020800229159 8.916829943926762
2458882 zr 4.231988105368315 13.628538263128924
2458882 zr 3.8035744019270896 17.632480037933746
2458882 zr 4.228798030124967 11.083479303683097
2458886 zr 7.162674165831257 19.649418690478598
2458890 zr 6.170729943269196 12.381645089620642
2458896 zr 2.704530824314545 15.949269944876733
2458899 zr 2.4968932135176134 14.523451974264045
2458904 zr 3.4632775626355414 12.220027711373577
2458914 zr 13.471107833495918 20.281294682722745
2459095 zr 7.667878015825822 -3.974651055360774
2459096 zr 7.558261466530412 1.9611993513849815
2459096 zr 7.999699202411341 -1.9182884473243171
2459096 zr 7.516608168414001 7.022330864524749
2459107 zr 8.015224706508553 3.718499937745959
2459108 zr 3.553785638875034 6.6071906937704625
2459110 zr 3.503288150598429 1.501516619120382
2459112 zr 2.60233493733943 9.773147785217532
2459114 zr 2.6350241573666966 4.823824442805824
2459114 zr 2.4418320027888143 -1.1821663688687751
2459119 zr 2.346574923861965 1.9125442499005516
2459123 zr 4.267214149207172 1.6652608352253653
2459123 zr 4.235887706015159 2.73208062925369
2459123 zr 4.731878961428778 -11.249430984955278
2459124 zr 7.95860083198858 -0.40757113783433985
2459124 zr 8.248041744729404 -9.74773818717803
2459124 zr 7.345509277514648 6.642008614931111
2459124 zr 6.222258248093257 4.278375493649838
2459126 zr 5.154228218959575 -0.3010729159991541
2459130 zr 4.136977653426865 2.4084646001566616
2459131 zr 5.505454629909862 5.9570731477034835
2459135 zr 2.716357630858868 2.239203109319885
2459137 zr 3.0675167851270766 3.0676677575498537
2459139 zr 2.86022619781164 3.4535139554697167
2459141 zr 3.345721261996465 6.955856030643083
2459143 zr 2.4501498933955266 2.957615596121983
2459145 zr 2.4543339149338963 -1.3514900335369389
2459149 zr 4.457306246863765 1.937914334988987
2459150 zr 3.244435566656258 7.08407567275597
2459152 zr 5.950576131201932 -7.97696945561438
2459155 zr 5.420249320791389 3.24467355630434
2459158 zr 7.418599591000624 9.031097853410342
2459165 zr 3.143935757699688 -5.57756797922511
2459167 zr 3.1055267054482707 -3.439666551574276
2459169 zr 3.0803479001986114 0.8348808510781929
2459171 zr 2.7770557672409097 -1.3586567941088057
2459175 zr 4.714357317230011 5.335177305590263
2459179 zr 5.2824812766719464 0.8724377026002198
2459181 zr 7.427008687376745 -14.069079401476
2459182 zr 6.388616105523639 11.064003101429199
2459182 zr 6.247462512795655 -7.235309804401912
2459184 zr 10.081052020603126 -1.1222678715504324
2459185 zr 7.013677250191076 12.435938095458063
2459187 zr 6.5899009355775275 -4.611212204999224
2459188 zr 4.305959405366955 1.0888457057642085
2459188 zr 4.351293721625755 -2.3108589098842947
2459192 zr 7.205427922712354 -5.3726171737035076
2459193 zr 2.2906093001666505 2.0194533439844373
2459193 zr 2.537421726205158 -1.7543832663169523
2459194 zr 3.4221727512523468 0.6887782927901382
2459195 zr 5.651190892196966 3.4216092966214036
2459195 zr 5.896807403906021 7.416590025964227
2459196 zr 3.4728916016068956 2.697438828927792
2459198 zr 3.5321404672475425 -0.016674888679713173
2459198 zr 3.2689387272827113 2.4150313170868967
2459202 zr 3.0966191177454947 7.978880690391378
2459203 zr 3.6375401381202437 -2.1753928477318776
2459204 zr 2.723909373083412 -1.4138848763850875
2459205 zr 3.137208053848706 0.8111853536424367
2459205 zr 3.0039447149532257 2.38247634646672
2459210 zr 5.370588920881 -1.27814174034123
2459215 zr 9.241659158607428 5.487115677710094
2459216 zr 4.007521492267943 -2.4418398077651964
2459217 zr 3.9766736500539146 -8.086236524037925
2459218 zr 3.9759899799796976 -5.333487215677227
2459219 zr 3.3353170497827027 3.723211709757012
2459219 zr 3.51099153627188 5.308538137891169
2459220 zr 3.323067428422706 0.9695946663231072
2459221 zr 5.779087072406506 -3.5285860821038564
2459221 zr 3.1490620269514555 5.855272059589285
2459222 zr 2.919634096709988 -0.858221352078141
2459223 zr 3.5325287623767885 -4.558385395826725
2459224 zr 3.6091649183464996 1.6230394331230253
2459225 zr 2.8638041972512025 -2.933799456256781
2459225 zr 3.182270724739803 1.7984648344956855
2459227 zr 3.986789471846178 -4.075148689855105
2459227 zr 7.165907862525204 -5.104048168390719
2459228 zr 3.5082556072022997 -2.1722863420843153
2459230 zr 3.1473073331507155 5.217717041446294
2459232 zr 2.7925215394702643 2.963882288354723
2459233 zr 2.9622760971722624 6.0264891826539975
2459233 zr 2.890028334514646 -1.901310879607109
2459249 zr 2.964416034154697 -2.480003784425378
2459251 zr 2.79843859193237 -1.583330972165946
2459253 zr 2.865411158698135 0.5920154537208488
2459255 zr 2.7301092178769113 -2.8860012524396557
2459257 zr 2.2100944890477074 0.8805342889676874
2459260 zr 5.516341919547473 2.8781666412063966
2459265 zr 4.137745100609525 -1.6402244048936028
2459269 zr 4.4435331746200735 -4.435904211634903
2459271 zr 5.607315663260454 -3.1658040610729454
2459273 zr 6.3266768210782685 -0.2068149277172851
2459291 zr 3.452458182023371 -1.1413429274634082
2459293 zr 4.692740371544037 -2.9186604973020693
2459298 zr 8.708908609206464 1.4035650763373477
2459301 zr 7.2904604771747765 -1.184440493250035
2459460 zr 3.4074189489999047 1.9895320283608455
2459464 zr 2.565375954129218 1.0867611810608027
2459467 zr 2.8878858401460956 -1.8166263059093029
2459470 zr 2.625026237948866 0.603473719063895
2459473 zr 2.7208332667798234 3.8653883370435063
2459477 zr 4.945222916808831 1.3284050732702082
2459479 zr 5.907257102725559 6.168705363939625
2459484 zr 5.043450990776256 0.4490491398147863
2459488 zr 4.125292856241539 -0.09124233337327166
2459496 zr 2.739028376729407 -0.825335485782021
2459498 zr 2.59657206332689 -0.09318211962568304
2459509 zr 6.356387546176363 3.6426473102628782
2459511 zr 6.613475742762991 15.121716467795755
2459517 zr 2.694764730813421 3.3755364273474338
2459521 zr 2.826133376687063 -1.3801123521935343
2459523 zr 2.265744015918509 1.1692565989039945
2459523 zr 2.145906729231612 0.6446322285780414
2459523 zr 2.1979853278370305 -0.2971931263330904
2459523 zr 2.4009147054128115 1.1433653881027444
2459523 zr 2.401496195317467 -3.4583074393470623
2459523 zr 2.3398749828339325 -1.632120790472809
2459523 zr 2.372601436771803 -3.9091682368476897
2459523 zr 2.2159516367363175 1.8962902855300934
2459523 zr 2.3122480686825164 1.7381061810683005
2459523 zr 2.387446501973595 -0.5287628330202624
2459523 zr 2.280133512173037 -1.8610386296828099
2459523 zr 2.221923080300587 4.14799199323495
2459523 zr 2.3420003078268734 -1.618070311589911
2459523 zr 2.314253033371814 1.5950742479968993
2459523 zr 2.3704171961262266 1.6251033903065037
2459523 zr 2.3214706233486266 1.3729821270396418
2459523 zr 2.16160696800312 -1.4555333047112249
2459523 zr 2.3858021486435623 -0.1820237190257365
2459523 zr 2.278423363668626 -0.15369229802035742
2459523 zr 2.3615255794837764 -1.4699875630511559
2459523 zr 2.224412288314025 -0.900143670466182
2459523 zr 2.154993003419154 -0.6523668971304467
2459523 zr 2.4131327569720114 -3.118546031650626
2459523 zr 2.3748403834887215 0.7412780590535185
2459523 zr 2.356859256175002 2.5890511726903402
2459523 zr 2.3034932704491404 3.018420651585898
2459523 zr 2.359351535383359 0.6525223899178546
2459523 zr 2.1369775954839647 1.804885661712614
2459523 zr 2.2317516497400476 -2.5622806752299248
2459523 zr 2.1979853278370305 -1.7451210222922109
2459523 zr 2.2224131036517205 -0.6260187864704483
2459523 zr 2.4296908584102126 -0.051777159517788114
2459523 zr 2.4661008997494402 0.4348233009359447
2459523 zr 2.2631613684384133 -3.5428365942469937
2459523 zr 2.4458759425185916 -2.227548374053791
2459523 zr 2.3636149684353605 1.0917431575436125
2459523 zr 2.3808588488730162 0.32604017494228277
2459523 zr 2.316511312416989 -2.059390326462006
2459523 zr 2.167173185096309 2.22662163405945
2459523 zr 2.0458882256241595 -2.6629640193326294
2459523 zr 2.3131296152103897 1.3378245663044372
2459523 zr 2.4233982451038476 3.06264587939083
2459523 zr 2.293035834029784 2.4136563147195558
2459523 zr 2.3121967641073953 -0.01326800295077469
2459523 zr 2.1859613473651214 -0.730924934636214
2459523 zr 2.268819618958538 2.3322641319423485
2459523 zr 2.277985837420546 2.2114754154408036
2459523 zr 2.298264289095685 2.4927607533411096
2459523 zr 2.191872488410823 0.9633741368713954
2459523 zr 2.237690246776425 -2.4341559780702577
2459523 zr 2.5070343107302473 4.9438949070305105
2459523 zr 2.355108075641511 -0.4635293736274234
2459523 zr 2.3931313494748636 0.258042693374414
2459523 zr 2.2430266075920584 1.1351943003054539
2459523 zr 2.4911308017776874 2.3902701221167426
2459523 zr 2.2673341077974882 0.17695406581497605
2459523 zr 2.413954168144724 -0.9984833205630625
2459523 zr 2.4241706695965086 -4.13713048316209
2459523 zr 2.185547640463933 0.7314821168134611
2459523 zr 2.0817652939984703 -2.9018208379974113
2459523 zr 2.3301931215124445 0.8821387460568849
2459523 zr 2.398466454327597 -2.8590869134333254
2459523 zr 2.2488489075565075 1.2254742440988011
2459523 zr 2.345308453546515 -0.37319551698588443
2459523 zr 2.363928983069847 -2.5572850250698678
2459523 zr 2.5072212159490785 2.4013280320837156
2459523 zr 2.3851490366219523 -2.387154683887887
2459523 zr 2.236540318293978 -2.506790040087326
2459523 zr 2.402863056209543 3.0023218181540567
2459523 zr 2.286612925608659 1.5311733961419094
2459523 zr 2.2716093556982697 -1.4335436059799755
2459523 zr 2.405250300946707 5.572992084943794
2459523 zr 2.19356758441068 1.1867159271286434
2459523 zr 2.1756681502095785 0.7564098252851438
2459523 zr 2.236540318293978 -0.1416320347274909
2459523 zr 2.2327622376716043 -0.06826842047835927
2459523 zr 2.3075986576821648 2.0935991973101635
2459523 zr 2.147715402091781 0.6378308927866061
2459523 zr 2.2803238607705705 -1.067489474955574
2459523 zr 2.4167650143964496 -1.6889406182119668
2459523 zr 2.3291242338382045 2.980617867666351
2459523 zr 2.3552359698047707 0.7532721744190879
2459523 zr 2.3249351400250013 -2.1322545818498364
2459523 zr 2.2450934631200306 -3.3043553627135456
2459523 zr 2.3486850806450024 0.45373041361996647
2459523 zr 2.1898322209799206 2.0299746491662214
2459523 zr 2.0513628130492463 2.043563184323443
2459523 zr 2.2399888909100496 2.0348840048315413
2459523 zr 2.2325060995051706 -0.7065585944326214
2459523 zr 2.393271207032951 -1.8337747823079795
2459523 zr 2.382571071953533 4.191220152382475
2459523 zr 2.387446501973595 -2.776511153278866
2459523 zr 2.180127549253995 -0.12579843235315014
2459523 zr 2.177764136972863 1.1362163380980221
2459523 zr 2.1301750104897708 4.900974970947139
2459523 zr 2.511502695868843 2.8333663795916584
2459523 zr 2.568744176532389 4.812866940309696
2459523 zr 2.5652460067667384 2.5287789784954207
2459523 zr 2.3046234094094227 1.3479569849093933
2459523 zr 2.409511593257423 3.8161608616688896
2459523 zr 2.0787390232805993 -0.5343303317837412
2459523 zr 2.42563130557776 1.090658332544045
2459523 zr 2.4166337790793517 4.202390033978004
2459523 zr 2.277193675442274 0.3896552753052859
2459523 zr 2.2054317293462704 1.2426406290748653
2459523 zr 2.350797854000288 1.641607754308521
2459523 zr 2.303523536769215 -0.8609236721297915
2459523 zr 2.283735823690001 -0.188081940216951
2459523 zr 2.2054317293462704 0.657861468043504
2459523 zr 2.125940079927354 -2.8168309506427973
2459523 zr 2.0547261143149655 4.209162783603576
2459523 zr 2.2110571543938 1.4520921455396116
2459523 zr 2.1589663056543733 -1.9489221989526977
2459523 zr 2.029988690807633 1.527686705678034
2459523 zr 2.3164971165382457 3.1405433971740986
2459523 zr 2.3162885167236595 -2.3183353393586
2459523 zr 2.301624253827179 -2.435883960996511
2459523 zr 2.370365325883363 -0.4276128469995309
2459523 zr 2.3482861662155172 -0.5266615082057121
2459523 zr 2.2602849449004054 2.886641542748947
2459523 zr 2.312146167863026 -3.1044370006302557
2459523 zr 2.2409616548319944 4.458160102535519
2459523 zr 2.2242148276980522 -3.33017077265761
2459523 zr 2.431832446350235 -1.9617509618994398
2459523 zr 2.3852485948123214 0.6568453788814324
2459523 zr 2.3567608829308 -1.746927054252729
2459523 zr 2.474763195907769 -4.822851649965418
2459523 zr 2.257287870019814 3.8096578703879773
2459523 zr 2.378667006371166 -3.2467523602446273
2459523 zr 2.4009147054128115 -1.2652118769823315
2459524 zr 2.383605755290434 -2.647459902681648
2459525 zr 2.3995005546389656 0.9058664244179525
2459530 zr 3.151630307789954 0.8884048225206714
2459532 zr 3.760364678171853 2.1396049968050486
2459537 zr 2.2930592977357973 0.682723547237032
2459600 zr 3.9250834115994144 0.5840217230227243
2459636 zr 3.282640344026742 -3.957673992948411
2459640 zr 3.387593009557128 0.8538719317178532
2459829 zr 3.108285157818127 6.448616866886137
2459843 zr 2.880247328909556 -3.3413106643632196
2459846 zr 2.7791726116962074 0.08742236971931748
2459848 zr 2.6533339620906986 -0.018610952124538088
2459851 zr 2.030557469682594 3.18297389784412
2459859 zr 3.0505972715638556 0.8926721663447624
2459861 zr 5.245644829824519 -0.32057344399698456
2459864 zr 5.237650801739367 -8.216530128319599
2459878 zr 3.3429017616409733 3.4852810918003594
2459880 zr 2.845049037203507 1.65926215904958
2459882 zr 4.838103950663522 -2.6676286755911525
2459883 zr 2.8579404765286083 0.31061913332144897
2459883 zr 2.8369597835393154 -1.9711006002397464
2459887 zr 3.425603735535002 3.8333368648136856
2459888 zr 8.917754860585882 -3.2823270984845827
2459888 zr 11.016148076104377 4.947020686597181
2459889 zr 6.073325073856733 -1.7499990536075625
2459895 zr 4.58004696267287 -2.9303419099211037
2459897 zr 5.470290221830556 -2.4840638265617367
2459901 zr 2.3794245232517484 -2.1437574266100503
2459903 zr 3.4557579935242684 4.794453213005932
2459905 zr 2.679325850442678 -1.7734429555921198
2459910 zr 3.549548887042823 2.7181121443729683
2459922 zr 6.429350751136889 -6.78034178340385
2459932 zr 3.4808856476243255 1.9262801044159463
2459934 zr 2.938867602454657 0.35059958303403893
2459936 zr 3.4252417424857984 3.963541682632905
2459937 zr 3.3342638892833762 -0.5372898911281764
2459937 zr 3.331194332552448 0.3482816516583397
2459966 zr 4.203683060029523 4.804544576393715
2460020 zr 3.9488974916043693 1.5916995233296354
2460036 zr 6.786655275479708 -17.01311092054527
