jd filt fluxerr adjflux
2458206 zg 5.688940659518421 2.1154379137848727
2458206 zg 5.280857533285918 9.381076522742346
2458209 zg 11.65695180782576 9.763538506864785
2458230 zg 3.7047167196265516 10.635228806369803
2458233 zg 5.30784452251834 17.58831315046342
2458236 zg 10.601574864374745 12.315073756395797
2458236 zg 9.880779004724618 8.730514541968246
2458244 zg 3.2953847850572315 17.145179701500616
2458247 zg 2.0465696401506346 10.705563127259595
2458269 zg 9.816694231921549 -11.038902293080316
2458272 zg 4.741830696712024 12.147962113479203
2458275 zg 1.8335578385958273 14.046917428138123
2458278 zg 2.2028472546860787 16.45019081679518
2458281 zg 2.3140530816068945 10.815593340666998
2458284 zg 2.166672941930633 10.970558433515892
2458287 zg 2.5381869922727898 11.940938533886023
2458290 zg 3.9494979637533896 11.461470699155376
2458296 zg 8.30109978896737 21.42817494771493
2458300 zg 2.940703085444311 16.988101244468012
2458303 zg 2.125311029784552 15.553743343929865
2458306 zg 2.472566791700668 17.304962496268264
2458316 zg 5.197385800576387 14.677145333974613
2458331 zg 6.2294103363226485 16.56706127909024
2458334 zg 2.8244895847741045 14.058922422868829
2458337 zg 2.5756784196293854 17.519923543920267
2458345 zg 3.3027512085117863 21.907739221499998
2458494 zg 3.132608573617378 21.818108731433192
2458560 zg 4.488512817700073 21.897752536113234
2458568 zg 6.180656111112247 30.728320481207607
2458573 zg 3.034886377686048 19.442563962737577
2458577 zg 3.2423347429454528 21.644229325053747
2458581 zg 2.8443412389741574 23.090444349075682
2458584 zg 2.7036224484693223 27.082713691225685
2458587 zg 8.623786755515486 31.713097390540597
2458591 zg 17.372998079959768 7.231283626614697
2458598 zg 8.108511535826791 35.584508185276206
2458606 zg 2.0919609330432887 26.639185365586208
2458617 zg 4.493537995004228 22.958206731130975
2458636 zg 1.9987566338142093 27.5068843470428
2458639 zg 2.2773329365568404 28.159255948811754
2458642 zg 2.1970545362923795 28.053145879908907
2458646 zg 5.067976854287698 34.519035499194246
2458654 zg 5.509520872202804 17.69664650013413
2458657 zg 2.6481678997860225 27.069583112908802
2458665 zg 2.2094658798103737 30.986273368868837
2458672 zg 2.882600012888165 26.995947275269295
2458682 zg 4.352250750366678 30.952877490648433
2458685 zg 2.421840384776772 27.105592542321396
2458692 zg 3.1095260726700635 55.4415871711153
2458698 zg 55.835342095990576 38.38994207589515
2458708 zg 6.1230320962778535 14.670700156469374
2458715 zg 3.582571922668786 10.429441999568848
2458718 zg 3.185687398805494 4.0141420536450125
2458728 zg 4.277559399321528 0.48609958820655086
2458729 zg 7.303509908639632 4.918564725046222
2458734 zg 8.581442121027077 6.146720838174742
2458761 zg 10.313260097274732 10.511575442810868
2458893 zg 5.4690119446072485 -4.367386858791892
2458901 zg 7.812804576657447 5.819572943199154
2458913 zg 2.3778818572725138 0.5766465084607143
2458915 zg 5.061416832220636 10.576688649446378
2458944 zg 5.036079902336593 -1.291696586818549
2458954 zg 3.0335671289516295 -2.276493359119098
2458963 zg 2.4869664765824537 -1.1449525535529368
2458963 zg 2.707837820617749 -2.679774070948995
2458972 zg 4.661057355304742 0.2169294604316455
2458975 zg 10.453858909067852 -4.186434434741806
2458978 zg 19.3676380970537 -16.33358513700451
2458986 zg 2.240646357133055 1.5784960026951944
2458995 zg 2.325895901023821 -1.5339016302958772
2459016 zg 3.4384160276150557 -3.3059484596808733
2459019 zg 1.9332467967526898 4.639436436603182
2459022 zg 2.1727090901000894 -1.6592730306836367
2459025 zg 2.4432867175708872 1.3309290163334828
2459028 zg 3.8619888092524692 0.20457444287146592
2459033 zg 8.517382130571802 -0.13935003758625597
2459036 zg 5.597665739718035 -7.1187687527385215
2459039 zg 2.1927090816277146 -0.8914776613317912
2459042 zg 2.300974991977643 -4.506678853444782
2459051 zg 4.377887286419535 3.2191655814981632
2459233 zg 2.929263381475026 3.0482149786816257
2459254 zg 2.5490198918437077 -3.6368387424668187
2459268 zg 2.939989483958474 1.4561258562835568
2459275 zg 8.007157880964291 6.560657083635205
2459291 zg 2.1991984514774865 1.7209604617053986
2459301 zg 7.576162648319762 4.092398864634561
2459302 zg 11.258767712454068 -4.020759900554896
2459307 zg 3.975591636381812 2.2530920495491786
2459309 zg 3.0846305652338506 -0.09829303062314065
2459311 zg 2.3213596769312432 3.85053597052508
2459313 zg 3.741305597074222 -3.216290650723349
2459316 zg 1.905845937256202 0.425141933007354
2459319 zg 2.6732577669688853 2.0573134166991167
2459324 zg 3.040178289192729 5.254439571701676
2459334 zg 6.521596735287345 15.641562179673242
2459339 zg 2.271543414415571 2.4951329117306438
2459341 zg 1.9854309367650442 -1.0330634580449416
2459343 zg 2.5129617207432924 0.7909667555779747
2459345 zg 2.2919999127050636 0.1445392670319152
2459349 zg 1.9503189920126864 -1.0514928287665792
2459352 zg 2.2889165778948253 0.6794377738072647
2459361 zg 9.779072712884695 0.33548281925162815
2459363 zg 4.7778963377281345 1.574128070065259
2459368 zg 2.3018598414804092 1.592263888786519
2459370 zg 2.349755364534468 0.4638983243639072
2459376 zg 2.7035089084219592 -6.768416088328586
2459378 zg 2.8298514893114706 0.44112313485098475
2459386 zg 9.612042257295693 -2.3430519124219114
2459390 zg 7.284032752380526 3.302518260199973
2459392 zg 3.781677129312466 -0.937354448570264
2459396 zg 3.5532877269743612 -8.160478659511984
2459399 zg 2.662264353661537 0.2730338924668755
2459405 zg 2.586011047400507 -0.7678647622812188
2459407 zg 3.368106947150783 4.316836022342888
2459409 zg 2.816368857240946 4.332733066164113
2459412 zg 4.684697278723452 9.573030921176052
2459419 zg 13.621251618645802 -0.4701591498978447
2459423 zg 3.9892546071881236 2.010295376757793
2459427 zg 4.425559204999359 -6.362351099420407
2459434 zg 3.53464479471246 -0.1996276735626278
2459438 zg 3.562525653045086 -0.7885861259212789
2459440 zg 6.467164514140201 -4.654132045115705
2459443 zg 11.690123024403563 20.298200138955067
2459447 zg 10.879806754547296 4.036999093712232
2459450 zg 13.917115983257625 -21.882311513329444
2459454 zg 3.689226301563872 1.8828248122591045
2459457 zg 4.679299529621499 -0.08824436027177594
2459460 zg 3.8471612423754826 1.9141676942354908
2459462 zg 4.052067155075079 0.44325955645817944
2459601 zg 7.1722682288153345 -15.241692354727576
2459637 zg 5.198430886812251 -5.8550779702615054
2459675 zg 2.524750111709557 -2.1447526810853508
2459677 zg 3.807590853960534 1.2449881902118094
2459694 zg 3.208397707510059 2.186642288908806
2459696 zg 2.9108462295192337 -0.7057322169838726
2459698 zg 3.197091054591335 2.3072380467482954
2459713 zg 8.939510458934866 -6.8696772589302855
2459717 zg 9.15689575235555 -6.386697123441445
2459723 zg 2.682357931101921 1.7503831107871146
2459732 zg 2.4901092415242423 2.6841661651984694
2459735 zg 2.282495957220775 -2.121255645833671
2459741 zg 7.427477780528628 5.090256443322575
2459747 zg 4.255350096378119 -0.472351367297067
2459750 zg 3.1175856953810404 -2.178780549833159
2459752 zg 2.5306376475257446 0.18752481884060151
2459755 zg 2.8556544213958586 0.27245699988670846
2459762 zg 2.6269680132880353 -1.8759238756576784
2459764 zg 3.062967835594456 0.8122798933044543
2459766 zg 3.084469667754552 -1.6009602312955347
2459769 zg 5.592561750351384 8.244095747070425
2459771 zg 7.260554524921893 1.9416805653204297
2459781 zg 3.163745798005991 4.020841474606215
2459783 zg 2.9175250711564593 4.0275971180557635
2459790 zg 3.7394727093094633 -5.525904340262626
2459794 zg 3.6630423319034016 1.285443848939131
2459798 zg 7.100086222650958 10.71083018969803
2459806 zg 3.2773119862569957 -0.7856029420952247
2459808 zg 5.869076782247744 -4.496095722444747
2459810 zg 3.971882364801087 -0.1414035014157345
2459812 zg 5.327716891770558 12.052592960082347
2459815 zg 3.564969265125784 -0.5622390409061573
2459823 zg 4.846221056623685 3.6238095469537956
2459826 zg 8.660647782558557 11.276032018980304
2459828 zg 11.344685859408905 8.73283112298736
2459830 zg 10.663207136993739 -7.644016371219276
2459994 zg 3.59361733717111 -7.613893625303195
2460016 zg 11.679102018450287 6.305530137376259
2460043 zg 8.809809874739509 9.189006489507035
2460045 zg 4.507806483925533 5.9733302835933975
2460049 zg 2.8141910007105455 -0.6155602950884828
2460051 zg 2.318564936052354 0.909409972942867
2460057 zg 2.60710186494193 1.2757137090239352
2460059 zg 2.668836270649136 -6.188315219991368
2460067 zg 8.949898890752241 -9.08834328377222
2458198 zr 3.3141848800055196 0.7229402194318926
2458198 zr 3.121432447501603 5.619331697910196
2458219 zr 7.030134667489986 2.3726305736040922
2458219 zr 4.764140941487133 2.7690435526988564
2458230 zr 3.7533994762601703 2.1611741217028397
2458244 zr 7.863393641271234 -4.245517654998863
2458247 zr 3.3577872780361773 2.7733315824024145
2458257 zr 3.4815832526399966 5.835542419557206
2458257 zr 3.490223025739065 4.2230729231580515
2458272 zr 4.337032275519881 8.463616193318995
2458278 zr 3.9191054389354343 5.900224928860954
2458281 zr 3.224272684020062 6.96705896981651
2458284 zr 4.141270976244619 4.325359318951201
2458290 zr 4.145042809313949 6.546015778327698
2458296 zr 7.894356399225491 0.09279233629544681
2458300 zr 5.623743888717655 18.59412156554041
2458303 zr 4.45774807586954 0.35082209346433224
2458316 zr 3.7756516276621346 6.11131200295042
2458331 zr 4.7579643268158245 7.246971113583362
2458337 zr 3.881913595016068 1.521204067410924
2458362 zr 5.293868655790718 -0.7061595217408687
2458487 zr 6.579948524384103 3.2636528864032535
2458487 zr 8.314857003032408 7.2629469811465
2458487 zr 5.978237466014971 8.333940371500308
2458488 zr 6.7611296458416765 9.87851256968079
2458488 zr 4.746002958791876 13.746672750139757
2458488 zr 4.699217367172006 17.73679760322711
2458488 zr 4.446157852971905 6.747284906186854
2458558 zr 8.547392100495431 0.4267691109496248
2458568 zr 7.889596358307276 19.374869926957416
2458573 zr 3.5342203111361696 15.377268521729317
2458584 zr 3.7151532374765988 12.429303000352444
2458591 zr 7.5861122345624565 1.5346576608764941
2458597 zr 4.675518530103251 15.662541791176276
2458606 zr 3.07860478875445 15.354765089004031
2458617 zr 4.867456743674903 4.711068295177267
2458628 zr 3.8227573468637672 14.556120719698944
2458633 zr 2.9736507217979002 10.041500361094588
2458636 zr 3.004531659293069 9.893434788608598
2458639 zr 3.0757705943520333 11.57574025150184
2458642 zr 2.999889601288001 12.45908377405169
2458646 zr 5.395254578327543 4.401122229699505
2458651 zr 10.46727482773684 9.9876398768556
2458654 zr 3.385736685953366 16.463655348853543
2458660 zr 2.905052200538193 14.692665544806136
2458665 zr 3.2845955708944587 15.702892969651845
2458668 zr 3.5251429389897053 12.32235894319418
2458675 zr 5.3178400225361795 15.027640601992994
2458678 zr 6.042362554119162 14.861524952961243
2458682 zr 4.896363628350942 19.17291035710366
2458685 zr 4.555340602115656 19.911086086710338
2458689 zr 5.532045031060338 14.028146433211502
2458692 zr 4.111427667588953 7.830694102931784
2458698 zr 4.8735888755050984 5.53100188025136
2458712 zr 6.532618542072817 -9.784975267921165
2458715 zr 4.505075780483744 -3.2601363638514425
2458718 zr 5.948747485445135 -9.579306882822781
2458726 zr 5.999920789313059 -5.875424808594336
2458737 zr 9.764044834873353 -7.047689389490292
2458761 zr 7.235112380393741 8.856045042615492
2458764 zr 9.556480684841814 2.7492528806226515
2458764 zr 8.307563266446278 6.088913023938235
2458764 zr 6.554155322115452 3.065234639254844
2458764 zr 8.368018849042604 -17.638064853787046
2458766 zr 14.709164196319486 -4.580122354768058
2458768 zr 14.034243632798052 32.70985530189815
2458768 zr 12.227901365926952 7.682322727957592
2458770 zr 14.186000155810344 18.689293117137765
2458770 zr 14.547074078827311 5.9181053034621804
2458770 zr 14.2223101454337 -0.1658470828703526
2458850 zr 9.510829585660359 -1.3840861334310384
2458852 zr 8.797272244708195 3.969914693056144
2458852 zr 15.687299520049034 -12.350308510584316
2458854 zr 7.076863799599096 1.7508705467513788
2458854 zr 5.364385150103001 1.6297057409241447
2458854 zr 4.425160429759625 6.9385149853961305
2458854 zr 4.586992231695359 1.3416875890955018
2458856 zr 4.327050023291785 -1.952276352123697
2458856 zr 4.983425895846261 1.2778397092233278
2458856 zr 5.162999710580787 -1.4369610087010432
2458856 zr 7.27566131133228 5.386359192543902
2458893 zr 5.171607233510226 8.87957890535365
2458912 zr 3.6442724816925245 -5.5102065041340715
2458916 zr 4.365084488423113 -0.6869000075535131
2458944 zr 6.484599746553926 -1.9286034968063321
2458966 zr 3.1020813258282267 -0.30128439135814256
2458972 zr 4.032669718469851 -1.4218644385729127
2458975 zr 7.186602333763293 3.594099353160054
2458978 zr 9.067241756193463 -5.062489552950914
2458981 zr 3.9243089633159194 -2.847403400605639
2458986 zr 3.006975727786412 -0.3732970184615038
2458992 zr 2.7982721873673775 1.0101745160250442
2458995 zr 2.9699828436210893 1.0385204792287932
2458998 zr 2.688265168841167 -1.8782200901187727
2459001 zr 4.912973689731102 2.2800135248617766
2459012 zr 2.6043419648699135 -0.1788670711226941
2459019 zr 2.822901267729756 -1.5584160897794321
2459022 zr 2.838544380344311 -3.3815618196942827
2459028 zr 4.27694483506527 6.6181686808626985
2459036 zr 6.225970239229774 -1.2552126542872237
2459042 zr 3.145443603886874 -1.0051674879683543
2459045 zr 2.9277225819005634 -2.782720653988922
2459048 zr 2.8490841231563597 0.8661102140522965
2459051 zr 3.3496541521291325 -2.47116940756243
2459064 zr 10.847693637657304 3.2243711035995575
2459130 zr 6.052293096783664 1.4145144928576439
2459130 zr 5.829184403059414 -0.029007583088838537
2459130 zr 5.17719608512964 3.1047379594039377
2459130 zr 6.996793447125604 4.84084447888986
2459130 zr 5.713498276398504 -7.3475763247085615
2459218 zr 8.477614367334295 -20.59944877578937
2459219 zr 6.492499755530793 5.676434960406796
2459219 zr 8.86539395605994 4.8363332081529045
2459219 zr 9.81584755523486 -6.248990451808584
2459220 zr 7.081360908494653 5.361556310576789
2459220 zr 7.74943306024064 2.8934193195080073
2459220 zr 9.029283692124636 -16.794879614291546
2459222 zr 11.116629134559942 8.628517838561837
2459231 zr 4.551891650628859 0.5563342578589133
2459233 zr 3.773557914371172 4.159931518017994
2459254 zr 3.25007676159632 -0.7406345770508566
2459256 zr 3.588243467869849 3.2385098505220937
2459266 zr 3.58105376666974 8.874144162977803
2459267 zr 6.074174989572532 -1.1969020215553858
2459270 zr 4.23234649080887 0.4600137853481213
2459271 zr 7.437425864869175 -2.1258235807785666
2459273 zr 9.668601134162243 -14.238327344137408
2459275 zr 8.88836563504562 -14.324234505065027
2459280 zr 4.568192941068852 1.4393546253480973
2459291 zr 4.139645886800678 -0.906925984608359
2459291 zr 3.6545543528550812 4.93560216582123
2459291 zr 3.793149578584524 -4.762261287983534
2459291 zr 3.332353147246579 5.33452982095616
2459291 zr 3.2906515956253553 -1.0848039187994496
2459291 zr 3.5374769478440826 9.800788882352162
2459291 zr 4.679303505619733 -0.14928163125463562
2459291 zr 5.078109959639173 5.600841656251265
2459291 zr 5.295658262606723 -4.42227463718912
2459291 zr 5.18827876671386 -4.840819624327947
2459291 zr 5.272380926862777 9.523923372192737
2459291 zr 4.358574145829274 -2.3399105311781536
2459291 zr 3.7254327804052165 0.8132870971862474
2459291 zr 4.354930364380321 3.7272797004990923
2459291 zr 3.9662193741482414 -0.7112854925897685
2459291 zr 4.3101455442089485 3.8984475230424906
2459291 zr 4.725956896412625 5.506611924603475
2459291 zr 5.078497795170133 1.845529997839141
2459291 zr 4.5388354518138945 1.6124571503870604
2459291 zr 4.451329634346419 -5.143786844806859
2459291 zr 4.187902205557291 3.318334887974585
2459291 zr 4.289284740799826 4.37402431733227
2459291 zr 4.480248475242655 -6.733218343630362
2459291 zr 3.25871113414165 -2.3824910725769954
2459291 zr 3.301002585438746 -4.884361405959559
2459291 zr 2.9684512600673707 3.582207322652048
2459291 zr 3.6773388390194537 -0.8443040902607937
2459291 zr 3.4553333823647434 -1.3942468002681276
2459291 zr 5.266706945396408 5.031960173988765
2459291 zr 3.8140985994090104 1.820210189039795
2459291 zr 3.3202954604903585 0.6689544172903173
2459291 zr 3.048002266312808 -1.4967039269378393
2459291 zr 3.2031459800980393 1.0653454963079665
2459291 zr 4.615101054634965 -4.60717369268128
2459291 zr 3.207228647890516 -2.92502012726052
2459291 zr 3.09502825726381 1.0471517216683939
2459291 zr 3.0150183240349877 2.509274491863095
2459291 zr 3.2741126549221033 -2.2267581335674542
2459291 zr 3.2514861087705227 -8.01068434124101
2459291 zr 3.4182196698260516 -10.183377366825217
2459291 zr 3.1368225831207472 1.7645844351867512
2459291 zr 3.6525819527595176 -1.3268507911671963
2459291 zr 3.401217659938685 -4.969297880366293
2459291 zr 3.300121446705923 1.6769701311094343
2459291 zr 3.2758946178165904 2.5999971512972615
2459291 zr 3.230165609704034 -2.058716151949203
2459291 zr 4.647558956667412 -4.334898787365597
2459291 zr 3.3166039866747457 2.010965396435857
2459291 zr 3.275532424901926 -0.24506002498248033
2459291 zr 4.524645943984863 -7.604684409986362
2459291 zr 3.1760959823954504 2.588969228352623
2459291 zr 5.5098421068951415 -1.723589462862281
2459291 zr 4.126676075743733 0.3729615471146705
2459291 zr 4.403317703220333 -2.683732212428221
2459291 zr 3.654473264947226 -1.6086620858644622
2459291 zr 4.286910714792912 -1.9721378583871556
2459291 zr 4.919163164836939 -13.282068867689109
2459291 zr 5.07838572644198 6.550103005257648
2459291 zr 4.281467523749279 -1.0194931217727303
2459291 zr 3.4446969433503307 -2.2064093880940696
2459291 zr 3.9078118784554134 2.0344819580241404
2459291 zr 4.2441616416581525 -2.345339454519231
2459291 zr 4.329050520552519 -8.667368242635444
2459291 zr 4.263646744997596 3.0378185537186813
2459291 zr 3.8747694279562994 4.592345323547185
2459291 zr 4.1580504684252535 -0.1409541532937704
2459291 zr 3.747685965224166 2.6359359380934917
2459291 zr 3.8755527164515446 0.06188068747934272
2459291 zr 4.284784854539755 -1.5253083635546598
2459291 zr 3.8472554157700225 8.62012401855718
2459291 zr 4.283432385819445 -0.22548640124975444
2459291 zr 5.3542904822743065 -5.6606393287108405
2459291 zr 5.122735455476533 -0.019330567042297412
2459291 zr 3.320098891589825 -8.968348180131196
2459291 zr 3.4273873725206108 2.058272803575541
2459291 zr 4.2500364437820295 -5.219348275444301
2459291 zr 3.8761139113988836 8.537977971974588
2459291 zr 4.684139090911103 12.769489614051212
2459291 zr 4.543006113693914 -0.9750659213395366
2459291 zr 4.226559116764584 0.7087054801334437
2459291 zr 4.563435699984776 5.137827961372496
2459291 zr 3.677838494786855 -1.683939501063393
2459291 zr 4.180102659860946 0.3757529904174212
2459291 zr 4.201662663919598 -2.385639947996251
2459291 zr 3.7582011518118352 1.04633482316099
2459291 zr 4.221056657596812 -0.9157177472555292
2459291 zr 4.242138831751017 -4.063989807403336
2459291 zr 3.673953444053717 5.1052723526807195
2459291 zr 3.4702461227319565 1.2051309548901326
2459291 zr 4.147278423996356 -6.0730239105685815
2459291 zr 4.211016545591414 1.9683691437322117
2459291 zr 4.6600110640749275 3.5533625716452395
2459291 zr 3.3763112698033684 2.358900039556677
2459291 zr 4.7615071233075295 0.5451226111033766
2459291 zr 4.053416038364971 -3.891404694276302
2459291 zr 4.034079367491868 1.0603071773881316
2459291 zr 4.772927938956011 5.0895185346306455
2459291 zr 3.499793968799213 -1.6641602770324033
2459291 zr 3.501818384562562 -0.19751075074453198
2459291 zr 3.5805605277669375 -1.2629925788380005
2459291 zr 3.897558605046281 5.143684440614262
2459300 zr 7.513086691694421 1.5179870382662213
2459302 zr 8.500072887564059 -9.418437056894911
2459307 zr 3.6650668705961387 0.8767846070982819
2459309 zr 4.269597621100678 -0.9434399407737905
2459316 zr 2.707558186392038 0.7678006250222502
2459322 zr 4.677210842999323 8.567039247840055
2459324 zr 4.408990404442308 7.64631644124165
2459328 zr 6.1750551021761835 -6.571668192640126
2459334 zr 5.934713652888997 -3.048187161662328
2459336 zr 3.5643203622135142 5.9997468378322925
2459339 zr 3.3576217072156838 -3.9730404531907997
2459341 zr 3.5338317183010424 -5.897446793645367
2459343 zr 3.2892409523843718 -2.6775305850326467
2459345 zr 2.9493745097865625 3.167560226737907
2459349 zr 3.2274028585380465 2.5468691098408174
2459352 zr 3.3367980458808124 -0.308882138996033
2459358 zr 9.609967772636045 0.22884496332694773
2459361 zr 8.2285557157297 -6.267172552537878
2459363 zr 5.230860787219881 -6.266214623228374
2459365 zr 4.551779494301429 1.2079664877550977
2459368 zr 3.097253729840445 -1.8683547759763364
2459370 zr 3.2780478263100354 4.733973262386919
2459376 zr 3.032332248450303 -1.895221794654833
2459378 zr 3.4821370852470848 2.062306750967138
2459382 zr 4.838282560670257 7.388720066235023
2459384 zr 6.154771611309732 7.1421440794778075
2459386 zr 7.582675941916737 -15.851027279905699
2459390 zr 7.1155213700164035 11.724466000282286
2459392 zr 6.719015607333959 -4.964391183224538
2459394 zr 5.144013512055747 12.221537282080794
2459401 zr 3.647747672818188 -3.775802155640794
2459405 zr 3.6813816366036938 4.825838242761064
2459407 zr 3.5708921339268107 -1.1324997315299448
2459409 zr 3.25007676159632 0.4894379795314001
2459412 zr 4.5623326534689665 -2.2999486356112455
2459434 zr 3.076397702843446 -4.3390121225476515
2459438 zr 3.907770231648299 -0.7154040972809123
2459440 zr 6.721472421387682 11.213459434806316
2459449 zr 6.762647166554406 7.265121331223586
2459450 zr 8.554414172326904 11.022780258217828
2459465 zr 5.5864655318230545 2.3210747528690647
2459467 zr 5.113722105839592 -6.120373038219202
2459470 zr 5.599947252042776 2.4990090235819693
2459491 zr 6.162844573630959 -4.413167302882105
2459491 zr 5.314290381074435 4.476430671162804
2459491 zr 5.544643951277991 5.402217288487317
2459491 zr 6.1478311520208715 -14.866967222062348
2459491 zr 5.778295786733038 11.948293890587555
2459504 zr 16.383311663655466 8.483800583626545
2459504 zr 13.083995583468845 -8.546085293106097
2459504 zr 12.089461633644431 27.177432492192523
2459505 zr 10.576345889295673 13.183185111650856
2459505 zr 11.133629781719138 -19.22716851141322
2459505 zr 13.183994261294322 -16.142929504004996
2459505 zr 13.311119942610551 -6.011895612517988
2459601 zr 7.283293392587498 -5.067750751818248
2459637 zr 5.427301348362707 4.102560861462017
2459641 zr 3.307088860860691 -7.127505514128645
2459675 zr 3.3948085365877394 -0.059969961938863295
2459679 zr 3.793149578584524 2.671100416697242
2459683 zr 5.894200537849409 0.08452328740003683
2459694 zr 4.634741687763654 7.002234944314554
2459696 zr 3.531642476712906 4.676894374138763
2459700 zr 3.364572744513945 0.7538138274047178
2459709 zr 4.625801022870424 0.7475825595961807
2459709 zr 4.9338347683210415 5.045075903531835
2459713 zr 9.001149736423969 -2.432840012232674
2459719 zr 4.892593721293706 0.6005596051787744
2459719 zr 5.367598480987321 1.6702492459158966
2459725 zr 2.934030461500013 0.3919008369302526
2459730 zr 3.0603900732918667 2.2028062833483455
2459732 zr 2.8958548156237467 -0.4156644554624932
2459735 zr 3.3293077411874767 -1.134779432583573
2459737 zr 3.227088246939905 3.231703614041861
2459741 zr 7.257883903470767 6.797787170565874
2459747 zr 4.782906990727755 4.609928077529585
2459752 zr 3.1655791684064405 2.127145280165787
2459760 zr 3.085864018917802 -1.1214572297529048
2459762 zr 3.1537826812586975 -4.797263254479237
2459766 zr 3.4343603733348553 0.7579829190793627
2459773 zr 7.640487008291683 -7.089171637204918
2459775 zr 6.122329920699142 -2.17069564850295
2459775 zr 7.552479121247863 3.586974033512479
2459779 zr 3.751139301634938 11.467698751389388
2459783 zr 3.6610936791853423 -1.9154761806143712
2459786 zr 3.809121179306353 1.4586198764982785
2459798 zr 6.441004015503261 9.407342394803692
2459806 zr 5.417313092167054 -0.19344591471711442
2459808 zr 4.201662663919598 0.6178031616732998
2459810 zr 4.375019784584644 -8.365014003555807
2459817 zr 4.797568469310338 3.9608058682774803
2459828 zr 7.895525042487316 -9.1144282937091
2459856 zr 7.656494319013972 -0.7624499072682164
2459856 zr 6.477727131298645 3.8771458418858855
2459856 zr 7.56550576258863 2.933993463637393
2459856 zr 7.945094246275232 2.177788871434223
2459856 zr 7.60538215925749 -16.967669527736014
2459857 zr 12.521411790591737 3.876643164609311
2459857 zr 12.309910727161267 -4.156520710431536
2459857 zr 11.32533813055815 2.654958733681182
2459857 zr 9.853109674439297 -10.501269385827465
2459857 zr 11.612932300428458 3.436423209736401
2459859 zr 10.451337920855764 7.999881932307944
2459859 zr 10.528221305979983 -13.898141693547142
2459859 zr 12.850852078311314 0.8339620469551062
2459859 zr 12.682821168550772 -19.25056306764514
2459860 zr 12.148459877129559 2.9702304833025686
2459860 zr 12.118809544335777 9.949518485282828
2459860 zr 12.169045724917599 6.885776520894222
2459860 zr 11.034090465612909 -12.566887452515315
2459860 zr 10.651185953047237 20.328425053724146
2459862 zr 11.268900191827822 -6.054253117207042
2459862 zr 11.298871051279225 -0.6863950315211632
2459862 zr 12.397019802253208 11.748949374444674
2459862 zr 13.48670492844336 24.8718388180667
2459862 zr 13.077716685288207 -8.537176815968715
2459937 zr 7.424843417601499 -6.0664852687083295
2459937 zr 15.96939136874671 4.026649508208097
2459952 zr 8.647089043981147 1.9103965059160792
2459952 zr 13.666452303689974 -19.514451342219065
2459952 zr 9.723144214788299 -6.9685412237311715
2459977 zr 8.468003236603364 5.339150192426016
2460016 zr 7.3155821292457555 -5.483470305446955
2460021 zr 4.078902471575111 0.12816362258843406
2460032 zr 3.734049074315191 0.6171354757159041
2460043 zr 6.400398877578594 4.895471883183157
2460045 zr 4.485181491366466 2.315970441206876
2460051 zr 3.3496541521291325 3.4910770023981845
2460055 zr 3.4963530967495506 -0.2971576462141916
2460057 zr 6.325881345460985 -3.315475613801252
2460061 zr 3.868657457214703 -3.1226727025476846
2460063 zr 3.1947911918260816 0.2801161697817828
2460067 zr 9.363248017274874 -4.123639637177764
