jd filt fluxerr adjflux
2458207 zg 9.79997364450347 9.316404727402045
2458207 zg 9.22453405197984 -5.1001846146887075
2458230 zg 2.8527494004963163 4.457302014802659
2458243 zg 2.7801205168330685 4.214217365680218
2458246 zg 2.749562669324238 1.5340148281887724
2458267 zg 10.256139899759914 1.0353741130890146
2458270 zg 5.980686249844619 -5.408361918853625
2458273 zg 2.6770940127466023 -3.141421512884024
2458279 zg 2.634044960503946 8.324112896816398
2458283 zg 2.631620032331934 -0.6353283611127511
2458286 zg 3.0169629254297234 3.6221944594114883
2458289 zg 4.577961173632551 4.436600350329364
2458293 zg 6.824831533738797 11.481447200771713
2458299 zg 5.824426636341181 0.6068965787273886
2458302 zg 3.0598747722555797 -4.479261568098437
2458305 zg 4.168691788975457 2.203801642811716
2458472 zg 7.854689471140776 -3.2216339293241427
2458487 zg 2.8746226684866723 8.009392809133475
2458495 zg 2.4147139612650044 2.2110612936802148
2458503 zg 8.388699050342384 3.3207313261243523
2458511 zg 4.447049189523463 3.4703489000797703
2458547 zg 2.607665656333964 4.877711837406306
2458561 zg 10.498128844192303 -0.2305243962432426
2458568 zg 3.0702233710539235 8.31414461288602
2458573 zg 2.9783105047413114 6.346817396117803
2458581 zg 3.3404458011798903 7.164573913179386
2458584 zg 3.6555657986277854 6.13772976133046
2458587 zg 4.704332490110102 14.305090781201713
2458600 zg 2.6770940127466023 5.899364626520045
2458617 zg 6.4711462481106565 -0.5580245082979607
2458634 zg 2.6557112051274303 5.482966305820144
2458637 zg 2.814828290472183 9.253925927494286
2458640 zg 2.431419863136685 4.749908058661884
2458643 zg 3.9043722674262433 7.761491177991418
2458651 zg 9.954327887412946 -16.820287898969795
2458654 zg 5.536188153078843 1.0714558398856795
2458658 zg 2.636472123146202 6.079117752085857
2458662 zg 3.5772658724800213 9.967138971773897
2458667 zg 3.030888593571205 3.4613775594313765
2458672 zg 6.182066161889711 2.0593411288292893
2458676 zg 7.769630761497828 14.672657932878845
2458836 zg 9.263708431487714 11.537159608011521
2458857 zg 3.2099898044775648 8.860478429424903
2458873 zg 3.190100974133228 6.214027124848265
2458877 zg 2.5457935607447597 12.373030118611046
2458894 zg 4.7182157775951845 7.729038647912541
2458898 zg 2.1363641272840805 6.763354090999878
2458937 zg 2.437940957912322 1.8683168277579059
2458940 zg 27.364654902707585 -13.503055954198945
2458955 zg 2.7043545145147463 -1.109893884161695
2458963 zg 2.754632218729992 -0.6824483286378853
2458963 zg 2.476851258546125 -0.3093630424092515
2458966 zg 4.846906237238267 -1.8007678998603707
2458972 zg 5.462607151633922 -4.5333301414437575
2458976 zg 10.069472665379932 -8.947347054503956
2458980 zg 2.172077300123412 3.492433237744046
2458986 zg 2.551899828819858 1.9165180895141807
2458992 zg 2.455970713237292 1.1411673804566556
2458995 zg 2.4202485036223553 2.85837118126568
2458998 zg 2.8181880776723407 -0.5517919388636794
2459014 zg 2.5226671987886484 -0.1326174111898204
2459017 zg 2.249394832453225 -0.04400050834500291
2459020 zg 2.438371798918615 1.8098330824802877
2459023 zg 2.8606427384160487 0.043859851159243735
2459026 zg 7.463040206026134 -0.7465520774828336
2459033 zg 7.1503783150041045 -24.338284740397803
2459039 zg 4.245640000002414 -0.07108174091672925
2459043 zg 3.567395164760733 2.146861170636236
2459204 zg 3.6735485648927626 -3.769273369350041
2459217 zg 7.40102609688354 -1.0220677597731656
2459218 zg 6.10394823151007 3.6619131717664515
2459227 zg 3.216654601876806 3.922249926603185
2459231 zg 2.776207398467083 1.115528040519697
2459251 zg 2.7452433360139255 -1.9647204847018325
2459253 zg 3.5971779306121063 -3.7876439315985837
2459255 zg 2.3072780093631478 -0.9603833394192609
2459258 zg 3.8182095594202514 -1.6185540247788972
2459264 zg 2.3738865525155672 1.5315356739867196
2459270 zg 7.250912329357972 16.13647320224873
2459272 zg 11.310535703137157 -2.2788640520831343
2459292 zg 2.8498097555044475 -0.9285254858267541
2459304 zg 10.418544244281684 -5.964740689324355
2459306 zg 4.028231699222212 -6.807206210303436
2459307 zg 2.5159379548607945 -1.4726281897748403
2459307 zg 2.44714644835091 -1.166818115354346
2459308 zg 2.632085100946169 0.09427517075476233
2459309 zg 2.8262844483908056 -4.182193719978431
2459313 zg 3.1659470932415603 1.690159469860439
2459323 zg 3.9957636053222765 -6.403138205435301
2459325 zg 4.328557253941358 2.4845406647030477
2459334 zg 2.7243545272510756 3.796194424151797
2459336 zg 2.612300801432523 -3.7207967040865704
2459338 zg 2.917298347352274 0.7149221741548927
2459340 zg 2.721547188078306 2.2601175898784724
2459342 zg 2.5401749141457124 -3.0439327944270507
2459344 zg 2.3284127046375187 1.3276333256795871
2459346 zg 3.0974508923690833 -2.7551127743201977
2459348 zg 2.4058341934517626 2.072267742777845
2459366 zg 2.853674468704584 -1.3207387961756012
2459368 zg 2.518256286820138 -3.513868559264526
2459370 zg 2.892117070230381 2.9842616899342183
2459374 zg 2.827820947530695 2.413585173310266
2459376 zg 3.0739985124824556 -2.4559914285590465
2459379 zg 3.209855822310367 0.7698235712422867
2459390 zg 7.726531884144908 -17.5474105516421
2459392 zg 7.836385300931193 1.778759762732524
2459394 zg 3.500793838660187 -3.2728480037921894
2459399 zg 4.441152526163056 -2.194182112526073
2459401 zg 3.819013726482639 1.1376563263995232
2459641 zg 2.4664123883021145 -5.799630525663846
2459673 zg 3.3263038637678837 0.6873564458031779
2459675 zg 2.8314954547830893 2.9178335384547274
2459677 zg 3.994978466206895 -1.1738505181991683
2459679 zg 3.7339662183884794 -4.533252649353117
2459682 zg 8.394307563127485 11.849826268135912
2459694 zg 4.00681957553075 -2.262479768658402
2459696 zg 2.5764586907508664 -1.0702379510343543
2459699 zg 3.512059947338595 -0.9275840890520574
2459701 zg 2.9957367905431838 5.952448323044482
2459722 zg 2.947004818764015 5.167777204829251
2459724 zg 3.1376495132862012 -5.272225831861964
2459730 zg 2.715513131461077 5.00493015461364
2459734 zg 3.4766575931389543 -3.0241175667703817
2459736 zg 3.656670142398185 -7.238147274738707
2459742 zg 14.514665790707634 -1.4169024108484367
2459747 zg 6.008647568639213 12.566754636514597
2459749 zg 3.998659672349988 0.5867016780729499
2459751 zg 3.6298258206738927 -6.236424068722203
2459753 zg 3.683492251506633 -2.99113466733592
2459756 zg 3.9071470852141355 -0.4257617546892827
2459758 zg 3.2855223791399952 -3.7441997937994143
2459761 zg 4.104856779500726 -1.2471526971362834
2459763 zg 3.620355510515668 -1.2497789029205952
2459765 zg 4.732555205831532 2.289541186373945
2459769 zg 7.582652990441653 -1.2115944507024934
2459771 zg 9.427722271273948 6.3726421715376755
2459924 zg 8.67375279371794 12.31848971753595
2459937 zg 3.6589342501446716 -5.58347792270736
2460032 zg 4.017382341783342 5.5700129607841715
2460042 zg 11.428961777333518 -4.974678233545578
2460044 zg 4.837019058178327 -3.6503990164783087
2460046 zg 2.507630957912068 4.252428378840265
2460050 zg 3.0688866359820914 0.41889622449510994
2460057 zg 3.2938487503966383 3.8459318417603416
2460059 zg 2.9320405567862333 -2.6924809791980993
2460061 zg 3.515209549060424 -2.196715324492045
2460063 zg 5.27173948640921 -2.4700163377540507
2460065 zg 7.229845559965678 -5.0442503877440386
2458198 zr 3.2880008762279367 0.07738387436926752
2458217 zr 4.582473127326581 -5.128782279323272
2458218 zr 3.812674808897645 2.5491458460587335
2458219 zr 8.607756162338296 -0.8698225886861833
2458224 zr 7.843285231049473 7.406813821479345
2458224 zr 7.778538560334356 -1.4010171515499743
2458230 zr 3.8950511986978333 4.117133548761936
2458231 zr 4.049877972451482 4.0733123804371
2458233 zr 5.362667199032656 4.6604761110724375
2458243 zr 3.4428747507172073 3.893590011859421
2458256 zr 3.8451489754169303 5.282697635173264
2458256 zr 3.489189924821398 -0.16368461727795136
2458279 zr 4.270371844946321 -8.44075522055447
2458283 zr 3.278928334016388 3.8919041508842502
2458286 zr 3.473999606814944 3.360407260361613
2458289 zr 5.764610564202175 5.879999704343285
2458293 zr 7.2979315707854004 -0.7275453164084464
2458296 zr 7.438272849575837 -1.5657139723077604
2458305 zr 4.986814156310729 -4.158971393600071
2458312 zr 4.986814156310729 -5.476906639017263
2458450 zr 7.144959754464825 15.718120628944018
2458450 zr 6.933785214232206 5.134333472678255
2458450 zr 7.86218332740448 -2.9811590341503695
2458450 zr 6.936843877640561 17.14398463963473
2458450 zr 7.101573813146304 17.106691911164873
2458451 zr 5.638582943584751 -7.973681332664368
2458451 zr 6.082801621021683 10.80818114355912
2458451 zr 5.929313723179379 -6.439587286022018
2458451 zr 7.745683741120425 13.04314070439675
2458475 zr 8.160147499762877 0.8690580475549317
2458477 zr 6.331196395385732 3.4639492907579723
2458488 zr 3.366081366698495 -2.1753478446084054
2458503 zr 6.02506754867826 -5.4577035217558745
2458524 zr 3.575371909160306 -3.438008613961309
2458539 zr 4.675447488557072 1.7225469434292555
2458543 zr 4.068571359825409 4.225434475245294
2458547 zr 3.729320984905216 0.7157990350370627
2458561 zr 8.224419849526248 -1.916200255955801
2458573 zr 4.5108663548678 -1.2383866264881793
2458584 zr 4.200251319382498 12.18863899820166
2458593 zr 9.665665556339073 16.936572921029917
2458596 zr 4.471628269636069 7.544937162856518
2458606 zr 3.617676801503432 2.8535166103828296
2458617 zr 5.889842113665325 4.193906784662331
2458634 zr 3.352132862658749 -0.006492400075399196
2458637 zr 3.2548570878603273 2.151638308156442
2458640 zr 3.2399023779611857 6.08078033464221
2458643 zr 4.211873091349541 12.370009382775082
2458648 zr 9.878559464221063 -13.811109363897424
2458651 zr 8.303705408754652 7.307754991518706
2458654 zr 5.100536606248445 2.222273143589623
2458658 zr 3.805658066996356 6.558595684702372
2458667 zr 3.7224576450900617 10.627748716867712
2458672 zr 4.971227321575305 1.111806832201907
2458676 zr 7.640876255565828 8.746150664601036
2458679 zr 8.047702868076332 12.910020815547224
2458812 zr 8.548002065531309 4.472266121663013
2458812 zr 10.01000801852923 9.318497503875612
2458854 zr 6.5900016837585325 8.6521545685593
2458877 zr 3.518233096539661 7.394397998972054
2458884 zr 4.428533765129519 1.6817519536697585
2458887 zr 4.5778331557896506 10.235648344601833
2458895 zr 4.131191023356564 12.611598178887126
2458898 zr 2.9720460200966605 2.3082740405434508
2458901 zr 3.010617140499056 -1.1109243962396405
2458904 zr 3.746534748452363 5.797710263679539
2458908 zr 3.222047396334143 0.21891930268154214
2458911 zr 4.433022410722577 6.5949462439973665
2458914 zr 4.049877972451482 2.973688360910389
2458937 zr 3.896206240464227 -3.1042266485562267
2458940 zr 6.196786535034846 12.083277211808083
2458941 zr 4.177011713021302 -0.1664063132361231
2458955 zr 3.903389931984129 -1.0896125113103095
2458972 zr 5.92248068467001 -2.574103052234477
2458976 zr 9.41217418851103 16.022089115715826
2458980 zr 2.414310860422899 -2.229672877116672
2458986 zr 2.7793987017294306 0.7130178824467873
2458992 zr 2.706143673846231 1.3427503302152735
2458998 zr 3.8451489754169303 1.348734500141359
2459009 zr 4.882285631790491 -1.8532480575590846
2459017 zr 3.013391298709389 -4.711572188814612
2459020 zr 3.0412738651008158 4.128553367805236
2459033 zr 7.343691810271496 -8.348237295974515
2459037 zr 4.864331719441586 -9.062968891340592
2459039 zr 3.852238529301577 -0.10162100054005052
2459174 zr 12.240522849988535 -11.396502382583353
2459178 zr 5.31926843339811 -1.4513966470632589
2459178 zr 4.968475855151188 5.646800994200895
2459178 zr 6.888974947978784 -2.027057211770722
2459182 zr 5.750474116811971 -2.604904171671529
2459182 zr 6.911164327177311 -0.2794197195419843
2459182 zr 5.390336391868581 -1.0925865809035151
2459182 zr 5.696601879478282 5.022306426280924
2459184 zr 10.441284768649206 4.203423127338354
2459184 zr 9.474946896990385 -6.29593405295665
2459184 zr 8.976463567662746 -6.6610262497920285
2459184 zr 9.61067609385606 6.041191102692343
2459185 zr 10.434056385734005 -1.7722033724740907
2459185 zr 8.118871893001579 -9.81102265154378
2459185 zr 7.981268720616069 -9.457591505406318
2459185 zr 7.62534961779529 -1.9958101682526757
2459185 zr 8.697166783991575 11.533501877716619
2459186 zr 7.353124736215723 6.812036318735692
2459186 zr 9.586347752492678 -4.765082674412092
2459186 zr 6.473839382765325 6.282813556759556
2459186 zr 7.253880295530281 3.8954607417864637
2459201 zr 7.284500658155236 -8.986058720830822
2459205 zr 3.613471300659209 -2.214149223052285
2459217 zr 7.1102649745815745 -6.639078735581669
2459218 zr 4.769398631728601 0.7619214660650131
2459232 zr 2.9755992052676015 1.226344754033593
2459251 zr 3.8380724689523578 0.9748478457868403
2459253 zr 3.1846046865881608 -2.487627207433062
2459255 zr 2.970122994294586 3.8439495929488494
2459262 zr 3.465143493343684 5.521816908781787
2459265 zr 3.2140714709524474 2.7784604182915844
2459268 zr 4.455184491441879 -10.662409994053395
2459270 zr 6.529584185165085 1.011108996768627
2459278 zr 4.880492197241282 3.901306733972135
2459290 zr 3.1670544484837015 -0.5881709564615158
2459304 zr 9.762340258816739 -6.606976706142071
2459305 zr 5.745180172745953 7.354934569825545
2459307 zr 3.2728938844538584 8.057738319238942
2459307 zr 3.3092678843446572 -0.7804454427066133
2459308 zr 3.4635751077196195 0.9781830472783006
2459309 zr 3.330590382784062 -0.3302010883131288
2459310 zr 5.345838923635957 -8.159434856969733
2459317 zr 2.9456044960084724 -2.159349202151224
2459321 zr 3.04407627220507 1.3813310421297635
2459323 zr 3.661253205791959 -1.7291742403333723
2459325 zr 4.719542777397475 -3.271387257778539
2459334 zr 4.544226398480806 -1.5156755888228937
2459338 zr 3.3062213391862243 3.1789331056010974
2459340 zr 3.010617140499056 0.3963567940016804
2459342 zr 3.46833647864318 -0.020885072153155472
2459344 zr 3.0892676021347865 0.9665095207045016
2459346 zr 3.132243595391911 -3.310554099908471
2459354 zr 5.24628533442622 -9.349221196462196
2459362 zr 4.410275229710657 0.18324109226231974
2459364 zr 3.6671156771916547 7.9263273548547915
2459366 zr 3.2250163787126542 -1.2155279060006197
2459368 zr 2.9673886693186526 -2.1442332703689218
2459370 zr 3.3336593830004384 4.3310160788103715
2459376 zr 3.6781527827460097 1.566654139981645
2459386 zr 9.017052918545065 -4.541610213133273
2459390 zr 9.219455503123074 5.781136499941338
2459392 zr 3.4333748668422377 1.053268225278808
2459396 zr 3.114981917315568 -1.9305958367262412
2459399 zr 4.351710142452303 0.13918239136579014
2459537 zr 10.775890740724341 -6.156698852450034
2459537 zr 9.09766461418114 -7.698112165393271
2459537 zr 9.685675672919604 -13.97607086769711
2459537 zr 8.826281989539439 7.671849966208338
2459537 zr 9.971872836320143 17.819208429543274
2459538 zr 18.16735234853869 -16.18642804388025
2459541 zr 8.415991197594922 -10.099277942367797
2459541 zr 9.473924567526597 -24.198708318204222
2459551 zr 3.7923915536495842 3.384298738264742
2459551 zr 3.93109166370224 -4.376906110315888
2459551 zr 3.6815420472273033 -5.83475520559978
2459551 zr 3.852238529301577 -1.269341850069822
2459551 zr 4.0648257922826145 -3.3895206219837575
2459601 zr 6.612442678372449 0.26107737528761527
2459636 zr 3.614346332006988 8.106843444059683
2459641 zr 3.210198774417981 -4.972272978907403
2459670 zr 2.996784611224131 -4.153962458955185
2459673 zr 3.631029396669017 2.6751527141442555
2459675 zr 4.040873703705709 0.5167045838123983
2459677 zr 4.1924287747065065 -0.42426214572126064
2459682 zr 5.847960489043433 0.12412416078749798
2459687 zr 9.651121843569474 5.970990295685618
2459690 zr 4.235213193902671 -6.635317758128899
2459696 zr 3.0807434223130046 7.923924343965378
2459699 zr 3.4492226051747 -2.7300260396805065
2459702 zr 3.4050322036091107 -0.3727244497834825
2459709 zr 3.941968691628228 -7.6315115734903065
2459709 zr 5.306594087661167 -0.2039601090445578
2459714 zr 10.03991237626723 -12.257790598846949
2459717 zr 5.115211823507343 5.150992331961268
2459719 zr 3.1807674951489497 0.3048229069023783
2459719 zr 3.352132862658749 -1.51846810134656
2459724 zr 3.586944109975071 -3.617504412453302
2459726 zr 3.395636738230047 -1.131545336823844
2459730 zr 3.4875562716769544 -3.3422096782192114
2459730 zr 3.2250163787126542 -2.7046744672563015
2459732 zr 3.6637396937710873 -4.300345830871294
2459734 zr 3.515845360228251 3.1121028442220546
2459736 zr 3.210198774417981 -4.580159740678672
2459738 zr 5.443170111956498 -2.096383578590187
2459742 zr 9.930629624197563 2.3865516521264243
2459747 zr 2.9456044960084724 -2.5924076254009254
2459751 zr 4.7500690936402075 3.3488385628415487
2459753 zr 3.879982483655732 -1.222903853995979
2459756 zr 3.114981917315568 -3.366894572005529
2459761 zr 3.5425927024682773 -7.093931931855425
2459765 zr 3.694235775483422 -1.006449524156993
2459902 zr 9.85267008107339 18.51350651856661
2459902 zr 7.453206710589345 18.394215860775525
2459902 zr 8.699055567818574 12.965491660119564
2459902 zr 6.627756372699105 2.580266060612633
2459902 zr 7.473967746408713 3.2021296730919357
2459904 zr 7.7243111669198825 4.685671848438142
2459904 zr 8.314952270441747 -2.79254324656275
2459904 zr 10.508819692234276 10.674682845483929
2459904 zr 13.131535776092756 2.035628867784615
2459905 zr 6.759051969003599 9.745636222774225
2459905 zr 8.588261756640254 -3.7625726030574693
2459907 zr 12.97155125184423 -3.8858154213045473
2459907 zr 7.97102998273479 -4.514240728292144
2459907 zr 8.290001429269847 -5.8185777003953145
2459914 zr 5.51589345583503 6.10168343650311
2459914 zr 5.010717598772236 3.0843343653848794
2459914 zr 5.049677269653185 -2.599883338478858
2459914 zr 5.049677269653185 6.574104879669593
2459915 zr 5.308610307498416 10.008577016950797
2459924 zr 5.95346730995242 1.4411448416736827
2460021 zr 3.963813118449348 -2.239056765511843
2460046 zr 3.5085252772658806 -0.3375891240609483
2460055 zr 3.963813118449348 0.1574522013009224
2460059 zr 4.085782810094855 -0.23893428777452208
2460061 zr 3.4795622440303355 -1.2599638757006135
2460063 zr 4.074864488493448 3.029659168657174
