jd filt fluxerr adjflux
2458207 zg 9.534501885522262 2.896724174981358
2458207 zg 10.180703715281924 0.19006873393976775
2458223 zg 3.307888409262826 2.896724174981358
2458246 zg 3.576477769263177 -3.993356767014035
2458249 zg 3.649686237553897 0.19006873393976775
2458267 zg 10.317012116418907 -18.510800622262934
2458270 zg 6.561163284709736 1.1527273828130546
2458274 zg 2.9457316975306966 4.8515292776069145
2458277 zg 3.2177392666744256 -2.860816291849801
2458280 zg 3.145009137610447 5.048001855852107
2458286 zg 3.2177392666744256 -2.860816291849801
2458293 zg 8.14619131613254 -7.353667256314594
2458299 zg 5.971227567809592 0.7671318569979064
2458302 zg 3.612896579394054 -1.9122398884190375
2458338 zg 5.967340861780383 -17.81005213988081
2458469 zg 3.7936348816246754 8.415871602017955
2458472 zg 4.3015974394994885 -5.306767984422592
2458472 zg 9.442176298244535 -7.35366725631458
2458472 zg 10.239343322867372 9.61717783922127
2458488 zg 3.4448826642672987 -0.5768726377591312
2458495 zg 3.280581642354868 1.1527273828132154
2458502 zg 8.61389923057225 -9.379933323158195
2458539 zg 9.743282001116684 -4.932371306932594
2458543 zg 3.4726061487606663 -9.928997768387934
2458547 zg 3.5996106650899633 -2.6714503185623935
2458560 zg 10.334647992801896 -0.5768726376620827
2458581 zg 3.87018677546269 1.7324541088926935
2458584 zg 4.293680897830175 -5.68047563167217
2458587 zg 9.722496568575114 -9.19657444337903
2458597 zg 3.9095963863815557 3.8718761804962543
2458600 zg 3.5962968274596516 -2.8608162882504438
2458606 zg 3.351000047903413 -6.239747941908023
2458617 zg 7.148327306672386 7.221185734346664
2458634 zg 3.2655087388640136 0.19006879768011517
2458634 zg 3.4101574721904915 -2.6714502548504955
2458635 zg 2.8893036618433507 0.7671319261711846
2458637 zg 3.4258980438984303 -1.721999760111157
2458640 zg 3.4258980438984303 -1.7219997376588607
2458643 zg 4.257205453008958 1.732454240563768
2458649 zg 10.286605984234207 10.623350260525703
2458652 zg 6.782360126007902 8.216298800461114
2458658 zg 3.19411722127909 -4.369481146265153
2458667 zg 3.857665879305051 -17.98548049196239
2458679 zg 8.49905000613144 6.230647203369134
2458683 zg 5.956939422226989 7.221188638199263
2458686 zg 5.606604571995046 1.5390375012833681
2458692 zg 5.473434940934178 3.8718818353284132
2458831 zg 8.052197949157987 -14.057381591238741
2458872 zg 4.091896213407743 -6.204368309356639
2458882 zg 3.307888409262826 3.2402654283411114
2458884 zg 5.767972533632069 0.7566160036744367
2458887 zg 7.510788377511506 6.656023415691108
2458896 zg 4.125956166273555 -4.126137338576089
2458915 zg 6.6024276825417605 -13.315099955030565
2458937 zg 2.823535080997245 -1.0864231155968627
2458944 zg 10.296871015986426 10.313964088453886
2458956 zg 7.4501760599884514 4.487303298843624
2458963 zg 3.2655087388640136 6.95734578286659
2458963 zg 3.8347046898299704 6.573521907563284
2458966 zg 8.215987325541601 -7.036224063023331
2458972 zg 5.678844283350396 20.683101717932878
2458977 zg 18.047852553089804 8.107502902240636
2458986 zg 3.171187431829785 19.9105393005674
2458992 zg 3.173590228830999 9.652249205930243
2458995 zg 3.8311744222858732 16.176397213426537
2458998 zg 3.646326299850026 17.86232580481343
2459018 zg 3.0201040908208276 25.119133161366136
2459024 zg 3.2896587591432866 34.191832845997986
2459027 zg 5.413273379857285 36.07836809979475
2459033 zg 8.149189983686298 27.19469643046498
2459039 zg 4.675649390760314 38.35504160572095
2459043 zg 4.701559510537427 42.792707502804895
2459199 zg 4.345400049361893 114.16944625843237
2459218 zg 6.6683113431417205 122.23189642315205
2459265 zg 3.4290548661520326 95.69922553502661
2459269 zg 4.815506103072252 96.8930582774641
2459300 zg 12.541544390821965 76.95548934430047
2459328 zg 9.83054959492084 74.23095466907444
2459387 zg 16.519032251632105 64.05806139326572
2459419 zg 13.688639231100433 63.58002374490911
2459684 zg 13.098176600356524 30.136281153132686
2459687 zg 10.985801913967283 16.286633422294905
2458218 zr 4.373427300034813 2.8209085597551393
2458219 zr 4.203327101742872 10.293597138804444
2458219 zr 4.422032311303129 6.119172338923136
2458219 zr 7.976698620936124 -5.2670142749287265
2458231 zr 5.169583206881664 1.4573546372370174
2458243 zr 4.768419266451135 -6.32861734518184
2458246 zr 4.983958690772909 6.672435795866818
2458256 zr 4.266010416953192 -4.468241375494074
2458256 zr 4.047558999532046 -0.9812740689794168
2458270 zr 6.8209040072889 2.274733347652898
2458274 zr 4.305483325343204 -1.789668516360507
2458277 zr 4.325356533420104 -0.44110217174909394
2458283 zr 4.126607735976217 4.740464270875179
2458289 zr 6.293803370313648 -9.227939482320778
2458293 zr 8.399470463718965 -8.965576871324458
2458450 zr 9.682109127610028 6.395676673785488
2458450 zr 8.095117999064092 -0.9812740689794166
2458450 zr 8.30263352615952 -20.78761190292903
2458450 zr 8.3449393314095 8.06006143929801
2458451 zr 7.513805697574089 -2.595832370435346
2458451 zr 7.3667388919000905 13.674910226368695
2458451 zr 7.810879300899123 -1.5204518487009293
2458451 zr 8.46938562118426 -6.593407567529596
2458457 zr 7.579938693923882 10.854557257111082
2458458 zr 9.357718429673987 -3.667258332954986
2458469 zr 4.737775022833601 -8.177037609792135
2458470 zr 8.102577312890011 -0.7113124995310028
2458474 zr 11.040033329598906 -15.196064134547553
2458477 zr 6.616707516550203 -6.593407567529592
2458539 zr 6.104214201800292 -5.798304696196056
2458547 zr 4.491080610760191 -7.1222569310423935
2458557 zr 4.95192928317146 4.740464270887234
2458560 zr 5.74541261569311 3.094373682034946
2458573 zr 5.169583206881664 1.4573546372915844
2458584 zr 4.6254165535256995 1.4573546373875759
2458587 zr 6.263682922826515 1.729563301593024
2458597 zr 5.2063327868803535 -11.31816381082971
2458606 zr 4.21523616448298 -7.913706635438468
2458617 zr 7.252131879331432 -2.3273585463418325
2458634 zr 4.028962155184129 -2.327358537204843
2458634 zr 4.511810496982825 -5.798304684237818
2458637 zr 3.9920244081204412 -5.00100182108946
2458643 zr 4.812540906689478 -3.66725830773563
2458649 zr 9.545107984941186 10.854557298289913
2458652 zr 9.102694623351907 -11.578360554707006
2458658 zr 4.786019172561674 -5.267014189912157
2458661 zr 4.578791314320176 -1.520451740750266
2458667 zr 4.848131979868421 -1.5204516753857467
2458686 zr 5.803917408585357 6.119173086787162
2458873 zr 5.527404193305868 -8.111513789449264
2458888 zr 6.446339448294606 -2.198516707200828
2458899 zr 4.017845087215588 -2.925166554289566
2458905 zr 4.474565299342846 -7.911325415710181
2458911 zr 4.6424886465014445 2.8870686837718362
2458915 zr 6.789564800090114 1.311947353946196
2458941 zr 4.927827875262605 -11.297366695507487
2458944 zr 8.403566144894187 1.549921935543657
2458956 zr 4.250322769223864 -3.755286335945813
2458980 zr 3.8197062440817837 6.051828900064443
2458986 zr 4.115493419402457 -10.185461471546375
2458992 zr 4.058758283607894 5.152587569075341
2458995 zr 4.014146218787408 2.3798946263653953
2458998 zr 4.047558999532046 5.285146703126706
2459012 zr 3.7812027460153383 8.259312424763493
2459015 zr 4.4663304323794515 0.9459472538395843
2459021 zr 3.9590700679141118 3.7299386501320058
2459027 zr 5.436656880847632 13.920292889175592
2459033 zr 7.896960401304736 26.768880934249303
2459036 zr 8.52416617007389 10.716744223866206
2459043 zr 5.471821538755343 20.896999546674646
2459180 zr 11.767542775508561 77.30153974399605
2459182 zr 6.708755087119723 56.69861170268528
2459182 zr 7.753538127444161 55.627185740165636
2459182 zr 10.61124974044131 60.75179871035764
2459184 zr 11.596166508112324 44.78939471182407
2459184 zr 12.076557856232029 38.168973006727825
2459185 zr 9.792727124494299 52.194970366776666
2459185 zr 12.449249369084477 46.43086329616859
2459185 zr 10.045277075965682 37.498039291294965
2459185 zr 8.666662955081264 58.88844361021848
2459186 zr 8.110579904286666 39.85323213094377
2459186 zr 7.8614005871590775 58.99167451927209
2459186 zr 9.208829448176477 42.39949633099379
2459186 zr 10.207130163152996 64.18757795724426
2459186 zr 11.810268213059295 43.42458672986057
2459189 zr 6.8460794927924145 61.48842620592845
2459189 zr 6.7618525010920365 36.07764088796128
2459189 zr 8.253761345573821 44.21095651443616
2459189 zr 9.80402544442411 59.849898716329534
2459190 zr 7.816695308309755 46.896787058921525
2459190 zr 6.542039630154961 59.95653710832972
2459190 zr 5.785283019628718 49.51438815590945
2459190 zr 6.037119395798006 48.98893744251519
2459190 zr 6.041219419468196 62.14527067505373
2459218 zr 5.682261597051051 53.32811665359212
2459227 zr 4.81697546254489 48.74084204533555
2459260 zr 6.340349097543799 40.32688621739162
2459265 zr 5.838813584330714 40.97781232557968
2459269 zr 5.593984049110991 41.509831711443255
2459273 zr 14.766921151200888 38.068942117185195
2459278 zr 5.542834667746155 52.020038502690234
2459290 zr 3.698536973567216 36.42924460701014
2459297 zr 6.088540099210325 24.17527767313492
2459328 zr 7.325979399432711 39.71292846407896
2459354 zr 5.650946864512955 34.48381665540153
2459355 zr 7.002702770110018 23.812479918699566
2459356 zr 9.012880705341479 57.778302809461955
2459387 zr 9.783711841824077 26.151741567845797
2459407 zr 5.466649426224372 19.8581447973137
2459415 zr 7.973768500092259 15.789688607615023
2459601 zr 6.121104092451343 12.90924060473004
2459774 zr 8.558858941245578 -1.4321508585198561
2459907 zr 11.458148400226428 -10.025783452766376
2459910 zr 8.434583127017452 8.865022117488955
2459914 zr 6.56014095005222 10.14439891146466
2459914 zr 8.298950680808595 13.71916702549501
2459984 zr 9.336430011905396 10.186723132028554
2460043 zr 6.57418524957809 -3.374308235908564
