jd filt fluxerr adjflux
2458207 zg 9.514646426380633 -12.641520271456361
2458207 zg 9.38320100251973 0.845042785350298
2458230 zg 3.022209801735356 3.1415614462224895
2458243 zg 2.861092669295827 9.834938657099471
2458246 zg 2.717264560492459 2.1566841673063966
2458267 zg 10.207415216362731 -9.1954079746775
2458270 zg 5.8230593872130685 6.341209077061611
2458273 zg 2.590929106463025 4.028825255254978
2458279 zg 2.5210092201976892 8.374137703529016
2458283 zg 2.6432115574865827 0.0359496212254653
2458286 zg 3.019427525122827 5.738813226067819
2458289 zg 4.679299529621497 6.3361653832586375
2458293 zg 6.960809696430537 21.459522749819246
2458299 zg 5.447114896290053 9.203923151865482
2458302 zg 3.28722752653846 12.941106327105679
2458305 zg 3.9721275305364374 1.7303333002026164
2458472 zg 7.974251999173064 34.53030087291491
2458487 zg 3.041757655523543 33.266168748173854
2458495 zg 2.376571311683743 36.755092196750475
2458503 zg 8.054373480883385 30.22164792000192
2458511 zg 4.689969012831251 34.312445631718745
2458547 zg 2.752529135071469 47.975143802987056
2458561 zg 9.985347706548357 47.27877433003603
2458568 zg 3.591415834358781 49.31628920028997
2458573 zg 2.914212546864591 57.15004764365601
2458581 zg 3.2697396267512415 56.99059383950363
2458584 zg 3.7919769878754916 62.54482713586092
2458587 zg 4.666387993371642 60.07280883027291
2458600 zg 2.858388287739827 63.281066069155585
2458617 zg 7.129713935051229 73.34507265132648
2458634 zg 2.6554120676973696 72.05442968882616
2458637 zg 3.0180138166755603 85.08276150663028
2458640 zg 2.7047798638915164 77.03348794446643
2458643 zg 4.028097061692504 82.16919166855708
2458651 zg 10.212110871197318 80.38229337356081
2458654 zg 5.2211543952866615 81.0330285450181
2458658 zg 2.641529893778547 88.22035702176626
2458662 zg 3.5454819351599287 86.9338975550782
2458667 zg 3.044560508420513 91.1538641232423
2458672 zg 6.07938658221914 86.42981757999458
2458676 zg 7.533152938836761 88.07188338116403
2458836 zg 9.569338182701335 173.64238397048163
2458857 zg 3.202151958824643 157.94318105728902
2458873 zg 3.163101809845692 167.3210571970654
2458877 zg 2.8702822794794858 167.15295940178027
2458894 zg 4.979319264322615 185.07308166821275
2458898 zg 2.3119286880370176 171.1884049811632
2458937 zg 2.414206606523325 186.66413776119717
2458940 zg 20.299633516080625 189.5436176660483
2458955 zg 2.6554120676973696 188.37724240915998
2458963 zg 2.887494885640746 194.6834943482006
2458963 zg 2.517998864313344 189.28358485329863
2458966 zg 4.600614764126203 197.16032054260273
2458972 zg 5.690510373020737 193.63451420886494
2458980 zg 2.361426507866117 189.81127185680597
2458986 zg 2.6923525292609423 194.06123485759304
2458992 zg 2.6221379126723745 198.1807516861372
2458995 zg 2.587807246148998 189.01092247090676
2458998 zg 3.1689338285442825 192.0497799129726
2459014 zg 2.541297620946054 194.39699505403763
2459017 zg 2.335470758576191 190.06860113697388
2459020 zg 2.640778190453569 191.0605524816791
2459023 zg 2.75499759251047 187.91596989542955
2459026 zg 5.5783229424981595 206.9711340514396
2459033 zg 6.916800866172467 182.66571336694773
2459039 zg 4.215641030117559 181.68375976500272
2459043 zg 3.9068180330199946 172.67457972111146
2459204 zg 3.8080261919471416 91.40093506221939
2459217 zg 7.9445981218395465 116.62442344165234
2459218 zg 6.244329124271211 109.11434416775377
2459227 zg 3.487110367729226 80.85709706275158
2459231 zg 2.964316761887258 85.570951074598
2459251 zg 3.041757655523543 82.91722617019445
2459253 zg 3.8220813535635445 75.2759892383712
2459255 zg 2.5133648084275877 75.18773427068042
2459258 zg 4.2821672214450865 80.6255992503016
2459264 zg 2.522641464312501 73.00084353348316
2459270 zg 6.9071360272751425 80.1337574359419
2459272 zg 11.427037396549858 94.1669046666351
2459292 zg 2.8113908282312794 66.31455974007453
2459304 zg 10.928566325135582 76.03509543113756
2459306 zg 4.416232273974526 67.15887306236729
2459307 zg 2.790751865200223 61.353265320799906
2459307 zg 2.354782774931956 67.45910683206735
2459308 zg 2.4972126709611886 59.515469139712025
2459309 zg 3.073475566778227 61.65005652081132
2459313 zg 3.5370560149017916 69.18196460135253
2459323 zg 3.981673943718371 73.26153501999866
2459325 zg 4.413832710064199 57.895285390124826
2459334 zg 2.9398461943096086 55.67532830978173
2459336 zg 2.592578556449833 50.87782979362668
2459338 zg 3.1733984827692328 66.29679028899163
2459340 zg 2.729806883834618 57.42959258771309
2459342 zg 2.5901918026646906 49.406429578831464
2459344 zg 2.429156692858154 47.164366972057955
2459346 zg 3.206489078027354 59.280628429701316
2459348 zg 2.3311726223982214 48.09463833669229
2459366 zg 2.6824517850259166 49.341353015212874
2459368 zg 2.5790248685470476 50.69300591308349
2459370 zg 2.75499759251047 45.35591102878435
2459374 zg 2.9779994263788585 49.097154072242745
2459376 zg 3.1566742308102285 50.751244978638255
2459379 zg 3.2757682606015415 49.34985259298036
2459390 zg 7.382046637594368 39.698576793888115
2459392 zg 7.717838540568558 53.89435501772801
2459394 zg 3.4438318449275993 47.916652448344934
2459399 zg 4.221822079308203 55.514412559853064
2459401 zg 3.7537530069484615 48.04516793577603
2459641 zg 2.4275849369142435 15.58664324484646
2459675 zg 3.182949622439627 17.12891686182775
2459677 zg 4.127277052039988 11.302165031837728
2459679 zg 3.525942915946909 13.865149409904205
2459682 zg 8.403157012649423 11.259310604845979
2459694 zg 4.146327697333035 10.940899859182618
2459696 zg 2.7779295251041765 9.227988676662346
2459699 zg 3.5881887226043023 15.270286145698382
2459701 zg 3.3091249847341153 15.017805764665749
2459717 zg 7.057844814974826 14.684514970456036
2459722 zg 2.961587782187036 10.323643286948467
2459724 zg 3.053723877851975 8.213248535975357
2459730 zg 3.1335004756366063 11.668845403083578
2459730 zg 2.8295750908923827 10.042977021154924
2459734 zg 3.2517202131547065 10.650647025181996
2459736 zg 3.485314215247124 14.810956104521221
2459742 zg 14.33797407166637 -3.79742536240766
2459747 zg 5.680037714172184 9.740881196792207
2459749 zg 4.079652609791186 10.45900055167189
2459751 zg 3.59803756377491 7.402519788016761
2459753 zg 3.4438318449275993 12.18619432574546
2459756 zg 3.765823491579996 8.507284348114023
2459758 zg 3.485314215247124 13.755512442170085
2459761 zg 4.323377755012775 18.72124361709123
2459763 zg 3.7331485941024503 18.05521044993376
2459765 zg 4.240559718850753 15.543353751617095
2459769 zg 7.051730215822282 3.678161876001232
2459771 zg 8.751488026240754 10.272273076597383
2459924 zg 9.557851478876344 2.8737406337611295
2459937 zg 4.175417689812212 12.726728140239548
2460032 zg 4.469427607212351 6.177445604866169
2460042 zg 11.716141309016738 -1.074759857892289
2460044 zg 4.872825351617641 9.9471022007551
2460046 zg 2.5695408706969403 1.1438496106297382
2460050 zg 2.941177423563971 6.312310821341905
2460059 zg 3.038957382961029 4.090644031006206
2460061 zg 3.3582511384804072 6.007606489330167
2460063 zg 5.359964586092858 -0.45787534260358376
2460065 zg 6.923778507860145 10.637871556271831
2458198 zr 3.5308817646199033 5.1804928457149355
2458217 zr 4.7506260987078885 -10.579394561698692
2458218 zr 4.138376170067063 6.972156926211025
2458219 zr 9.201357555148526 -1.7570113102877247
2458224 zr 7.576348796068068 -20.080249323568108
2458224 zr 7.728145265832625 8.857303174939336
2458230 zr 4.385238193789559 3.663542164126241
2458231 zr 4.0740838641766235 2.2244634200035716
2458233 zr 5.580274075909681 5.187082912772464
2458243 zr 3.835705729453714 6.864928813129305
2458246 zr 4.385238193789559 3.9932132350968166
2458256 zr 3.8180822624645185 5.688187910801796
2458256 zr 4.085356540510437 3.6389106496645325
2458279 zr 4.65180939630528 3.079916644775493
2458283 zr 3.7656962099211517 2.03642332291574
2458286 zr 3.71745124381175 -1.9024570984079938
2458289 zr 6.187633894507975 -6.914661939412651
2458293 zr 8.036370675957066 -0.5370275439715759
2458296 zr 7.448610705991685 -1.012749581703214
2458305 zr 5.340407953669922 10.373614276791956
2458312 zr 5.291446799255557 7.674154818185527
2458450 zr 7.688505645833387 30.866942406171425
2458450 zr 8.634221458702998 9.442279386540937
2458450 zr 7.308730322982598 14.373509698459108
2458450 zr 7.469220438246716 8.86719445803711
2458450 zr 7.389957446548326 17.901158853006017
2458451 zr 6.314291245394837 8.670447531999198
2458451 zr 6.680819910102972 12.424046538528014
2458451 zr 6.992652356835892 0.7368165710463721
2458451 zr 8.596069672111133 18.879578555659204
2458475 zr 8.770476387579118 16.78070567643491
2458477 zr 5.928177840872738 6.069652112942741
2458488 zr 3.4952896822686736 16.989310290637295
2458503 zr 6.343436689540282 15.497371783323114
2458524 zr 3.7795951344980394 20.675550325420517
2458539 zr 4.924371966819968 21.494544845451436
2458543 zr 4.728798954465384 9.55187256203908
2458561 zr 8.531456557219038 18.871292176739892
2458568 zr 6.966937870431522 13.722088446399361
2458573 zr 4.856807050491947 22.10182511701479
2458584 zr 4.381201099587844 30.753190934163193
2458593 zr 9.273925927252664 39.88880113034581
2458596 zr 4.621914545949816 29.20927434886046
2458606 zr 4.033016182485165 30.01363946303706
2458617 zr 5.26228583254747 36.54555960595012
2458634 zr 3.741495965437966 34.63336399322271
2458637 zr 3.710609748741792 32.59843805305339
2458640 zr 3.5243836268903252 42.122350806108315
2458643 zr 4.7470292921510415 45.92075417246054
2458648 zr 9.45043734746703 45.36664234148804
2458651 zr 8.247074671978403 34.043714483076016
2458654 zr 5.513857396837066 40.926592200273035
2458658 zr 4.014486156312101 37.93115087152416
2458667 zr 3.673205967886301 35.09257112313427
2458672 zr 5.156730488763474 40.323329917708634
2458676 zr 7.168725279128752 41.38502501379189
2458679 zr 7.615094145815805 48.63446450321072
2458812 zr 9.42895629651848 86.97995845986708
2458854 zr 6.894665019920047 75.8115776076592
2458877 zr 3.846318831844678 88.56335855445644
2458884 zr 4.643248334178582 83.36766524703557
2458887 zr 4.660386243024899 84.92837511874394
2458895 zr 4.305198576405571 81.32414476534551
2458898 zr 3.1253208847172824 78.55131614900229
2458901 zr 3.4157271755357526 79.48016052673913
2458904 zr 3.919493644933455 74.75047264900229
2458908 zr 3.1513352986887897 82.28636929797987
2458914 zr 4.341034006470951 86.10810662595735
2458937 zr 4.021887928286693 85.97323591655953
2458940 zr 5.703374960374393 83.92590810269778
2458941 zr 4.604918111308266 86.86943206019214
2458955 zr 4.242220008558343 82.4351632456347
2458972 zr 5.884657942440022 80.5228347955698
2458976 zr 9.7674421115534 88.34804647585277
2458980 zr 2.841200804288439 85.0655186115712
2458986 zr 3.133968406944919 86.1028413883826
2458992 zr 3.096667770618407 82.5627670758107
2458998 zr 4.014486156312101 88.34451296366315
2459009 zr 5.029801549335349 191.08734135561414
2459017 zr 3.1834249380786974 88.53812891940022
2459020 zr 3.403166323725283 81.22212827144315
2459033 zr 6.926489347691781 82.39743075395651
2459037 zr 5.020817481570419 70.62957635114911
2459039 zr 4.081595520362199 83.69123188725118
2459174 zr 13.995866357448111 57.40217671813976
2459178 zr 6.236217069841798 55.76442068807755
2459178 zr 5.773717490109715 63.27462119059497
2459178 zr 7.076881729129173 40.68631511816629
2459182 zr 6.660772642114722 61.326872471408876
2459182 zr 7.622111137668673 50.89916648450043
2459182 zr 6.055098658197543 45.66582098134171
2459182 zr 6.102736374749567 33.7868643329345
2459184 zr 11.04804731622504 47.90855230287828
2459184 zr 9.709924852704734 51.71086540005122
2459184 zr 9.578635628614313 13.321292803323118
2459184 zr 10.339166413763328 27.65440333802833
2459185 zr 10.265517459664473 59.87621959582228
2459185 zr 8.642177533896781 44.83399630654347
2459185 zr 8.929268223937365 25.845882748244975
2459185 zr 8.406654203485743 36.31012274346094
2459185 zr 9.155111180358686 52.70947359855401
2459186 zr 9.580338319138464 37.8162646818569
2459186 zr 8.09580353322868 45.80856869007952
2459186 zr 7.1798136210988375 56.69096825607378
2459186 zr 7.387122091149941 40.362776416353974
2459201 zr 8.200870618570868 47.26490691432963
2459205 zr 4.077837962646786 44.83901672962559
2459217 zr 7.8462105899200285 30.87880326312016
2459218 zr 5.281708566037215 45.058134545688446
2459232 zr 3.425178229607808 34.206399771451686
2459251 zr 3.97401923292059 29.731816297228207
2459253 zr 3.4346554340187185 32.017300377105634
2459255 zr 3.4000333347231186 28.60700534596007
2459262 zr 3.7518483966663814 33.370438729713285
2459265 zr 3.4157271755357526 28.669185698204835
2459268 zr 4.951660383213955 35.47040440649145
2459270 zr 6.711657173695718 35.79101878313946
2459278 zr 5.123590763303628 26.978979393473374
2459290 zr 3.707193724243355 26.060508707658713
2459304 zr 10.698026097480756 28.71446614099357
2459305 zr 7.042278088049621 33.260113258717936
2459307 zr 3.4505090831806973 26.641387199700326
2459307 zr 3.2010658932816325 30.401906963418533
2459308 zr 3.3043281864040086 13.301740314979387
2459309 zr 3.4346554340187185 24.980429490763207
2459310 zr 5.911820289362414 19.758281763583582
2459317 zr 3.431493455826231 23.805042330132252
2459321 zr 3.440988133981801 24.229419944050214
2459323 zr 4.044175227706089 26.31699130872548
2459325 zr 5.015922876977934 32.8185884088027
2459334 zr 5.428196115255705 21.71628786049752
2459338 zr 3.8110555688343366 29.41210350771642
2459340 zr 3.148434147850492 21.678990941727108
2459342 zr 3.7449435980219388 23.4889876684143
2459344 zr 3.5829874026928015 9.764181760854449
2459346 zr 3.3781830224928076 15.97390506389138
2459354 zr 5.5854160658808665 28.722269745424136
2459362 zr 4.0966604074716395 26.50539196210615
2459364 zr 3.7449435980219388 21.385528092881263
2459366 zr 3.6630705337882357 14.364934120733441
2459368 zr 3.444158861124457 19.87132045101459
2459370 zr 3.5178974481547725 26.363073188079344
2459376 zr 4.0070980063551715 18.29967383475927
2459386 zr 9.993178685897679 -0.07914001553479366
2459390 zr 8.369507961794236 19.691283507657207
2459392 zr 3.7587659261418875 20.103391910722628
2459396 zr 3.472827205176761 20.065125606780466
2459399 zr 4.337037607086794 19.53342919955141
2459537 zr 12.00841769147877 14.963941078238296
2459537 zr 10.688177387508949 10.60082626014253
2459537 zr 10.434833542717794 -4.89130089530823
2459537 zr 10.838433965686509 -1.3000324013714781
2459537 zr 10.322964401945402 8.298361995992426
2459541 zr 9.436607003522136 7.249795310684629
2459541 zr 10.22832289543838 5.254529682644584
2459551 zr 4.115569732754323 15.486707917348348
2459551 zr 4.313136353975872 8.508851760726849
2459551 zr 4.475001528547674 20.22504378220028
2459551 zr 4.609161351411617 9.084466606023703
2459551 zr 4.446537011563696 -1.9509792407124351
2459601 zr 6.527165276707682 16.376796366335288
2459636 zr 4.010790380149369 4.068318321101925
2459641 zr 3.5049608796702754 9.980330714807629
2459670 zr 3.12820073764698 0.7365035100201718
2459673 zr 4.273593282197616 1.2195854417650906
2459675 zr 3.97401923292059 0.02512637892291547
2459677 zr 4.575324607768308 2.2478784565486736
2459682 zr 5.89022554166059 11.395305830684844
2459687 zr 9.471436868092256 3.1176140132980015
2459690 zr 4.656095844773284 7.371839811570756
2459696 zr 3.431493455826231 1.7318449634358632
2459699 zr 3.508190555031647 8.593096676009658
2459702 zr 3.71402892096443 1.2905990724426628
2459709 zr 5.23328557084344 6.5896382508082745
2459709 zr 4.413602205774879 10.391951347981216
2459714 zr 11.101113320491196 -0.15055576140302218
2459717 zr 5.214040906044671 5.23225955563223
2459719 zr 3.6361792255546637 -5.632983176945636
2459719 zr 3.66644590060577 -3.105165876896713
2459724 zr 3.444158861124457 2.18167487830578
2459726 zr 3.6799784991471696 -2.140885096031215
2459730 zr 4.092888980870255 7.835299734010195
2459730 zr 3.514658836530372 8.420537017821264
2459732 zr 3.6833694459500452 -1.9964638717614882
2459734 zr 3.8819083818103395 14.539577071040494
2459736 zr 3.472827205176761 4.498988645071451
2459738 zr 5.291446799255557 9.412660452392624
2459742 zr 9.7674421115534 2.0586342964033673
2459747 zr 3.428334388582551 0.23063957119773537
2459751 zr 4.716522511190795 10.012149368389117
2459753 zr 3.71402892096443 0.1024286541060615
2459756 zr 3.431493455826231 0.325229737863733
2459761 zr 3.5866019063847783 14.255665661199949
2459765 zr 3.9776811260038145 -1.854886107989051
2459902 zr 10.475301603478735 -20.868404476827745
2459902 zr 8.851628606431646 7.856711860108508
2459902 zr 8.352628845180428 -10.20269170509513
2459902 zr 7.306563628444012 18.04728454803021
2459902 zr 8.021580760298738 -1.44724367404498
2459904 zr 8.215991102724558 6.067277535301649
2459904 zr 9.437644686740182 18.023293351979042
2459904 zr 11.499680799416641 -7.991089091586822
2459905 zr 9.411603504568635 17.09930566691397
2459907 zr 13.92746593950433 -16.05299092964992
2459914 zr 6.267936813889838 -3.3026814374455973
2459914 zr 5.418206212355672 -3.0176439741788506
2459914 zr 5.513857396837066 2.4482483426341894
2459914 zr 5.9942095961319275 12.77084070780113
2459915 zr 5.734980223303002 -1.3133812105635125
2459924 zr 5.983030595076664 -3.4156155354249416
2460016 zr 7.362781927075737 6.151583848024335
2460021 zr 4.377167721975468 3.1812031099115172
2460046 zr 3.97401923292059 -5.636630969075867
2460055 zr 4.0740838641766235 2.0617593871357265
2460057 zr 3.4600563761128815 -0.8484084045658171
2460059 zr 4.242220008558343 -6.858691682907894
2460061 zr 4.062842292406259 1.149844972890065
2460063 zr 4.036732438798362 -0.888208343454443
