jd filt fluxerr adjflux
2458207 zg 9.794399144275463 2.971419552407623
2458207 zg 9.353578567317772 -6.059049508070347
2458230 zg 2.935093303720789 1.7408891218652136
2458243 zg 2.5564068030863827 0.9705529569077487
2458246 zg 2.5943583565108943 3.9479891231846347
2458267 zg 9.975390885273 -10.268489497309655
2458270 zg 5.877814404131037 -3.5806698583614476
2458273 zg 2.7289349785299293 0.5964716633955147
2458279 zg 2.4023997901053025 3.7880093348305355
2458283 zg 2.580060944001005 3.284592393766091
2458286 zg 2.7925000399195112 5.360069522325077
2458289 zg 4.628517793257125 4.284403905138454
2458293 zg 6.56402117361702 6.944579853826512
2458299 zg 5.498233551429095 2.387579240428572
2458302 zg 3.107068659417439 1.8779165544363425
2458305 zg 4.020912382775508 1.917576495850644
2458472 zg 8.161507508722439 12.048677071302425
2458487 zg 2.744057376778478 4.829645753080185
2458495 zg 2.227835781878112 7.902913563428134
2458503 zg 8.127241525511144 -9.709142271649423
2458511 zg 4.409910393304465 14.753689829152279
2458547 zg 2.5074366221167943 1.5779733697527485
2458561 zg 10.429527136610238 13.207284046010436
2458568 zg 3.188411993093916 -0.25890349861343065
2458573 zg 2.870925426075229 2.306613039462933
2458581 zg 3.141599725522319 8.243500234665307
2458584 zg 3.7062262235869916 8.839179926659174
2458587 zg 4.330251996978568 3.576471313369379
2458600 zg 2.572941812132137 7.388594018137269
2458617 zg 6.83130464011512 8.52152329119708
2458634 zg 2.5895837707149463 9.08977445931707
2458637 zg 2.7188997075307686 5.094960880287417
2458640 zg 2.3542104397315975 4.946905322283028
2458643 zg 3.9785170508889074 14.05640293541337
2458651 zg 10.401493182636063 17.57972618602396
2458654 zg 5.266231261795917 5.639213862053692
2458658 zg 2.3520431300220963 4.954574939485404
2458662 zg 3.447113076361757 5.537605288416044
2458667 zg 2.873570864193158 3.6000701619081124
2458672 zg 5.978343240324913 -0.4406153609057313
2458676 zg 7.197172639145305 4.042457763675344
2458836 zg 9.146857922594927 6.259443376824339
2458857 zg 3.1619198012696206 8.669227136509983
2458873 zg 3.047550074834997 0.747443177693266
2458877 zg 2.431337683195363 9.026063905348542
2458894 zg 4.704086260044193 1.826906132445841
2458898 zg 2.0440645863855647 7.01752317673205
2458937 zg 2.153194069556422 -1.0055336923282439
2458940 zg 22.969943035662027 19.098813206655528
2458955 zg 2.599141745524464 5.330561115459307
2458963 zg 2.599141745524464 5.159712152728289
2458963 zg 2.22168854076342 4.603521966261738
2458966 zg 4.962102066254835 3.0659551213042073
2458972 zg 5.467932990612887 1.2984371428192079
2458976 zg 10.967053345341913 15.960452575156609
2458980 zg 2.0086053452821577 1.509777227561334
2458986 zg 2.613544894331411 5.830804748069873
2458992 zg 2.417938671559121 4.979352488747232
2458995 zg 2.5540533493796667 1.0594157651321146
2458998 zg 3.19411722127909 6.933529971503006
2459014 zg 2.1891885851825714 0.7544793584232097
2459017 zg 2.225784813944341 4.02073014268792
2459020 zg 2.4001881167972043 3.051387836132444
2459023 zg 2.787360799616679 4.30473149454321
2459026 zg 5.907188723722823 -8.856877754752848
2459033 zg 7.126949032546932 11.545219564433115
2459039 zg 4.468000063871218 4.459392900184782
2459043 zg 3.806459590543076 -0.9189770440542198
2459204 zg 3.6824081629360843 0.9120664836711891
2459217 zg 7.896956770791539 -12.659658251127926
2459218 zg 6.070379866814964 0.6667352701947713
2459227 zg 3.3664675613474255 3.968802748131268
2459231 zg 2.805389634456188 3.9531688672509047
2459251 zg 2.787360799616679 2.5756654462895394
2459253 zg 3.652009718694832 -0.931042392462601
2459255 zg 2.179130177294862 -2.0303030981293064
2459258 zg 3.7751301135260342 5.736228629712909
2459264 zg 2.380374456440011 -0.41820231492515864
2459270 zg 7.370310521178389 -4.0652599477831926
2459272 zg 11.57580013304475 -17.098415786526473
2459292 zg 2.6768865439432883 8.29623947485249
2459304 zg 10.936792083816314 12.710497020480203
2459306 zg 4.020912382775508 -0.8998337421820891
2459307 zg 2.433578059530566 3.907107617567207
2459307 zg 2.3913617657149855 0.38128003093011453
2459308 zg 2.582438362622139 0.9315103569820758
2459309 zg 2.9759245188419956 2.5961785076549537
2459313 zg 3.156100690993992 2.215195849181723
2459323 zg 4.002437968510563 -1.8504018412133139
2459325 zg 4.223084437928655 -0.027008683271246614
2459334 zg 2.5236548887785397 -3.684337831435152
2459336 zg 2.3781830598746807 -0.7828179092805343
2459338 zg 3.0006953936534946 4.21444962877438
2459340 zg 2.5166913974755474 -4.236264536290188
2459342 zg 2.5213315868121633 -3.880270502739704
2459344 zg 2.1731173289830132 -2.8005249298320893
2459346 zg 2.873570864193158 -4.427395077959572
2459348 zg 2.2094448977616508 0.4788312890360995
2459366 zg 2.7239127216185777 -2.2954532233149387
2459368 zg 2.3672563012528895 -1.753198998865935
2459370 zg 2.68653923798228 -5.00715847217514
2459374 zg 2.442560228036951 4.526446230781261
2459376 zg 2.9432144808799823 0.24732374287239273
2459379 zg 3.141599725522319 1.1645913791685445
2459390 zg 7.935273872177227 15.894740592034859
2459392 zg 7.472841753837613 -1.6073409665263403
2459394 zg 3.479008820950785 -0.6967037928100588
2459399 zg 4.37031932538995 -1.7991231952793427
2459401 zg 3.636265034504371 8.280065283113858
2459641 zg 2.2033484023975594 -0.3202083002937089
2459673 zg 3.371751271054243 -7.007900234132046
2459675 zg 2.8028069646612215 3.1901659574498793
2459677 zg 3.8134778102660087 -2.5208597654918243
2459679 zg 3.6654890342860638 -0.6969936098514742
2459682 zg 8.293053034288944 0.4050118257448082
2459694 zg 4.0806054922312915 1.69659427454521
2459696 zg 2.5871997739595565 0.9556139567229254
2459699 zg 3.1942906778408617 -7.013644006930245
2459701 zg 2.7925000399195112 2.43845389075147
2459717 zg 7.106987073955676 3.368377379065462
2459722 zg 2.7950732123129236 2.6207560741497793
2459724 zg 3.011770753063728 4.68054511433911
2459730 zg 2.894822313873349 -3.2564251694662403
2459730 zg 2.7289349785299293 -2.1678617602048007
2459734 zg 3.2357460824685607 -4.519496974138724
2459736 zg 3.382006469589624 4.302411936732185
2459742 zg 14.451586317576217 6.75870487815187
2459747 zg 6.068088515845957 6.188271183032694
2459749 zg 3.9167082580884385 2.802810737669449
2459751 zg 3.566609236147841 4.112302779386291
2459753 zg 3.679018101099978 0.02381226186309745
2459756 zg 3.7994542869587713 -3.260438517083382
2459758 zg 3.3263997093765725 0.9449751743315882
2459761 zg 4.325434749694432 4.4866602675729945
2459763 zg 3.6452886604085917 -1.8086547829075077
2459765 zg 4.235582747464652 -8.08645472745243
2459769 zg 7.179356603293562 5.428066422402788
2459771 zg 9.262010576206482 -6.314266820497791
2459924 zg 9.203291255591928 8.460372574597079
2459937 zg 3.809967084399837 -2.7322630148065135
2460032 zg 3.9821830885239096 6.168346101752355
2460042 zg 11.252607726200605 3.905099059783539
2460044 zg 4.760748912880022 -0.9131568915033463
2460046 zg 2.380374456440011 -0.9132030441016049
2460050 zg 2.7491167757145476 -0.7301035491928076
2460059 zg 2.7925000399195112 2.4098861599999983
2460061 zg 3.2777394940424625 -2.009135599174801
2460063 zg 5.217469996317457 2.5960551182401326
2460065 zg 7.193935438733103 0.5566420735707882
2458198 zr 3.1556089197974826 0.03883027054935606
2458217 zr 4.437627562476819 -1.9643536922377076
2458218 zr 4.047558999532046 7.595546639919958
2458219 zr 8.738802158120365 11.129571767301307
2458224 zr 7.809499180320531 -2.7107766470049595
2458224 zr 7.506888412794109 5.743328132296742
2458230 zr 3.9227730953580924 -1.375071937424944
2458231 zr 3.7258894475790787 3.6427454850769325
2458233 zr 5.327603856296181 3.9195293692282
2458243 zr 3.517590512460174 8.537174251224876
2458246 zr 4.184291301715299 -1.2894043604172594
2458256 zr 3.4470317310390763 2.7160873755207393
2458256 zr 3.8440868217797597 -6.929410900220464
2458279 zr 4.545177522984508 5.24559531697539
2458283 zr 3.1585166818890675 0.7597454166320994
2458286 zr 3.393479900717567 -1.5812586964544673
2458289 zr 5.892839461249529 5.841051996405653
2458293 zr 7.76783383528347 5.865528949095681
2458296 zr 7.292319581601009 8.304753578636356
2458305 zr 5.1824118605955585 -3.5444838104792105
2458450 zr 7.242690497241912 -12.70882509865861
2458450 zr 8.11453471900714 0.3322090197890595
2458450 zr 7.057647449808425 -10.19980890699462
2458450 zr 7.2353569293574305 -3.308894054313259
2458450 zr 6.478014825744449 -2.5326052517352644
2458451 zr 5.910575441478656 -4.847714459633472
2458451 zr 6.115468942717695 4.824472167100418
2458451 zr 6.132389974370213 5.623245066535071
2458451 zr 8.399470463718965 1.1259095707046862
2458475 zr 8.284225408531299 -2.6085765204189295
2458477 zr 5.583689034655287 5.014742066711742
2458488 zr 3.4982052018413525 8.571970606989368
2458503 zr 5.895507873051908 21.324093554720047
2458524 zr 3.466133463774468 6.149547010906055
2458539 zr 4.7552618231578485 3.5987932719993485
2458543 zr 4.069988555240395 11.39037741714103
2458561 zr 8.246162850213208 -3.2997464921648385
2458573 zr 4.192006154596732 1.4542389646045497
2458584 zr 3.9155537315971927 0.4764997218498661
2458593 zr 9.57568769282185 14.161281606324975
2458596 zr 4.528463277851754 6.34990959521684
2458606 zr 3.482132408920176 8.010458398992329
2458617 zr 5.092510400100635 -6.293539594430264
2458634 zr 3.274033923498672 13.567547449632608
2458637 zr 2.892641509814359 2.8676973592778245
2458640 zr 2.900645226128746 3.6724756973228847
2458643 zr 4.39289527853844 -2.055876803772427
2458648 zr 9.466312691204486 19.69927055392316
2458651 zr 7.881759586551972 2.671880740810046
2458654 zr 5.29824362939015 5.059934513407339
2458658 zr 3.7190324230708804 5.87365916416139
2458667 zr 3.784686966742591 11.00398684189927
2458672 zr 4.7552618231578485 4.34332310514883
2458676 zr 7.022078709442898 -0.09690243353910155
2458679 zr 7.947365444085225 5.164445202990679
2458812 zr 8.726013264329584 4.437571527996591
2458812 zr 10.265179216139469 3.11848793954996
2458854 zr 6.424538523346365 -4.519352999594409
2458877 zr 3.362368289982499 -3.104764259065618
2458884 zr 4.409109151550752 -2.4357105058140127
2458887 zr 4.085280787389624 -6.855310391877687
2458895 zr 4.470445969713101 1.3213580145658548
2458898 zr 2.6393800452760745 2.333334930248383
2458901 zr 2.943707227110766 6.278828840681653
2458904 zr 3.6849361288705786 1.4612794751632303
2458908 zr 2.9572947623121157 7.527137157393121
2458914 zr 4.134489673918532 -3.883645439859594
2458937 zr 3.674768327877047 0.27634565806324374
2458940 zr 5.40669566677513 8.768698783413683
2458941 zr 4.092813088078435 -7.021926792111219
2458955 zr 3.940879793275986 0.3550050502400315
2458972 zr 6.053823640287379 0.725329196564011
2458976 zr 9.462717368449953 26.2485269984448
2458980 zr 2.3406929031476325 -2.7436608092605996
2458986 zr 2.879351029325114 -0.9658027235994744
2458992 zr 2.6540061746957795 2.941069100503488
2458998 zr 3.7534442063970546 5.830282750355684
2459009 zr 4.991781071482916 -0.08690276050452272
2459017 zr 2.9140339961645827 2.233833888761511
2459020 zr 3.1556089197974826 0.10290352659141488
2459033 zr 7.146044117874219 1.8695706684222704
2459037 zr 4.786019172561674 3.172620818264683
2459039 zr 3.4217264053798226 0.25114429234190083
2459174 zr 12.596786266738041 11.278554663389286
2459178 zr 5.49188233350133 -2.1127319230199872
2459178 zr 5.356994786036864 -9.086650677934324
2459178 zr 6.786959801435134 -2.6352868970551753
2459182 zr 5.716426314665479 -3.9468486623764205
2459182 zr 5.532497465883911 -0.022237435561432095
2459182 zr 6.184622137659906 -6.275720996872759
2459182 zr 7.195483146147929 -7.047731700702594
2459184 zr 9.956430189856157 6.097199477413634
2459184 zr 8.970483853398594 9.072264564876301
2459184 zr 10.380169128338643 26.992543983189574
2459184 zr 9.646504545711391 13.178053706913127
2459185 zr 8.219844897093182 1.8210058735209105
2459185 zr 8.129496019988462 -1.3433504791190598
2459185 zr 8.126432396702887 18.17818614200616
2459185 zr 8.92589774501408 16.780298334205334
2459185 zr 10.694535348198842 4.2173306702467315
2459186 zr 9.720836823414098 -0.8206482031925506
2459186 zr 6.719131962743066 17.895828640246744
2459186 zr 7.329931681726213 -11.644411779785177
2459186 zr 8.022318991448309 14.278000974709979
2459201 zr 7.6952579751235675 -7.602682134616115
2459205 zr 3.6883316439226075 -0.07181275523389968
2459217 zr 7.349536655754094 -1.1468379328373102
2459218 zr 4.999561610106675 -14.726224359574951
2459232 zr 2.911351307282089 1.1987401893102188
2459251 zr 3.8975633963628264 -4.076443653252929
2459253 zr 2.935584690322684 3.557400017978355
2459255 zr 2.879351029325114 -1.9959914320478944
2459262 zr 3.402869398293317 -2.00600872672656
2459265 zr 3.1701745487718993 0.6195147192615267
2459268 zr 4.4952189543516035 0.8797354340327844
2459270 zr 6.424538523346365 -7.20419043183671
2459278 zr 4.905186562812265 -5.926704804086526
2459290 zr 3.2320879865789474 6.189543175030661
2459304 zr 9.723092775468013 6.9829526119264225
2459305 zr 7.875170411191969 19.10974531295603
2459307 zr 3.1585166818890675 -0.48596674667209727
2459307 zr 3.1672560543312898 0.30475434227673104
2459308 zr 3.402869398293317 -2.0619208889994
2459309 zr 3.1789461776340904 1.360357257153781
2459310 zr 5.225549001543754 -2.5870404937900036
2459317 zr 2.919406792165357 1.8825436372622246
2459321 zr 3.2202024418174666 5.081103607037242
2459323 zr 3.6243486162324428 -5.200739497024466
2459325 zr 4.6641706745360025 -4.943633779441555
2459334 zr 4.991781071482916 -1.0380928318189562
2459338 zr 3.440687908606105 1.0679564650410878
2459340 zr 2.813808998053924 -8.561515431111632
2459342 zr 3.184807409634935 1.8596310371824014
2459344 zr 2.9086710881098607 0.7982996349454575
2459346 zr 3.132442985277754 -2.881541371801127
2459354 zr 5.630166309595582 4.784094416827944
2459362 zr 4.400994748282252 -5.233725637490681
2459364 zr 3.7396414481460187 3.706048369636695
2459366 zr 3.1295592268923986 -3.157968439140517
2459368 zr 2.882004231285253 -1.85242469370891
2459370 zr 3.152703834620789 -1.0667649702267767
2459376 zr 3.6043749656703077 -6.792735380221059
2459386 zr 8.814869127772758 3.690906590029721
2459390 zr 8.893074023127392 15.404895115194957
2459392 zr 3.440687908606105 1.0282189280985574
2459396 zr 3.1672560543312898 0.23286889217429663
2459399 zr 4.2817559667065686 4.217622696234629
2459537 zr 9.705198662828609 6.31185516005023
2459537 zr 9.611030894608495 11.753598630368105
2459537 zr 9.186920819692618 -1.4027346021704385
2459537 zr 10.396894880935058 18.698267320954745
2459537 zr 12.032667619343686 40.21705027462848
2459538 zr 19.82552921626313 8.476283653438763
2459541 zr 8.376293903491241 -2.1900787375754773
2459541 zr 9.289021611435228 1.7635568919569364
2459551 zr 3.988349310468062 2.2925008810270326
2459551 zr 4.036390617509253 5.769846639595253
2459551 zr 4.219120328914539 -0.0906178587795721
2459551 zr 4.172745635856532 -3.237535561131145
2459551 zr 4.081249900169735 9.016869793192777
2459601 zr 6.687676806528991 -7.132339134732016
2459636 zr 3.4629425065925177 2.8098025753011013
2459641 zr 3.4217264053798226 -0.6331464008752757
2459670 zr 2.6151820635720617 -2.473109530843166
2459673 zr 3.440687908606105 0.9467422563165009
2459675 zr 3.674768327877047 -1.4256368199899287
2459677 zr 4.203605112827718 -1.1632396031720422
2459682 zr 5.89826946719537 4.67516725065336
2459687 zr 9.153137222502217 -2.474843654758617
2459690 zr 4.269941367742086 3.3369552114292254
2459696 zr 3.1295592268923986 -3.2591610695161446
2459699 zr 3.431194058858897 0.15130169835800883
2459702 zr 3.193619526496353 2.5363500276622024
2459709 zr 5.098653866210989 4.940917198534674
2459709 zr 4.4458095080725055 -2.4768294336854133
2459714 zr 10.1804397021527 -2.999798670270454
2459717 zr 4.964271551466566 -2.73888388209189
2459719 zr 3.1585166818890675 -0.6411037414963301
2459719 zr 3.146901685156824 -1.692005614024971
2459724 zr 2.919406792165357 1.7372401613899537
2459726 zr 3.715608644574091 1.7370879502024033
2459730 zr 3.4789267229490872 4.135322122035163
2459730 zr 3.208360604459653 3.8678355751328444
2459732 zr 3.1730957324834845 0.6769933123496705
2459734 zr 3.6444329508162476 -3.783361219858852
2459736 zr 3.1295592268923986 -3.2623910586109788
2459738 zr 5.037969453057112 1.4709353824514904
2459742 zr 9.798734112333639 17.547745829632294
2459747 zr 2.6662565105957445 3.0656634954610302
2459751 zr 4.503507084981628 1.205025748900508
2459753 zr 3.6883316439226075 -0.38019198189430786
2459756 zr 3.2054069555537303 3.5988263703597627
2459761 zr 3.4248793836424207 -0.38068988442385937
2459765 zr 3.691730287800222 -0.11735597559490565
2459902 zr 6.843452810759645 -0.6496946803385919
2459902 zr 7.390264126773009 0.14102640861023638
2459902 zr 8.523602412865316 22.053436901759206
2459902 zr 10.19261888425366 -16.511500334832924
2459904 zr 13.5617096694024 40.783689092689
2459904 zr 10.244803975477646 14.19972903689117
2459904 zr 7.991405784444272 2.7925489624321074
2459904 zr 8.22651452445654 -15.764717329146123
2459905 zr 7.383460575600444 -0.12286438452660027
2459905 zr 8.858921349417724 -3.530458624709389
2459905 zr 9.010937414175771 -6.897495521294992
2459907 zr 8.391737827084864 -1.700719611812848
2459907 zr 9.235319130255709 26.921366716613047
2459907 zr 12.845267900119707 4.127448084455263
2459914 zr 5.627617996107848 -8.69410057190142
2459914 zr 5.122188183159544 6.276066852409127
2459914 zr 5.179114707206011 9.52907675600299
2459914 zr 5.431651840072091 8.440742833800225
2459915 zr 5.327603856296181 2.792286572285145
2459924 zr 6.085897165926302 13.922505941340155
2460016 zr 7.654202131300616 0.13899203398176102
2460021 zr 3.746536470868248 4.125476688451953
2460046 zr 3.4470317310390763 1.4613917168828117
2460055 zr 3.988349310468062 2.257872133484939
2460057 zr 2.9545722471350278 5.197508876929956
2460059 zr 3.8903904278388985 -4.8326659570851875
2460061 zr 3.6781544737242537 -1.1781423337972483
2460063 zr 3.671385299349628 -1.7031275913525483
