jd filt fluxerr adjflux
2458207 zg 9.156745399051424 12.758648694161502
2458207 zg 9.11562161237127 -10.4361696211609
2458230 zg 2.72041432004363 -1.9802293730039064
2458243 zg 2.4320094823203893 -0.7782286782644068
2458246 zg 2.3158997292124406 0.19248277789475843
2458267 zg 9.704331893523436 7.267795636530197
2458270 zg 5.811556116331168 2.420705339808828
2458273 zg 2.382526774451287 -1.2711740204545343
2458279 zg 2.116751767953473 2.376849915037951
2458283 zg 2.210494981920558 1.2509749685282774
2458286 zg 2.6075991890843793 7.344348627918459
2458289 zg 4.425643232787287 -5.477896713702383
2458293 zg 6.61755093739874 -4.105485012839905
2458299 zg 5.377697603686661 2.790918226240519
2458302 zg 2.780023043303269 -4.435999030919156
2458305 zg 3.8710001099993416 0.5365766065607929
2458472 zg 7.945434142108753 -5.463155542637946
2458487 zg 2.4165910217868944 0.19248277789475843
2458495 zg 1.9329244213730672 -2.189996806581542
2458503 zg 8.034421381128633 6.35255590497516
2458511 zg 4.400986391399441 -1.9590393227827256
2458547 zg 2.362200348218399 4.978229405771435
2458561 zg 10.568436948764342 17.289787453842493
2458568 zg 2.832706514690146 6.116590749921757
2458573 zg 2.4139131183718923 -3.3146179855522657
2458581 zg 2.753886542560632 0.17990216080055
2458584 zg 3.4414038922554053 1.2374198929220626
2458587 zg 4.438666257806825 4.115356604569586
2458600 zg 2.3210887962978 -3.144801672459101
2458617 zg 6.729508808258207 3.246574127323518
2458634 zg 2.174452610900708 -2.933388501880442
2458637 zg 2.3249371155211147 1.5523671898927862
2458640 zg 2.08251737511948 -0.09396000564340845
2458643 zg 3.684769858428937 4.229119522051414
2458651 zg 9.960960444111556 6.480789176167859
2458654 zg 5.0900380212698755 -7.098831691447787
2458658 zg 2.1660868216733737 4.343618265641803
2458662 zg 3.1266096023402157 4.876545145885016
2458667 zg 2.7653081618803523 2.5825492906042005
2458672 zg 5.956415095257532 4.591472670668301
2458676 zg 7.807704598831185 -5.616591798822547
2458836 zg 8.917170876301146 -9.123671011816814
2458857 zg 2.7589036916233916 1.8881991409430103
2458873 zg 2.7420494142594842 -2.022492552458866
2458877 zg 2.241764119688483 -2.9818138015614526
2458894 zg 4.3433994034250665 -5.314240673285099
2458898 zg 1.7587787538075341 -2.1065532323630674
2458937 zg 1.9179176887276346 1.40090770638054
2458940 zg 27.54617390205378 3.5104230265356673
2458955 zg 2.25851224808541 -3.780753326582719
2458963 zg 2.3427033302722275 -2.962470438379358
2458963 zg 2.03760989792264 2.217079460214007
2458966 zg 4.795331433868072 1.9307025066498127
2458972 zg 4.814712779683185 -1.3160446503147998
2458976 zg 10.975475772568114 25.469677074904016
2458980 zg 1.656102829813033 1.3872146011956965
2458986 zg 2.0622724677005095 -3.2489126373386514
2458992 zg 2.0726058956399385 2.7161921263436346
2458995 zg 2.1293195293752603 3.5260725802442034
2458998 zg 2.738793075226394 -6.541555572048005
2459014 zg 1.9615599301042161 0.0921618203077771
2459017 zg 1.8967580763191416 3.001992089901852
2459020 zg 2.1089677138090814 2.3185659921454636
2459023 zg 2.3928569105426765 5.217693773897763
2459026 zg 6.712968580000407 2.4060837923587832
2459033 zg 7.05315399169305 4.050749649176633
2459039 zg 3.9515158939286206 9.227322567066029
2459043 zg 3.710094750491454 -3.351053614365219
2459204 zg 3.2055764009412697 80.6863976935018
2459217 zg 7.51048158373232 81.56340561066713
2459218 zg 5.8249514994939995 72.06470071197205
2459227 zg 2.89073478750217 69.26688542681174
2459231 zg 2.4560475798965133 68.16674453937108
2459251 zg 2.4479534645735845 62.71920488653875
2459253 zg 3.2484927580933993 53.674722168785664
2459255 zg 1.8978189758250321 61.572586419483855
2459258 zg 3.4179868263145226 55.04811509462788
2459264 zg 1.9527238799920514 59.977094384561035
2459270 zg 6.933271358425641 57.91571621569091
2459272 zg 10.821183749542065 66.83883587205608
2459292 zg 2.3480952083167645 47.70054414055622
2459304 zg 10.368313980505643 36.59371815589115
2459306 zg 3.7035861396266636 47.87292405100269
2459307 zg 2.1726443152182187 45.67680648906084
2459307 zg 1.9683351735697532 45.15954328018729
2459308 zg 2.216343324650031 41.24169876680496
2459309 zg 2.5713970972459546 44.754950065429846
2459313 zg 2.9003353442604736 45.25391512888221
2459323 zg 3.5875341924629716 39.10450416860074
2459325 zg 3.911162459697312 43.362575592381376
2459334 zg 2.400567426543971 36.50622996074394
2459336 zg 2.1040578552246854 33.46707754353777
2459338 zg 2.5982064546554247 39.59223467476567
2459340 zg 2.254082416547493 34.32578610769737
2459342 zg 2.052053283980732 36.66769414128879
2459344 zg 1.8427415187802099 36.955931202425205
2459346 zg 2.739386419312593 37.36844123722807
2459348 zg 1.8784583984891887 35.222171206913615
2459366 zg 2.4066722117354895 34.85239543550568
2459368 zg 2.167479306883358 31.501737174176107
2459370 zg 2.4911116226264007 36.02227471358163
2459374 zg 2.29702257746989 29.266141740835558
2459376 zg 2.709744198207724 24.89761585825873
2459379 zg 2.914321171324628 30.222327059043863
2459390 zg 7.688476732723167 41.76562553292043
2459392 zg 7.307412944911395 24.47814544249787
2459394 zg 3.3332331556471098 27.340888768283868
2459399 zg 4.235030583000872 21.185353986643506
2459401 zg 3.213622932902586 24.846514018459793
2459641 zg 2.1057991375592824 7.2686563113629346
2459673 zg 2.833648934533153 6.09031025084562
2459675 zg 2.4332606537181514 7.611323847482908
2459677 zg 3.7921407387272192 10.215548692240988
2459679 zg 3.2553292309325386 4.000803680924184
2459682 zg 7.974288348181833 1.4919850435595734
2459694 zg 3.693031519722386 2.370277372227818
2459696 zg 2.301697335956143 3.316176369210173
2459699 zg 3.199304153941052 9.558574736237968
2459701 zg 2.674876029326744 6.192341480305553
2459722 zg 2.4019170239714605 3.9937311953020247
2459724 zg 2.654563924232843 9.855198665152471
2459730 zg 2.1978758529187377 2.9301003783841026
2459734 zg 3.2010284446500306 11.732977940890386
2459736 zg 3.4277314717882925 7.055515441977796
2459742 zg 13.879455607229051 -4.704923008483339
2459747 zg 5.990568152015557 16.679105073784314
2459749 zg 3.7821383505204196 8.022148838546425
2459751 zg 3.2265031717372135 7.221740703215003
2459753 zg 3.409219025408003 6.682750770192386
2459756 zg 3.529008020852712 2.3899138054141393
2459758 zg 3.082761862701846 9.036720953535113
2459761 zg 3.9912433002735814 7.68586504213643
2459763 zg 3.1600093269432437 1.938231100283283
2459765 zg 4.228650269285681 4.830316246552866
2459769 zg 6.975112543353923 7.734606959205185
2459771 zg 9.375698465848352 2.8019229006109216
2459924 zg 8.456551675511404 6.011664649817046
2459937 zg 3.5843790633557573 4.2266939553477485
2460032 zg 3.897208218859701 4.289461378738583
2460042 zg 11.751031195963838 -9.94057138558159
2460044 zg 4.625378641037436 -2.4431743034638016
2460046 zg 2.073110713936921 3.603012711465757
2460050 zg 2.6297772954713903 -0.9937641321672036
2460057 zg 2.977155928086928 7.722409444520185
2460059 zg 2.5865084932716647 -0.7161040156801763
2460061 zg 3.273962173220507 6.3344186942552145
2460063 zg 5.008873114152364 -3.622142794156757
2460065 zg 7.175865226150014 1.297998617358941
2458198 zr 3.1403701887045377 2.5653134830718756
2458217 zr 4.253467965510971 -1.5061029683869975
2458218 zr 3.5105113743220615 -9.078153797829046
2458219 zr 8.70211679241032 -12.598491474415681
2458224 zr 7.540865271543214 -3.6095036607773636
2458224 zr 7.561034418298721 0.012188971904166124
2458230 zr 3.7177979675400015 0.7349469567903242
2458231 zr 3.824462302990178 -1.1509935705636707
2458233 zr 4.983165057716883 6.328766346103578
2458243 zr 3.4395660451135948 3.213948993657482
2458256 zr 3.63371799261118 -3.7826973191823043
2458256 zr 3.267415987381451 0.8256667275838367
2458279 zr 4.307841944963408 3.9603855461537876
2458283 zr 3.1129344326664246 -1.1509935705636707
2458286 zr 3.361271963220787 0.9164700928650547
2458289 zr 5.828546661695717 -8.58695903015851
2458293 zr 7.452963944484715 4.712342358837063
2458296 zr 7.494031620270895 9.342316158822356
2458305 zr 5.127382169161565 5.374864994836116
2458312 zr 4.858362947317396 -3.5227871201479957
2458450 zr 6.7861708457646595 3.213948993657482
2458450 zr 6.969871784976102 5.946151192971655
2458450 zr 8.016501487570407 -4.128129000052041
2458450 zr 6.510801057823968 0.46328844210971454
2458450 zr 7.084898758617669 6.232980366684544
2458451 zr 5.798049288578099 0.644310703526628
2458451 zr 5.889012530389312 3.7732604717617306
2458451 zr 6.157436885407901 -2.212408972960773
2458451 zr 7.953898072894257 6.328766346103578
2458475 zr 7.683147196635495 -16.728400167681244
2458477 zr 5.9590459139614405 -1.1509935705636707
2458488 zr 3.3892503768133273 1.7374748655439305
2458503 zr 6.012372289143187 1.1893825262765603
2458524 zr 3.16959979209505 -2.1244050678088655
2458539 zr 4.581184667570887 -3.8691745838792997
2458543 zr 3.679343919172624 -4.81518620513819
2458547 zr 3.204825811196729 -1.0620116153590118
2458561 zr 7.622330764591367 -26.98376047869438
2458573 zr 4.269167221942524 -1.1509935705636707
2458584 zr 3.964191312382162 0.10224275133965932
2458593 zr 9.203206222036417 -0.7052631070294382
2458596 zr 4.1563723085795345 2.5653134830718756
2458606 zr 3.187164135225857 -1.594676088644647
2458617 zr 5.683291985114761 -9.566641609385002
2458634 zr 3.170808204691148 0.644310703526628
2458637 zr 2.897449456554341 -2.3881738060210296
2458640 zr 2.9135056780956265 -1.8599065018091778
2458643 zr 4.187933596008624 -0.9729476669912458
2458648 zr 9.519700883473774 4.61804447553007
2458651 zr 8.29699550208887 8.26312973935606
2458654 zr 4.986281404744434 -2.738733649151257
2458658 zr 3.6667878671061183 -0.6158704297807844
2458667 zr 3.252403574580486 0.3729022803954507
2458672 zr 4.992242678905628 2.6577198603281573
2458676 zr 7.12386238204126 4.054077424169037
2458679 zr 7.431935449977257 -17.026225864024994
2458812 zr 8.426079147929116 -1.4174482316908126
2458812 zr 9.912516796945948 -6.510843430569338
2458854 zr 6.408800190550185 6.137282568797531
2458877 zr 3.361131666668577 -1.6831676676003013
2458884 zr 4.131407265870355 -6.174206184064943
2458887 zr 4.187933596008624 -0.9729476669912458
2458895 zr 3.9459775077630646 -0.3471978645999769
2458898 zr 2.6476685867217196 -4.986160958534981
2458901 zr 2.9374465526662896 -6.594809136632136
2458904 zr 3.6031785682998096 -2.300331860836579
2458908 zr 2.7775611100408693 -0.43683788450303496
2458911 zr 4.099615876214275 -4.986160958534981
2458914 zr 4.341099966738625 2.5653134830718756
2458937 zr 3.6271199683317086 0.7349469567903242
2458940 zr 5.665415467999062 3.1210305462901147
2458941 zr 4.19828681515525 -8.340341853333925
2458955 zr 3.5955918265129183 -6.929899675484719
2458972 zr 5.541829744772713 2.5653134830732394
2458976 zr 8.544656609656501 -13.378866682949035
2458980 zr 2.4191661281001116 -0.43683788447276134
2458986 zr 2.658417478444357 -1.5061029681082583
2458992 zr 2.631620032331934 -2.4759348806851924
2458998 zr 3.6639641809554626 -3.0008072596835396
2459009 zr 4.731270717333072 -0.7945728873782802
2459017 zr 2.870885480266233 -3.262151403322235
2459020 zr 3.091582540485946 1.0073719317176497
2459033 zr 6.790715270628812 -0.7048212368836128
2459037 zr 4.561126371278341 -0.6147163990792213
2459039 zr 3.639869269210727 -1.326874570099059
2459174 zr 12.578010181734758 67.98511014431762
2459178 zr 5.153828022139985 53.92851881033763
2459178 zr 4.975443100136355 46.00865640617247
2459178 zr 6.685217189871435 52.95600344546644
2459182 zr 5.928750746353423 42.02465748281908
2459182 zr 7.228050556377666 46.401293702247244
2459182 zr 5.5434072388086015 61.788040690235675
2459182 zr 5.504192553440611 52.58592764744823
2459184 zr 10.562918677960466 52.77208350692111
2459184 zr 9.041142258254299 52.77208350692111
2459184 zr 8.513749242592953 64.3302837281484
2459184 zr 9.494918209326618 53.76176732993701
2459185 zr 9.988106742406952 45.64601378516496
2459185 zr 8.206939180706279 61.35383073381758
2459185 zr 7.662959524450834 61.941663421054734
2459185 zr 7.951069218112863 46.14680157562679
2459185 zr 8.713270866355975 67.89838600436624
2459186 zr 7.571687024533832 61.73626751414252
2459186 zr 9.003780682067353 43.04156596573697
2459186 zr 6.420616516673678 59.01812642887966
2459186 zr 6.905749833897624 65.23401761328648
2459201 zr 6.966264643126105 58.67037885579393
2459205 zr 3.452261245781226 50.82540014642093
2459217 zr 7.089113275851619 42.58476209872977
2459218 zr 4.913339621414121 39.71006704668011
2459232 zr 3.032360605891178 39.56535212895165
2459251 zr 3.5674830657543266 35.38109796852685
2459253 zr 3.0395960314651966 38.13905261927335
2459255 zr 2.847499278926649 37.453392193249506
2459262 zr 3.2001473317801623 35.59769604976805
2459265 zr 3.1825114387355327 34.468690709109524
2459268 zr 4.238378977817579 33.08173853066809
2459270 zr 6.46300400983419 32.25600949979573
2459278 zr 4.7062186986844665 33.52544828588786
2459290 zr 3.015649379258842 27.565636937075595
2459304 zr 9.8357570812519 29.770659117034835
2459305 zr 5.840398468308172 29.524660166600277
2459307 zr 3.1053006413900768 19.690527473312166
2459307 zr 3.0435528394123383 25.758941229038122
2459308 zr 3.1311484117057953 20.29837828913501
2459309 zr 3.1980520331770297 19.6422562169689
2459310 zr 5.004685424957498 23.447851845779326
2459317 zr 2.562259922633922 19.83111386092392
2459321 zr 2.997891210440162 25.16974049503434
2459323 zr 3.376786889671662 25.347836738305997
2459325 zr 4.527642261701148 22.373371905676557
2459334 zr 4.471961016051661 23.879023852977067
2459338 zr 3.2136933174337847 21.20120000149688
2459340 zr 2.669707138670463 17.53010771644104
2459342 zr 3.121547682535036 20.612089661216782
2459344 zr 2.6369380492380126 22.257583800778303
2459346 zr 2.875093066065204 20.83969964620439
2459354 zr 5.277803044635343 17.850971728558058
2459362 zr 4.365156180261573 22.282841515986377
2459364 zr 3.483067735243364 15.767700077366833
2459366 zr 2.7659982898541204 14.857159641944047
2459368 zr 2.6845013257344954 14.816180951012026
2459370 zr 3.3651500173653206 22.074014721546586
2459376 zr 3.779947654337666 20.061205981855558
2459386 zr 8.69280461322034 0.33840792138249753
2459390 zr 8.884301791802828 14.10120131012491
2459392 zr 3.3211273227619498 13.300999066377212
2459396 zr 3.0787184427039507 13.548251432899654
2459399 zr 3.7390555748503567 19.264514495918853
2459537 zr 11.293067967293355 7.381741932938827
2459537 zr 8.956239207945886 -0.6705152307579381
2459537 zr 9.899352299913645 3.5728489787025284
2459537 zr 8.939953672158689 2.622470766198579
2459537 zr 9.598070514300442 -2.3952725366686236
2459538 zr 18.46494558151236 25.13597425259091
2459541 zr 8.641856299096592 -14.585151158266303
2459541 zr 9.46895230323261 11.939958386068536
2459551 zr 3.477792391388869 10.802671810762227
2459551 zr 3.687107378877409 6.3892185321826025
2459551 zr 3.840176798136195 8.021441210158848
2459551 zr 3.8402714204980417 12.98760360993672
2459551 zr 3.7859108627801983 4.342595367493565
2459601 zr 6.343822452484567 6.956386640944853
2459636 zr 3.499144845434691 1.2290459473738142
2459641 zr 3.011410589803276 -0.4449826620633761
2459670 zr 2.785246407750666 3.0958434456787858
2459673 zr 3.3741667074246666 -0.5749691071232435
2459675 zr 3.6355521983802026 -2.7498442435357013
2459677 zr 3.8349049606831347 0.04682411386825036
2459682 zr 5.444528526915219 -11.413357932814195
2459687 zr 9.325791608933987 -0.1282591261866175
2459690 zr 4.1865835302097825 4.007480454090166
2459696 zr 3.062075317748233 5.838744444172729
2459699 zr 3.0045597567513633 0.9909266681025928
2459702 zr 3.1591480076286236 2.9978826390107476
2459709 zr 4.0166108827774805 -0.30531397904399693
2459709 zr 5.149083356444443 1.2795040663524633
2459714 zr 9.418026718190175 -7.032307862949725
2459717 zr 4.8782563488010675 1.073564634332509
2459719 zr 3.088736398635318 3.3790145520598682
2459719 zr 3.0513043316337587 -8.073011494485218
2459724 zr 3.239691474445717 -0.25842600538731464
2459726 zr 3.5072484823468035 2.2876609642398753
2459730 zr 3.5072484823468035 2.2339032396007865
2459730 zr 2.9269538092806404 0.8942369110298016
2459732 zr 3.373678185840685 3.565787213657989
2459734 zr 3.501755227599694 -2.727011827175893
2459736 zr 3.062075317748233 5.261528207352169
2459738 zr 5.157665580091551 -2.1785618180716795
2459742 zr 9.959173600623163 11.499947978278351
2459747 zr 2.4280951031631717 2.018731347929792
2459751 zr 4.564338011275307 -2.1654209598357665
2459753 zr 3.7418449317983287 3.397195462199043
2459756 zr 2.722846656151209 2.8164963951709483
2459761 zr 3.369472531398465 -4.324045749664758
2459765 zr 3.7493088703394157 1.0959000219314925
2459902 zr 9.6813768068564 9.318785872127192
2459902 zr 7.470390791750849 -7.726706238840594
2459902 zr 8.5731249538993 -6.486777740530757
2459902 zr 6.552767954415221 0.6027775461628813
2459902 zr 7.4787632027633055 -10.474591477438794
2459904 zr 7.459831540114757 5.657148572181084
2459904 zr 8.51318234267114 6.987704007265917
2459904 zr 9.814597055295359 -12.295086907144666
2459904 zr 12.72973209299906 -2.8457189308221325
2459905 zr 7.010729202844419 4.618808448313576
2459905 zr 8.21155742300442 -3.023626607327454
2459907 zr 12.560018333340471 -0.8472829907117482
2459907 zr 7.798759617761875 -7.751074353269957
2459907 zr 8.473986946830761 -18.244679638870807
2459914 zr 5.628793102346523 -2.8932158009650375
2459914 zr 5.043754512099791 -4.097788381900358
2459914 zr 4.736577181512112 -3.411363688558097
2459914 zr 4.8831007933679755 1.266213010435195
2459915 zr 5.4554648754505655 0.18245286424870033
2459924 zr 5.910378386223131 1.765437574555225
2460021 zr 3.720202120506167 6.284836259020212
2460046 zr 3.2997840999712147 -3.05997152022843
2460055 zr 3.5971779306121063 0.2792824208083974
2460059 zr 3.840176798136195 1.9033903538169898
2460061 zr 3.6088309273279315 3.095173013638047
2460063 zr 3.7938991800114157 3.0912306381955936
