jd filt fluxerr adjflux
2458207 zg 9.969909773369709 15.731233649257845
2458207 zg 9.143278090800463 11.910809429278146
2458230 zg 3.001134957378595 -1.6126269308080765
2458243 zg 2.705231462340877 -5.7730783010862154
2458246 zg 2.7162514632916515 -3.1001409636034083
2458267 zg 10.167402512586646 -20.860366187006775
2458270 zg 5.948737278511855 1.115085551556973
2458273 zg 2.8458003582496425 -1.5336133135577796
2458279 zg 2.5378364036785355 1.523472935318793
2458283 zg 2.626950608088211 1.7694096242632185
2458286 zg 2.851047347407604 -1.3753675887030141
2458289 zg 4.757489062794613 10.098893409266694
2458293 zg 6.823392914651451 -1.216830095804795
2458299 zg 5.825902233856705 -3.0224980285338603
2458302 zg 3.2107347591788935 9.472567004514616
2458305 zg 3.9817311549651784 -0.8988776530784293
2458472 zg 7.764296303285939 -4.714231879287297
2458487 zg 2.9040522750039193 0.22322599246095365
2458495 zg 2.33077272264344 -0.0988528271341238
2458503 zg 8.293486146338202 3.5938599335110126
2458511 zg 4.575254802761248 -10.937689791161873
2458547 zg 2.721547188078306 2.1808172307184037
2458561 zg 10.17671926431981 16.876971829056018
2458568 zg 3.243429255585405 10.458611405761388
2458573 zg 2.9390327785021912 1.2782148565926832
2458581 zg 3.190698628546508 -2.8669974582834215
2458584 zg 3.8027520486083115 -3.1001409636034083
2458587 zg 4.820195117050634 7.792753488107351
2458600 zg 2.63136349844993 -3.3326411587867852
2458617 zg 6.986019322978621 -6.669857209603265
2458634 zg 2.4392910525661335 -1.9279546618856216
2458637 zg 2.7861495865940435 -3.3326411587867852
2458640 zg 2.6206913112210453 -1.1374517682681216
2458643 zg 4.007725879268002 1.4416449338494175
2458651 zg 9.855707154340509 4.0978868526730565
2458654 zg 5.360859502432628 -6.5210815151942825
2458658 zg 2.5553589110170147 -0.6596434216828442
2458662 zg 3.399026929822244 -3.487284771172156
2458667 zg 3.2015960536075068 1.7694096242632185
2458672 zg 6.36085537449029 3.5101259130348836
2458676 zg 7.629846158718173 13.663321715923331
2458836 zg 9.51875220571912 37.15524087008362
2458857 zg 3.1877612394324975 -2.9447835487356997
2458873 zg 3.2246718436100292 4.77427018709632
2458877 zg 2.4425974943622952 -4.4855544392405164
2458894 zg 4.868293853004452 5.370207695886748
2458898 zg 2.1001966445670455 -5.923230600046708
2458937 zg 2.3264832326016385 -0.25944781466284894
2458940 zg 27.87493230347678 -34.63489826964943
2458955 zg 2.643509320504998 -2.9447835487356997
2458963 zg 2.7150688429555783 -0.6596434216828425
2458963 zg 2.5459619413662318 -0.9784756143349808
2458966 zg 5.419718521938986 0.46556499823775865
2458972 zg 5.398754989627214 7.181247490205316
2458976 zg 10.615047240197546 -22.613087374482742
2458980 zg 2.144201981908128 -1.1374517682660192
2458986 zg 2.5087183545687415 -2.242122819971798
2458992 zg 2.4067067923465224 -0.25944781444948295
2458995 zg 2.444686552813091 1.1150855521971592
2458998 zg 3.1310177203093827 2.0983840733851
2459014 zg 2.4289757761160953 0.5464939822462737
2459017 zg 2.383766009312103 -3.872648798138792
2459020 zg 2.3846419718473464 -1.0579977687343807
2459023 zg 2.6842061607789374 0.952262613956883
2459026 zg 7.341644646381293 -35.26243298565763
2459033 zg 7.467799583917733 17.93851544006765
2459039 zg 4.253096851468084 1.4421261171820066
2459043 zg 3.8777320711296945 -7.922151561479946
2459204 zg 3.6287295841044074 137.65934826052364
2459217 zg 7.634575204756362 131.77056577875146
2459218 zg 6.061664786049618 124.49514884872877
2459227 zg 3.2207070159216795 121.83593741397023
2459231 zg 2.655855423546101 117.0876149837738
2459251 zg 2.75298870588749 112.367283220668
2459253 zg 3.6267234692423735 116.10402429359495
2459255 zg 2.252474900401892 115.209054313119
2459258 zg 3.85364855230649 108.81434479342454
2459264 zg 2.452808388461357 110.52734440078717
2459270 zg 7.144969515499762 112.71209197529892
2459272 zg 11.620135991356028 96.91025947479591
2459292 zg 2.6062487787761484 100.84487587337647
2459304 zg 10.702185494282197 103.48693933653139
2459306 zg 3.7944004776661906 96.46993265537395
2459307 zg 2.603849440047418 96.00134911630123
2459307 zg 2.3091915535209866 99.87373415435077
2459308 zg 2.462929084214342 93.5875537245079
2459309 zg 2.7983604424806274 91.82924765033225
2459313 zg 3.185384923972143 94.95083188913277
2459323 zg 3.7906565978232725 96.95254057465922
2459325 zg 4.080509964373173 103.35828361941739
2459334 zg 2.764203250217127 88.0554458591822
2459336 zg 2.486656910361359 83.55322463486465
2459338 zg 3.030301115236226 81.42208607471939
2459340 zg 2.7075771853763215 87.07739537446318
2459342 zg 2.54692331369068 83.85496321863482
2459344 zg 2.3859625503326436 83.07045843545278
2459346 zg 3.1818945712845057 83.2162520957615
2459348 zg 2.4654711607307664 90.71423477494916
2459366 zg 2.7900749429429466 85.44179941105348
2459368 zg 2.5790033559056877 80.63624221189544
2459370 zg 2.9764846898167856 79.96575111312761
2459374 zg 2.8372895140262413 74.8719261885368
2459376 zg 2.9837464841302896 72.10307336254088
2459379 zg 3.105750300872839 76.83239296175476
2459390 zg 7.605663792079803 71.11418302648667
2459392 zg 7.345145111550576 79.95881573934552
2459394 zg 3.569195892501539 76.87650994006246
2459399 zg 4.570397153645974 69.6941522303352
2459401 zg 3.6434636641741425 73.03415498231303
2459641 zg 2.332508223974998 30.890752002519903
2459673 zg 3.240443322128023 40.935658516934986
2459675 zg 2.9293412908836864 33.883764787632444
2459677 zg 3.9692209283387294 25.695846858384492
2459679 zg 3.5798082173936425 27.123382951819817
2459682 zg 8.520904671625482 28.8072358868654
2459694 zg 4.033648116521712 30.611763196418796
2459696 zg 2.7250899744982333 28.075116886581192
2459699 zg 3.4288715749192233 29.423634074912794
2459701 zg 3.007229243411886 24.325640468469665
2459722 zg 2.711252548773036 22.908377305446233
2459724 zg 3.1405407265332532 33.35355935931874
2459730 zg 2.6134600684569707 24.1321168204379
2459734 zg 3.5330892261022466 25.006440405517303
2459736 zg 3.524193619908156 20.84655889931641
2459742 zg 13.976184770572784 26.982619478969408
2459747 zg 6.08662760907548 35.440215638737016
2459749 zg 4.100831579762619 25.701774533087814
2459751 zg 3.5216907719397637 27.540100946733347
2459753 zg 3.854781684976861 25.39875751516976
2459756 zg 3.824462302990178 32.692026450281766
2459758 zg 3.547735382553564 27.688948918706103
2459761 zg 4.341821184172651 30.037168525987454
2459763 zg 3.5493972250047903 23.193708226895033
2459765 zg 4.461750413597595 28.6233357534044
2459769 zg 7.3044055451199235 20.451906468199976
2459771 zg 9.211450117732682 37.08649058700205
2459924 zg 8.62452664468863 16.455369004183
2459937 zg 3.790907314583489 11.608671651262584
2460032 zg 4.085751353759193 11.138936536432551
2460042 zg 11.652307633453061 23.32306142919418
2460044 zg 4.842790577709216 19.42268669236803
2460046 zg 2.396975653077083 5.943938314503013
2460050 zg 3.0122119391881723 7.93977236726397
2460057 zg 3.3303166263258928 16.82568248067554
2460059 zg 3.00304555462477 3.1275697229457577
2460061 zg 3.623691517219648 15.233428641289468
2460063 zg 5.1955846540022605 -0.15087013374255953
2460065 zg 7.167116078937321 7.9075322274598285
2458198 zr 3.5028529952249947 8.006369033224985
2458217 zr 4.772265638156841 5.827137050763525
2458218 zr 4.298542486913596 -7.4499683547382745
2458219 zr 8.844754556410777 4.529199695120184
2458224 zr 8.421130247316112 -17.061188689325604
2458224 zr 8.206661793081672 -1.223568617934319
2458230 zr 3.957815362334016 -3.526582053025379
2458231 zr 4.278897908088025 2.5956929931475656
2458233 zr 5.744804804266442 10.205765200956279
2458243 zr 4.012874058514003 -0.3803073251627893
2458256 zr 4.031396643581713 0.6781474755596548
2458256 zr 3.6471266957434665 3.2384152240196613
2458279 zr 4.804296086923956 -2.9007996857694707
2458283 zr 3.770287203325521 -2.2732858268912253
2458286 zr 3.8784261815675682 -8.063198254300147
2458289 zr 6.007585035726111 -4.772971410222766
2458293 zr 7.559368655741466 -13.705703806067731
2458296 zr 7.59592811320536 12.871920148432338
2458305 zr 5.363421611387451 3.2384152240196613
2458312 zr 5.153629229617098 3.453050916690927
2458450 zr 7.515709293191602 3.453050916690927
2458450 zr 7.324364909486872 -2.48264979660496
2458450 zr 8.421130247316112 -17.061188689325604
2458450 zr 6.917831400339546 -15.09373977742274
2458450 zr 7.409362551220107 6.914244112890032
2458451 zr 5.921963047429715 8.444629186221192
2458451 zr 6.210119064536121 2.809736444072229
2458451 zr 6.562236940516943 -7.04020606683747
2458451 zr 8.079166082528218 -4.772971410222766
2458475 zr 8.056873334418627 -5.393587916021062
2458477 zr 6.410082554584213 -5.186906254454954
2458488 zr 3.4707386459322485 5.827137050763525
2458503 zr 6.4574882227555 -3.526582053025379
2458524 zr 3.770287203325521 -2.2732858268912253
2458539 zr 5.008563343125614 -3.109585959939835
2458543 zr 4.427119283356221 -0.8023263076156582
2458547 zr 3.9870853257318903 -1.853978949182391
2458561 zr 8.400125714314731 -7.245181562034986
2458573 zr 4.74711513361691 -5.600079304380017
2458584 zr 4.29073728910996 3.2384152240196613
2458593 zr 8.681012558912057 -10.499243696861612
2458596 zr 4.394618945692123 -2.48264979660496
2458606 zr 3.998117283809019 -1.223568617934319
2458617 zr 5.423029134269139 5.827137050763525
2458634 zr 3.9323804642305937 -4.9800341443527145
2458637 zr 3.429429754710043 3.0239771271158133
2458640 zr 3.5641079566220886 -2.063728937006829
2458643 zr 4.5240209745614886 -6.42414562666724
2458648 zr 8.998505460226728 -2.48264979660496
2458651 zr 9.075818154487921 10.648080525218631
2458654 zr 5.4810743480285735 -9.28458648816931
2458658 zr 4.220189227857517 -0.5914139898439146
2458667 zr 4.0563173452502825 -9.487495784271346
2458672 zr 5.5266974831746225 -7.4499683547382745
2458676 zr 7.946328888066215 -8.471077855502017
2458679 zr 7.872007977848006 -4.772971410222766
2458812 zr 8.609274119139467 9.984912891881919
2458812 zr 10.34331522710313 14.44083986617892
2458854 zr 6.9384685287700645 13.319151237802288
2458877 zr 3.7357210024753353 -4.358273367112787
2458884 zr 4.835370593203554 -1.433898967824092
2458887 zr 4.578514667009454 -3.734792225680394
2458895 zr 4.501126553056932 3.0239771271158133
2458898 zr 3.3298288487341483 -3.734792225680394
2458901 zr 3.528180946782262 -4.358273367112787
2458904 zr 4.112746340510444 -6.42414562666724
2458908 zr 3.278097839732578 -7.245181562034986
2458911 zr 4.7602500356475606 -4.9800341443527145
2458914 zr 4.484574299112875 2.1681970615247224
2458937 zr 4.1101297295768235 5.177271790150485
2458940 zr 6.498541082674011 -15.882894510987853
2458941 zr 4.804296086923956 -2.9007996857694707
2458955 zr 4.19306818426128 -2.0637289370068275
2458972 zr 6.124349408930619 7.787541510293622
2458976 zr 8.258202452851075 6.261379210533547
2458980 zr 2.9189722389032715 -3.318180023332433
2458986 zr 3.5641079566220886 -2.0637289366147042
2458992 zr 3.4452592832322715 4.098145394217683
2458998 zr 4.177648771238223 -2.9007996603929467
2459009 zr 5.13467748970563 2.595693838771293
2459017 zr 3.573969568889584 -1.4338900118642477
2459020 zr 3.6406123167842868 -10.095082735089692
2459033 zr 7.075886303560066 -3.7341706117464364
2459037 zr 5.2061079688983725 5.828760517682674
2459039 zr 3.812189089290555 0.2567651243616624
2459174 zr 12.41354116525731 108.60106034213898
2459178 zr 5.4832991179904775 96.02897733772119
2459178 zr 5.202857576147107 83.8495559258196
2459178 zr 7.0174745453467375 81.98426884711998
2459182 zr 6.135641274452763 94.70459582843895
2459182 zr 7.2273792744276575 87.58209373666705
2459182 zr 5.629446460742024 83.16101760846323
2459182 zr 5.962933421206913 88.00762550290065
2459184 zr 10.888744278350684 79.30217449756925
2459184 zr 9.599746407657426 82.82227681090556
2459184 zr 9.089805813190246 80.53827485482434
2459184 zr 9.766851969656248 97.24494586317606
2459185 zr 9.851774049070297 93.66586479704632
2459185 zr 7.937532665352623 82.75869607805187
2459185 zr 8.362996600907133 82.96767474007054
2459185 zr 7.974503500265931 89.97306905292616
2459185 zr 8.579970322541763 83.17684596721638
2459186 zr 7.419420288469785 85.8540584297299
2459186 zr 9.404909166000403 87.76983863570864
2459186 zr 6.5381052457067055 77.52901551555293
2459186 zr 7.423426787290436 79.58161144824415
2459201 zr 7.728327639689187 72.53898358599068
2459205 zr 3.983414775048216 78.32612892189748
2459217 zr 7.345407072731526 89.36491179786788
2459218 zr 5.440836722685462 66.2370689726039
2459232 zr 3.308210898138021 83.55061252408495
2459251 zr 4.135537131989815 64.28040332581514
2459253 zr 3.483548902516087 75.72406654735678
2459255 zr 3.1680584672478966 68.21045484792283
2459262 zr 3.5184456785221103 62.10330010207656
2459265 zr 3.388612523813827 66.70165858368672
2459268 zr 4.540718823459653 60.21756956027262
2459270 zr 6.493272405727287 63.127797034853145
2459278 zr 5.028540329962051 52.455723322974634
2459290 zr 3.3792623650644233 60.997403437578065
2459304 zr 10.175204967044275 59.1756106717029
2459305 zr 5.889327329104629 65.65572723559504
2459307 zr 3.6978632820384965 64.63186033829484
2459307 zr 3.3544545474090244 56.08933096277722
2459308 zr 3.54773236804731 54.85915377775913
2459309 zr 3.5119704278235044 52.39141587514759
2459310 zr 5.689838333025266 40.932702968437084
2459317 zr 3.278097839732578 49.09074543929162
2459321 zr 3.515206562191343 50.438166806468416
2459323 zr 3.9651126466411104 52.163430855490475
2459325 zr 5.022421652219569 52.44053896995606
2459334 zr 4.798711157048215 60.508427373657845
2459338 zr 3.801670160697476 52.32234589280956
2459340 zr 3.385492933185619 52.41158300008449
2459342 zr 3.7772387296407377 50.18366544220549
2459344 zr 3.4199669694546926 54.09013990737181
2459346 zr 3.435752819744732 54.834077648018834
2459354 zr 5.771194260954793 52.474389316311246
2459362 zr 4.394618945692123 46.35372028278459
2459364 zr 4.143162093604214 43.75430875435753
2459366 zr 3.580559131479421 47.20710205110933
2459368 zr 3.5510014555524894 45.01415704404723
2459370 zr 3.8830629759852187 52.140898220659366
2459376 zr 4.10517735521185 39.87834979914188
2459386 zr 9.474807268014844 54.79753672528905
2459390 zr 9.381229501299675 36.41546949272853
2459392 zr 3.75642250734421 41.290314544448705
2459396 zr 3.829785354628297 45.15522088030727
2459399 zr 4.267091195331131 45.37886244751312
2459537 zr 11.124889059360662 22.007542427467
2459537 zr 9.233250228010693 26.166055440266575
2459537 zr 9.893605869402993 42.460874255627886
2459537 zr 8.68484196732909 34.0641925321473
2459537 zr 10.173251019712245 38.44685540567616
2459538 zr 18.750951164140776 -0.19063893941798682
2459541 zr 8.518476316009876 29.19490187877655
2459541 zr 9.330088981645726 45.0479946026651
2459551 zr 3.9614623242258684 23.483788140788118
2459551 zr 4.1329060211018485 33.280768602673945
2459551 zr 3.9443408192910616 35.02736636076385
2459551 zr 3.8891574881599196 19.351999809424864
2459551 zr 4.42304363300399 25.78892370676881
2459601 zr 6.768051002288123 30.21864183909617
2459636 zr 3.904580976673779 26.290457843536664
2459641 zr 3.627027516031461 22.09581470327587
2459670 zr 3.2301442079672773 7.870364048616199
2459673 zr 4.0787954353476845 9.928257577984965
2459675 zr 4.482544500960429 9.609250754499797
2459677 zr 4.350427390633525 24.444696972158376
2459682 zr 5.921963047429715 26.127604108840675
2459687 zr 9.202682583531292 9.749942058556016
2459690 zr 4.676539530512013 18.342434376854122
2459696 zr 3.5641079566220886 14.850544769316873
2459699 zr 3.3948603314372328 17.432097518703134
2459702 zr 3.770287203325521 14.321860197215301
2459709 zr 4.711124807579125 19.040168827870296
2459709 zr 5.3535509177035525 19.040168827870296
2459714 zr 8.755597441125138 18.14303740909422
2459717 zr 5.280097445413162 15.44311387383966
2459719 zr 3.570679336709243 14.079237613448287
2459719 zr 3.6303696707104227 17.89147036045925
2459724 zr 3.54773236804731 12.366081893642265
2459726 zr 3.9944365769942403 13.943821948860283
2459730 zr 4.091245398838322 19.281828256044463
2459730 zr 3.5641079566220886 13.11995392811963
2459732 zr 3.6471266957434665 18.32599915231598
2459734 zr 4.194261750349997 24.977006102430508
2459736 zr 3.3544545474090244 12.833477925401475
2459738 zr 5.7446780319424455 16.1184850644063
2459742 zr 9.762098071186342 5.737929099113799
2459747 zr 3.165141920893138 13.79455134158113
2459751 zr 4.9616915804255575 18.733641073950874
2459753 zr 4.2291737691484546 26.09446582251085
2459756 zr 3.5937747278890253 13.811747913673914
2459761 zr 3.899918487451257 6.9255475839823735
2459765 zr 4.354328837022743 9.021238525342014
2459902 zr 9.86993841238286 17.239683990731535
2459902 zr 7.687841655622071 10.963251866035067
2459902 zr 8.813774202804508 18.338872847610176
2459902 zr 6.761076794448442 1.5498732424753587
2459902 zr 7.608263154438608 -3.5136351213208865
2459904 zr 7.737567126217956 12.40727447429848
2459904 zr 8.471531309534567 8.99357062908192
2459904 zr 10.697887068132841 16.08988073048105
2459904 zr 13.207337793445983 -0.3421001325166575
2459905 zr 7.109710339386938 20.246849238144335
2459905 zr 8.667339049614707 8.542683848768972
2459907 zr 12.736375787965958 -11.515104541692681
2459907 zr 8.115282694625906 17.10118207574432
2459907 zr 8.569482681441258 -9.57643644270273
2459914 zr 5.7790966844031955 2.8662274184462593
2459914 zr 5.401013675303472 4.315669016483797
2459914 zr 5.363421611387451 11.704721946845938
2459914 zr 5.255837601308212 7.032407755002184
2459915 zr 5.7446780319424455 9.755036181325012
2459924 zr 5.776512175918833 10.79744950140231
2460021 zr 4.220189227857517 5.436565219341882
2460046 zr 3.9396308525443864 1.0023424215715968
2460055 zr 4.135537131989815 0.22431779329319212
2460059 zr 4.346315249939078 0.36291038548395615
2460061 zr 4.185351376849641 2.826478741853294
2460063 zr 4.29073728910996 8.513941795644676
