jd filt fluxerr adjflux
2458207 zg 9.248802925638099 -5.952811818252953
2458207 zg 8.85124637860219 -3.2619185543882874
2458230 zg 3.2767648874110544 3.4743156487439157
2458243 zg 3.243734360337897 0.7258016058042803
2458246 zg 3.252709523534335 1.4779531044444294
2458267 zg 10.331291261639537 -15.228670427527609
2458270 zg 6.173240129103685 9.112843122497592
2458273 zg 2.9859544266497404 0.008294198328139935
2458279 zg 2.7472274299883113 1.0127638019845429
2458283 zg 2.782880861751591 4.537029961838035
2458286 zg 3.270734419396174 3.027300198150758
2458289 zg 4.6244014628190495 -5.877450844113786
2458293 zg 6.733796076904629 -9.016892168555252
2458299 zg 5.977411718394441 0.29275783608804384
2458302 zg 3.4484978901683196 -2.6747039345633845
2458305 zg 4.269242757285415 2.553338922694949
2458472 zg 7.976698620936124 19.310935946045902
2458487 zg 3.2139956249691055 -0.8072883716385617
2458495 zg 2.667439721675324 -5.865946348510453
2458503 zg 8.344578983253314 -17.39469633133908
2458511 zg 4.545424348886983 5.208070171081931
2458547 zg 3.038667458698109 6.48795479757469
2458561 zg 10.655207712592363 21.022441573079735
2458568 zg 3.718717503893956 1.108725360954352
2458573 zg 2.994216332619598 2.9509908584745714
2458581 zg 3.4516755372382892 -0.102846921759701
2458584 zg 4.036657587294682 6.199132548946423
2458587 zg 4.935508731967992 0.2789171582268106
2458600 zg 3.066783902518362 10.137510365760795
2458617 zg 6.919356279203568 11.367072052835223
2458634 zg 2.977715317660018 3.064320628598973
2458637 zg 3.2228885033747616 2.9156238162160055
2458640 zg 2.923365888011822 -1.652281406998961
2458643 zg 4.230102104420466 4.114299439570257
2458651 zg 10.465750679011531 -1.504538842385486
2458654 zg 5.748103901698128 18.02907650367525
2458658 zg 2.734605066507079 4.418342933564628
2458662 zg 3.732443033312175 4.824501616535418
2458667 zg 3.470803003634359 4.034021190144159
2458672 zg 6.398457312876713 2.2680606962438246
2458676 zg 7.579902559693171 0.7241999717367049
2458836 zg 9.58002265191406 13.814183030469902
2458857 zg 3.506145741306982 21.472676593438166
2458873 zg 3.4516755372382892 19.279925749280498
2458877 zg 2.983205527098632 22.038807281053643
2458894 zg 5.24953969061201 25.893815242869202
2458898 zg 2.4361382400098517 19.563672150892103
2458937 zg 2.4814294313833485 30.633139915713944
2458940 zg 23.80889028049002 12.698872269476116
2458955 zg 2.977715317660018 33.779442736905224
2458963 zg 2.9859544266497404 35.98507702135742
2458963 zg 2.7624511958905624 38.484866662142444
2458966 zg 5.045821984118352 40.30071539271963
2458972 zg 5.729453125211129 26.704313176640888
2458976 zg 11.070178034879358 41.44053010823114
2458980 zg 2.4860046059155265 38.963791518345374
2458986 zg 2.9613052391807946 38.161238140488166
2458992 zg 2.729572374521683 40.84536018147266
2458995 zg 2.7700946856314204 45.45230987291734
2458998 zg 3.270734419396174 45.81286827801247
2459014 zg 2.729572374521683 45.41320577975764
2459017 zg 2.5322228822484245 51.5710415083612
2459020 zg 2.7624511958905624 49.94914937461685
2459023 zg 2.9476992775120183 44.64042835958174
2459026 zg 6.4423147267290695 58.38151085419187
2459033 zg 7.591016350038938 64.34698989147017
2459039 zg 4.41723851587787 63.60839158847827
2459043 zg 3.9266474613791367 48.85780612019024
2459204 zg 3.819382800075476 99.12126190161312
2459217 zg 7.95089226560804 87.5299925403301
2459218 zg 6.6141688392286895 102.38823093838816
2459227 zg 3.6646285827774183 112.62030345910166
2459231 zg 3.0163600140290954 102.31600766026563
2459251 zg 3.019139464058007 107.38077481407203
2459253 zg 3.9812725688663204 104.84921566554827
2459255 zg 2.7548287967412 107.0655339028771
2459258 zg 4.285000237383687 109.52360840524864
2459264 zg 2.513633345024246 110.1522170285663
2459270 zg 7.242024009193075 119.41957226561674
2459272 zg 10.938420266028317 108.96463536339184
2459292 zg 3.0526933104132414 119.59985104798223
2459304 zg 10.918289498086732 115.28536125187772
2459306 zg 4.433783001644982 113.7080254273559
2459307 zg 2.9887058591972204 116.87930725387605
2459307 zg 2.7726472124247383 120.13653312417904
2459308 zg 2.9859544266497404 116.82857104472129
2459309 zg 3.240748145998031 117.52406782922193
2459313 zg 3.4932523880561974 118.55459208034702
2459323 zg 4.175907309808693 116.23801930345405
2459325 zg 4.52870919608701 123.06950460432755
2459334 zg 3.193340883971353 118.2144965576404
2459336 zg 2.9341558295586467 117.33616132835148
2459338 zg 3.225858260798353 121.62050115846391
2459340 zg 2.9613052391807946 120.47498988084065
2459342 zg 2.9585790319185334 120.56360658361167
2459344 zg 2.7777593243198226 127.38250974890445
2459346 zg 3.454856112377594 121.46879101100463
2459348 zg 2.782880861751591 128.53843563568074
2459366 zg 3.0526933104132414 132.77994551526285
2459368 zg 2.977715317660018 126.27659106721674
2459370 zg 2.9694989427469913 125.80924496427058
2459374 zg 3.0108087879842076 130.08551070588993
2459376 zg 3.5320753888828467 131.85759808921193
2459379 zg 3.545112035147794 133.25381121141658
2459390 zg 7.852775534523039 143.84533933160162
2459392 zg 7.69243123728838 129.2868091961269
2459394 zg 3.694819168037485 127.52927902352937
2459399 zg 4.706039086065549 129.54093251905496
2459401 zg 4.018110830386273 133.48533447168606
2459641 zg 2.707039632370917 51.52328174241468
2459673 zg 3.805337562006453 50.879087843706
2459675 zg 3.28583144353244 49.36131010802107
2459677 zg 4.512055510888688 46.596596816108516
2459679 zg 3.756584722828909 45.85225044597167
2459682 zg 8.456991007915473 51.455387061445826
2459694 zg 4.3608829908300635 33.45065367257563
2459696 zg 3.2557067597850544 41.86933525400098
2459699 zg 3.753126373308848 40.95436686008984
2459701 zg 3.3917978817567165 31.899736243176633
2459717 zg 7.163082066446067 33.71051471515345
2459722 zg 3.055506240060381 41.00642776284766
2459724 zg 3.52557505443999 37.58317922460797
2459730 zg 3.205127284578411 30.723692226000793
2459730 zg 3.0330751786453294 37.4639558606888
2459734 zg 3.822902202131173 39.01658508914659
2459736 zg 3.9447720425580446 29.632296864214744
2459742 zg 14.74870674981469 32.300569966203
2459747 zg 5.66923695952158 39.82329656813708
2459749 zg 4.296856503080884 34.12905372335156
2459751 zg 3.9593319236626554 28.045803276154093
2459753 zg 3.7635109849802593 31.45609487430641
2459756 zg 4.230102104420466 28.723078975740936
2459758 zg 3.8476289875617837 36.74214276451002
2459761 zg 4.789117912370003 31.43989891731146
2459763 zg 3.7152940153149068 26.38278998439413
2459765 zg 4.706039086065549 26.076559926631457
2459769 zg 7.773617790893337 37.888874591979715
2459771 zg 8.73581951953696 12.60189985002366
2459924 zg 9.396509041173138 2.6703028917102998
2459937 zg 4.214546504413151 9.457511487718712
2460032 zg 4.512055510888688 8.126264386382337
2460042 zg 12.055904161026923 14.129673285017258
2460044 zg 5.389203830094573 1.530081494894552
2460046 zg 2.832008901598099 15.02832479984712
2460050 zg 3.4804064482817374 5.287811555048663
2460059 zg 3.3070844196143447 11.300518171092744
2460061 zg 3.7496712075800063 6.449994049278142
2460063 zg 5.479294075194903 5.39343574374682
2460065 zg 7.268138318050107 -2.033886265056087
2458198 zr 3.7097482478407247 4.373364991950061
2458217 zr 4.973741099522113 6.858854210151117
2458218 zr 4.463696049190694 -2.5735627784639874
2458219 zr 9.0473465042124 24.608685105894473
2458224 zr 8.078522234136399 -4.595828941620215
2458224 zr 8.49026456843951 -4.191716757942021
2458230 zr 4.525792246742281 3.55972568025369
2458231 zr 4.517463103113201 2.7379878509938878
2458233 zr 5.76009922312654 3.5608669722289106
2458243 zr 4.046708568266248 -3.779822739895291
2458246 zr 4.829288769241381 -6.199827085159041
2458256 zr 4.110568870065168 3.1597994609364712
2458256 zr 4.492567531797349 0.2916569858124258
2458279 zr 4.950888834968264 4.8202414734281955
2458283 zr 3.6655946533280983 -0.9160605767302924
2458286 zr 4.042983127828339 -4.1603232680300435
2458289 zr 6.17722169408105 4.002714894623415
2458293 zr 7.5553663904739095 -11.372601001377904
2458296 zr 7.752745541228179 -0.0912575927311241
2458305 zr 5.363462904548952 4.839759284129393
2458450 zr 7.740596585514175 24.080494497757627
2458450 zr 8.73221881270194 -11.872690033222057
2458450 zr 7.923771161147998 -12.665797403955082
2458450 zr 7.960345627041847 -10.680286314422858
2458450 zr 7.243933153862071 -5.877587131359348
2458451 zr 6.516612717027731 -0.6107528824178543
2458451 zr 6.680699101704959 10.523905152078088
2458451 zr 7.033547650568815 -18.564104107875508
2458451 zr 8.435909744758263 15.140231161364271
2458475 zr 7.997088912999809 -8.583423373199292
2458477 zr 6.433123836843308 -6.168447548896004
2458488 zr 3.658848593701632 -1.2631874808301085
2458503 zr 6.280485076577584 12.021644280721928
2458524 zr 4.152426260734658 8.402897228334723
2458539 zr 4.96001711410563 6.442629742212466
2458543 zr 4.8829600935698 -0.4973019161776052
2458561 zr 8.130774652670294 -0.7463365395197985
2458573 zr 4.9783241946363015 8.40713920764005
2458584 zr 4.580307274891827 10.188352148167462
2458593 zr 9.85920592457563 -13.618304300922865
2458596 zr 4.36610940635097 -10.812226200501428
2458606 zr 4.121942497600806 5.9006983264494846
2458617 zr 5.997816684749856 -7.3447638073112245
2458634 zr 3.730305824641584 8.793763490441588
2458637 zr 3.7406272936120946 10.088319565061123
2458640 zr 3.6186321582243606 -4.578389543184583
2458643 zr 4.538314765387575 6.877537809740735
2458648 zr 10.094278365484481 -19.452899442150947
2458651 zr 8.153271880036833 1.6888967995639765
2458654 zr 5.383259075622132 8.729359839126827
2458658 zr 4.555065371680266 8.805358164237196
2458667 zr 4.114356587947529 6.094771660341353
2458672 zr 5.458147669143595 15.342792386764796
2458676 zr 8.236295592108066 6.696332759060194
2458679 zr 7.817277517100304 6.350589271215718
2458812 zr 9.222098678551777 -0.4932957612680555
2458812 zr 11.006917038049725 6.784157210273608
2458854 zr 6.711535807671488 21.84201852596847
2458877 zr 4.137156302616068 17.013488660721215
2458884 zr 4.950888834968264 16.23472702250549
2458887 zr 5.178992489933841 1.0296393071524186
2458895 zr 4.492567531797349 12.470449982129564
2458898 zr 3.2733460173275324 13.49869301882938
2458901 zr 3.685907552903016 14.121208467370469
2458904 zr 4.546682354596827 18.451241573613643
2458908 zr 3.2884550960521346 16.269522570860115
2458914 zr 4.525792246742281 17.126314928698232
2458937 zr 4.0766359400184164 14.831963291719042
2458940 zr 6.171534881921293 19.1732391058786
2458941 zr 4.8829600935698 14.345687183101719
2458955 zr 4.496707245524521 17.56889108872026
2458972 zr 5.728355530323182 19.487618465195492
2458976 zr 9.764044834873353 36.52611251852875
2458980 zr 2.898677963796533 25.57610285475374
2458986 zr 3.2613087520147332 19.15533595629464
2458992 zr 3.2523098610681176 18.507423138430124
2458998 zr 4.534136747360885 25.230403137746585
2459009 zr 5.309397992124139 22.21877882521814
2459017 zr 3.692703502910993 25.077737761169626
2459020 zr 3.6961061752744366 25.796682937641844
2459033 zr 7.3514741429411155 24.699726551956296
2459037 zr 5.31918727815724 25.943360935560836
2459039 zr 4.110568870065168 28.208223644113346
2459174 zr 13.447820614698514 53.925348666743425
2459178 zr 5.932393694463284 58.202277572756905
2459178 zr 5.670612418159127 37.90046261481299
2459178 zr 7.039646483505867 47.7297495369938
2459182 zr 6.126228452450929 42.038982243724504
2459182 zr 6.427201438607927 34.748111353836705
2459182 zr 6.735205486975799 28.764041674538888
2459182 zr 7.681667942873842 37.5690959916508
2459184 zr 10.024020302773671 34.18399868947042
2459184 zr 9.603504958700878 52.18863377990524
2459184 zr 11.43562644457507 42.2775302544164
2459184 zr 9.792941736288226 41.869303048688
2459185 zr 8.6840958792689 27.53990613619046
2459185 zr 8.62424774230702 44.85396012277632
2459185 zr 8.342980407083143 30.311953976661776
2459185 zr 8.985135063594697 42.39668529407103
2459185 zr 10.855896474673083 35.50769954063005
2459186 zr 10.107457819570847 38.045871303294845
2459186 zr 7.059124643248919 49.92850847914961
2459186 zr 7.18413416137628 32.4220310837852
2459186 zr 7.695831138930243 38.85521313137501
2459201 zr 8.153271880036833 43.47404582317486
2459205 zr 4.152426260734658 52.17165931366209
2459217 zr 7.767039787724174 46.56014447998381
2459218 zr 5.681067698969975 43.41685521000336
2459232 zr 3.658848593701632 45.82035209967072
2459251 zr 4.069133411308167 48.319589686270874
2459253 zr 3.679124109974609 50.573961921257535
2459255 zr 3.6961061752744366 52.83668254757365
2459262 zr 3.7234406723544615 56.874721854059594
2459265 zr 3.6622200701773497 49.80227622348613
2459268 zr 4.829288769241381 45.25656156943499
2459270 zr 7.033165714447317 57.70350745355571
2459278 zr 5.289873434700616 51.12685234450471
2459290 zr 3.7131666262261978 58.445812359763565
2459304 zr 10.219789194373915 55.64088295550966
2459305 zr 7.620341494386899 71.54008220544927
2459307 zr 4.160082361945745 63.745312857864576
2459307 zr 3.699511983058651 58.36945378199056
2459308 zr 3.7509773212924498 64.6669641421117
2459309 zr 3.642037711439623 51.61323700877551
2459310 zr 5.959271719345102 43.6819556907335
2459317 zr 3.7097482478407247 60.4743325270665
2459321 zr 3.7131666262261978 61.2228082545271
2459323 zr 4.0504374415422335 53.21228019211351
2459325 zr 5.438076105898485 67.7834282561706
2459334 zr 4.937227905537034 61.029791651236295
2459338 zr 4.0022289485544205 49.160908608661636
2459340 zr 3.7131666262261978 62.72078305858052
2459342 zr 3.754433690550637 67.84696458192795
2459344 zr 3.7234406723544615 64.25393921624993
2459346 zr 3.655480221040926 56.19930237088431
2459354 zr 6.120588585180141 58.790633191194864
2459362 zr 4.580307274891827 68.38228872292154
2459364 zr 4.580307274891827 68.50788842908995
2459366 zr 3.7131666262261978 64.48657722163279
2459368 zr 3.699511983058651 62.960678633003376
2459370 zr 3.7440741257511707 68.45575894723981
2459376 zr 4.4801712429565645 59.332888774341775
2459386 zr 10.135424377048846 57.831562467842204
2459390 zr 9.497947505956859 66.21151202875018
2459392 zr 3.64539369738801 57.7176232159242
2459396 zr 3.6655946533280983 60.33737788920961
2459399 zr 4.550871932877675 67.44678042173427
2459537 zr 8.946017944180838 22.274400875278893
2459537 zr 10.18220737035583 42.17702352872822
2459537 zr 10.009900601718963 72.49596256673271
2459537 zr 10.295369490135084 47.09159194678869
2459537 zr 11.865879312812305 44.218161288879166
2459538 zr 20.75416535508703 33.06779087104392
2459541 zr 9.534834750952163 30.367521225835418
2459541 zr 10.116771420665621 38.38685084738185
2459551 zr 4.50914928821109 41.808294979526025
2459551 zr 4.529962575659436 43.862634954317585
2459551 zr 4.072882948142332 38.948066536257116
2459551 zr 4.414633088656768 32.479234998410405
2459551 zr 4.447281440611172 35.70173479319051
2459601 zr 6.91115845476975 28.451857389376386
2459636 zr 4.091682521659416 25.963306099811383
2459641 zr 3.685907552903016 25.69063181963455
2459670 zr 3.642037711439623 16.795233743137732
2459673 zr 4.525792246742281 23.799360514933507
2459675 zr 4.597212872636278 30.6248361944129
2459677 zr 4.447281440611172 15.604610050421005
2459682 zr 6.0421734469426 13.447290008137454
2459687 zr 9.738973198234243 16.153460277249398
2459690 zr 4.555065371680266 24.861950684370598
2459696 zr 3.7063330164486294 21.779582201220848
2459699 zr 3.689303963081801 19.430396823255435
2459702 zr 3.6723531511080845 17.09552364595322
2459709 zr 5.309397992124139 16.84565142950718
2459709 zr 4.529962575659436 20.536665338560546
2459714 zr 10.895964838636843 11.113266617153574
2459717 zr 4.928141567032583 18.581492882235867
2459719 zr 3.6961061752744366 18.406089083911013
2459719 zr 4.129542393894287 20.87698090564129
2459724 zr 4.106784639193819 17.976012184593493
2459726 zr 4.035542532828461 10.072285293857735
2459730 zr 3.7234406723544615 20.773005280927343
2459730 zr 3.6723531511080845 14.609941788867152
2459732 zr 4.1030038921233265 16.901772038952387
2459734 zr 4.0059168357148005 6.199299538385672
2459736 zr 3.7029209291527754 17.813399935114216
2459738 zr 5.521155317762353 -0.8751504795868161
2459742 zr 10.333368987720064 19.407037138364892
2459747 zr 3.2523098610681176 11.64985599894103
2459751 zr 5.428068020135279 23.30302921445572
2459753 zr 4.140968519709333 19.415455155792912
2459756 zr 3.658848593701632 10.994514782546057
2459761 zr 3.733743145977226 19.679429153244197
2459765 zr 4.084152301633954 12.408516240753714
2459902 zr 7.15073774234266 19.193611432725902
2459902 zr 8.078522234136399 1.0558233369477552
2459902 zr 8.50591862723869 2.2692773487061135
2459902 zr 9.614200405715522 -2.5644860117548642
2459904 zr 13.652615798633027 11.62189837099326
2459904 zr 11.037615900291616 23.35659847396958
2459904 zr 7.824480812502663 9.558075993714834
2459904 zr 8.960342485913129 4.643507575654365
2459905 zr 7.660472006713739 0.15483571641436455
2459905 zr 9.059925151318872 9.526956681897442
2459905 zr 9.48920360035584 10.351345297974657
2459907 zr 8.656079244961692 9.877238805819289
2459907 zr 9.256136807712647 -0.7125098853821177
2459907 zr 12.829897408886119 26.672489120190747
2459914 zr 6.109324422213497 4.33995920020289
2459914 zr 5.478293315142102 19.669341941126966
2459914 zr 5.433069758570147 15.892353273580916
2459914 zr 5.42307088635092 15.057265767798988
2459915 zr 6.29206481969202 17.537712633478257
2459924 zr 6.385897032334471 -4.817357222402948
2460016 zr 7.904156487696917 11.508967004359857
2460021 zr 4.5133042813356585 5.229154655306603
2460046 zr 4.125740695806887 7.317517508607273
2460055 zr 4.471926058968662 0.6402661407651391
2460057 zr 3.655480221040926 0.2070901408791488
2460059 zr 4.865003700983446 -0.6310191020247613
2460061 zr 4.084152301633954 2.5980600870745114
2460063 zr 4.430927194424573 -3.5119891094746585
