jd filt fluxerr adjflux
2458206 zg 5.99160488678669 -4.421530194243989
2458206 zg 5.738018184795735 8.494941108672961
2458209 zg 11.857697861963912 11.637859030608414
2458230 zg 4.024388755193959 -5.645699579972172
2458233 zg 5.4445491195044315 8.131305785502937
2458236 zg 10.23093961119158 8.057617743899568
2458236 zg 10.213924754696976 9.437445152118988
2458244 zg 3.8752518015899393 1.7324373786978
2458247 zg 2.816574374277213 1.6791670811862753
2458269 zg 9.803924745213237 -1.8497030465955318
2458272 zg 5.156454849111875 6.5930152321211155
2458278 zg 2.8861879540585873 1.5611697708117762
2458281 zg 2.9021817699628842 -3.231063649079555
2458284 zg 2.8439673733678963 5.856539809390886
2458287 zg 3.0514985691519425 -1.3688196463394111
2458290 zg 4.757522446180577 -4.8753572598904995
2458296 zg 8.486937807704555 -4.770349479438739
2458300 zg 3.5047735310784085 0.7364302038235772
2458303 zg 2.8492109829311594 -1.1742855351458839
2458306 zg 3.3301645478199045 -1.566757047469186
2458316 zg 5.872185778018991 15.683721235121071
2458331 zg 6.978752533828619 -3.3744978501147638
2458334 zg 3.3675431607837827 0.9324279965065793
2458337 zg 3.165408505332189 2.1604589908303335
2458345 zg 3.7502972643344004 3.7902718506324207
2458494 zg 3.5422179289805116 -2.5226983977018933
2458560 zg 5.00845358072808 3.1608725285514576
2458573 zg 3.606284292629543 -5.898670257334198
2458577 zg 3.9466006552924613 -1.919635230382621
2458581 zg 3.619927952433625 -2.731792343669161
2458584 zg 3.3070589584573526 -0.564902557352044
2458587 zg 9.298754653596188 -0.756135170687023
2458591 zg 17.613484487921326 -1.4791919094718262
2458598 zg 9.014947301767375 3.1000342247439305
2458606 zg 2.9028845567887345 0.8514194823137269
2458617 zg 4.990035703657057 1.3474206345872477
2458636 zg 2.752461314134016 4.147530627239745
2458639 zg 2.9459798021186714 -3.134834079777791
2458642 zg 2.6997355396202716 -1.9685991767586453
2458646 zg 5.581503730400446 -0.6137846780310919
2458651 zg 12.994013728166498 13.999796425156054
2458654 zg 5.535564560764569 4.980660277977733
2458657 zg 3.364149419993697 1.5161365464631782
2458665 zg 2.978720573064394 3.329653547755382
2458672 zg 3.316209335940577 2.23671840254707
2458682 zg 5.101354749824753 -3.26606430229406
2458685 zg 2.9514114987014963 -0.19967423139343268
2458692 zg 3.617976095612679 9.991494291989516
2458708 zg 6.92890518400283 -3.4737881375013506
2458715 zg 3.7835539138593224 -6.892548290579347
2458718 zg 3.7210024869336302 0.43357725609511993
2458728 zg 4.976987339306875 5.5541751612211545
2458729 zg 9.571940028700824 -1.10075847163476
2458734 zg 8.995292411242426 9.07019572855381
2458761 zg 10.270390291805489 -3.695822619718078
2458893 zg 6.153390018450529 4.521211927838146
2458901 zg 7.785561792189402 -6.616453604832773
2458913 zg 2.7486827046046343 -0.7908811671337939
2458915 zg 5.522940754755098 -6.335216985657712
2458944 zg 5.369847105078687 5.462602171295052
2458954 zg 3.512899239488928 6.305830882132907
2458963 zg 3.168325297333391 -5.737808601105442
2458963 zg 3.382791860248597 1.731194533262729
2458972 zg 4.783728639052185 2.3353758490628067
2458975 zg 10.883960270618195 14.084592540614263
2458978 zg 19.045129771619635 -9.793628302820535
2458986 zg 2.8062168218409904 -5.982661538810993
2458995 zg 2.8088026336772174 -3.732873917875732
2459016 zg 4.078154010468877 -7.623087724584152
2459019 zg 2.575917351878245 -2.5416348503912096
2459022 zg 2.733534816346294 1.6406384404423067
2459025 zg 3.013870653714854 -0.8955666088723157
2459028 zg 4.364856529919935 1.8065076475593353
2459033 zg 8.805439138773703 4.694613246728511
2459036 zg 5.663885207313034 -4.483849443282715
2459039 zg 2.5949675095291016 -0.628849674196761
2459042 zg 2.672587449372372 -2.6368165510381685
2459051 zg 4.606603635302501 10.930648519319462
2459064 zg 11.522245478915744 4.358991536177598
2459233 zg 3.584806291391449 -5.638070375208701
2459254 zg 3.022941654321439 3.976687374254451
2459268 zg 3.4552165950097993 0.09250225331861502
2459275 zg 8.446827369107375 6.391300474935859
2459291 zg 2.6383470636026223 -2.3547254124061463
2459302 zg 11.87191708165781 -8.380220369499087
2459307 zg 4.226840585648529 -14.741134442395037
2459309 zg 3.6581852397990446 0.028969285964935892
2459311 zg 2.9048560094989253 3.9332321132553663
2459313 zg 4.295174830133073 9.324905888622878
2459316 zg 2.5546530388183077 -0.16495230571821987
2459319 zg 3.2827811999544325 0.8498153922706598
2459324 zg 3.59803756377491 5.83516889844267
2459334 zg 7.088866287291003 -9.506401418231306
2459339 zg 2.7347726231139964 3.08933376345915
2459341 zg 2.5854248848799055 0.3565856371861051
2459343 zg 3.017378315606705 0.16532622307157674
2459345 zg 3.0201587039580775 1.0792842030518939
2459347 zg 2.916897872260089 -1.8668470309422076
2459349 zg 2.5087392809308904 0.7779148017625989
2459352 zg 2.854464260482011 -1.6846190213455752
2459361 zg 9.492119396169619 -0.9472120931654912
2459363 zg 5.082807393827644 -4.599159452916261
2459368 zg 2.948694399715817 2.524370245910011
2459370 zg 2.788182671082238 -1.9375523299063708
2459376 zg 3.255681694183329 -3.0694592619687686
2459378 zg 3.364149419993697 -3.8148074692369027
2459386 zg 9.600979032062163 3.0364122193059715
2459390 zg 7.388848885882024 0.803929373924343
2459392 zg 3.9197974204737256 -8.521623296153585
2459396 zg 3.977989411293321 1.6280884692649968
2459399 zg 3.0486893290067867 5.102819429063876
2459405 zg 3.2754824506195193 -1.092683390800881
2459407 zg 3.762702888817197 -2.6030359477936496
2459409 zg 3.2827811999544325 3.4291140774226485
2459412 zg 5.187600649629351 -0.1277989334257603
2459419 zg 14.032566969482293 -7.689912140937098
2459427 zg 5.017478561861781 9.029596464500537
2459434 zg 3.9284676724012035 -8.70481736231161
2459438 zg 4.427727104089327 -0.8262683146443744
2459440 zg 7.402489474445456 8.766368266451591
2459443 zg 13.091010222128968 2.1916040050887027
2459447 zg 11.344480190348586 34.25931375639063
2459450 zg 14.808315198228188 -2.3374937714217237
2459454 zg 3.9393374399453185 -0.6961477781229962
2459457 zg 5.3922067529735545 6.208021116387141
2459460 zg 4.379776078844384 3.966529469449985
2459462 zg 4.547832173082077 -0.1654695628504171
2459601 zg 7.528242816970733 -7.497237491646212
2459637 zg 5.575191130795475 4.09881129219413
2459675 zg 3.1669553295183293 16.858859252753597
2459677 zg 4.150148365484269 7.636134966289591
2459694 zg 3.5815060828158227 11.492626917740543
2459696 zg 3.3685417748718844 13.786554148903335
2459698 zg 3.6129334359993925 18.09734385395929
2459713 zg 8.913018112282293 3.0049986915492877
2459717 zg 9.478268784087787 16.789257620237315
2459723 zg 3.2080559768494528 18.849687462807236
2459732 zg 3.1019140860570893 24.162759181276417
2459735 zg 2.6947670205535403 22.802965534903553
2459741 zg 7.349742183521716 29.184551036098078
2459747 zg 4.409769291464413 21.859138450127652
2459750 zg 3.6564527045004422 26.175957552536108
2459752 zg 3.2544325645728076 22.848200166596744
2459755 zg 3.291864402749349 22.316003420039145
2459762 zg 3.0481038883793112 27.598191363553887
2459764 zg 3.4839769809603576 22.946602556075412
2459766 zg 3.4203117558797955 37.32283558425202
2459769 zg 5.638478389612361 25.405191133050113
2459771 zg 9.927374954202346 22.43015610839231
2459771 zg 7.574080602179488 19.636173135386116
2459781 zg 3.622930144608597 31.595823203186537
2459783 zg 3.5535297875889458 30.412642691647783
2459790 zg 4.361299069852862 32.060241893136116
2459794 zg 4.029615633601105 29.896595102230638
2459798 zg 8.054572192108616 39.30928731955269
2459806 zg 3.7557781138638013 31.70848259758462
2459808 zg 6.200115599466161 43.98070417214833
2459810 zg 4.444310874196146 40.30889923252855
2459812 zg 5.8036071752358 35.3823255881608
2459815 zg 4.326939730350985 42.16771459881276
2459823 zg 5.585805195700038 46.15964264120784
2459826 zg 9.18429583838626 47.51637870662047
2459828 zg 12.133458277358422 36.60218854969937
2459830 zg 11.074280542804058 31.51726549751121
2459994 zg 4.083411839628323 27.12879976675969
2460016 zg 11.338208482913721 19.602801272155745
2460043 zg 8.953496210031636 17.16700987481577
2460045 zg 4.462886775421002 26.3929444349191
2460049 zg 3.3984061180309646 27.115694725641397
2460051 zg 2.6849235525393436 23.101453908870557
2460057 zg 3.2604329757865136 24.701342377959314
2460059 zg 3.2377397533308634 19.033986080488198
2460067 zg 9.401796389800044 31.671138063932226
2458198 zr 4.130007595025992 4.929437899799532
2458198 zr 3.8443410724535 -1.8023657323151572
2458219 zr 8.095653416004629 3.8646773232170712
2458219 zr 5.336171327625134 4.481883323722139
2458230 zr 4.453029066075145 -3.6768619450025284
2458244 zr 7.774131943578338 -8.783288831569601
2458247 zr 4.107247276619372 3.3857362547242063
2458257 zr 4.08837618954924 -0.38760537681587115
2458257 zr 4.352857341661934 -1.5983405029267133
2458272 zr 4.95360329644486 -0.6740150228816985
2458278 zr 4.8409647980801385 -0.2770137547349597
2458281 zr 3.8906477410665263 0.8048307252938067
2458284 zr 4.722064605155114 4.75516534650983
2458290 zr 4.845425545366738 -5.2443970467951155
2458296 zr 8.536967990043827 1.8947789313309518
2458300 zr 6.351344841898233 -2.2502655108256526
2458303 zr 5.317668052721691 9.957689331933917
2458316 zr 4.572270593006713 0.6881509848261739
2458331 zr 5.749495851622677 6.267528038611028
2458337 zr 4.823162837231529 -2.91504794479921
2458362 zr 6.144340528130723 6.245225257423799
2458487 zr 6.531936251929692 -1.2650627935768954
2458487 zr 7.178994535784495 2.8156868372039083
2458487 zr 9.191881771626653 2.2804181073412972
2458488 zr 7.1618164065139105 -3.484021562182294
2458488 zr 5.380588325130406 9.389781242187228
2458488 zr 5.229133926597983 8.237329528803011
2458488 zr 5.285968974623563 4.932619064191711
2458558 zr 9.518540991292209 -19.267076949375582
2458568 zr 8.073315174589364 -7.245984970475035
2458573 zr 4.4378685478778 -0.36397804136305895
2458584 zr 4.77894381454864 -2.3816001629597867
2458591 zr 8.514925371745528 9.61243586062396
2458597 zr 5.670609811177189 -2.9224572367771224
2458606 zr 4.047164438003394 -0.5526984513871128
2458617 zr 5.556863962485032 0.23782408683792197
2458628 zr 4.6244014628190495 2.41315351555739
2458633 zr 3.9338872793787516 3.0216383615398534
2458636 zr 4.1836067045732355 -3.3778283919284076
2458639 zr 3.984289164383025 2.525690167296874
2458642 zr 4.141435008016748 4.2668794395721585
2458646 zr 5.929825831316926 -2.785761201048769
2458651 zr 12.186096654748646 -2.348131606514669
2458654 zr 4.168222084798614 -0.5784107097520202
2458660 zr 3.644124348552346 0.6274811916964085
2458665 zr 4.014411717312277 5.411228229191878
2458668 zr 4.253774211782808 -3.878954446592756
2458675 zr 7.156487661353587 7.344237979280463
2458678 zr 7.403263097951986 -8.458877893205901
2458682 zr 5.686299951868418 -3.893990587155309
2458685 zr 5.196623149807236 7.736340927833186
2458692 zr 4.730770986020724 -5.153856215773611
2458698 zr 5.69678415681619 -2.2729655137190212
2458712 zr 7.142054890594225 7.888278284344059
2458715 zr 5.184711672000834 -1.986446856426061
2458718 zr 6.173240129103685 7.266607952930664
2458726 zr 6.4634693409237824 -6.877839780129083
2458737 zr 10.635336105443383 24.478607037466617
2458761 zr 8.538949197096372 -10.800843259759727
2458764 zr 10.100694115356944 11.877432620069309
2458764 zr 9.267584103857294 -3.321238358417181
2458764 zr 9.15595507346989 14.97344247923561
2458766 zr 14.827386845988153 16.67038883128396
2458768 zr 15.96654104071565 -12.619785509586373
2458768 zr 12.995014984268172 14.984508660302453
2458770 zr 15.818916427269631 39.27200851597607
2458770 zr 15.788069162404748 2.7305871418737833
2458770 zr 15.218671110725271 -4.985232942172768
2458850 zr 9.446817502479002 4.41633533239483
2458850 zr 9.46463026618138 6.665967395301906
2458852 zr 8.916705636755776 1.0265188164105532
2458852 zr 15.235000695816769 15.392642293488835
2458854 zr 7.603668660268749 -1.9595163039587296
2458854 zr 5.766511608680251 -4.56020962002981
2458854 zr 5.17274683525248 9.401664737229316
2458854 zr 5.0643209790931065 -4.346816873134788
2458856 zr 4.84084551913533 5.065664848864906
2458856 zr 5.572239377171749 3.633081399764219
2458856 zr 5.9444704245038515 -0.9923026783443744
2458856 zr 8.099600952392818 -1.0442073432170271
2458893 zr 5.697878321914721 -4.452681264682955
2458912 zr 4.641469809165097 5.478647835145678
2458916 zr 5.285968974623563 2.5001780618208533
2458944 zr 7.032341084416764 5.484646003461924
2458966 zr 3.887065971789169 -0.10917967997975203
2458972 zr 4.867791013493736 -3.546710001392239
2458975 zr 8.412085012353277 1.0782367466614096
2458978 zr 9.14714419979161 3.5835565286222972
2458981 zr 4.935387123508067 0.39096447417855335
2458986 zr 3.58420786091148 4.778910116003814
2458992 zr 3.644124348552346 -0.7437426901763619
2458995 zr 3.664318270393498 -0.15525946390680156
2458998 zr 3.952045278039209 -1.5046046235649637
2459001 zr 5.239878582084296 -12.035150096276618
2459012 zr 3.416881871474086 5.41361056931689
2459019 zr 3.644124348552346 0.5315257255933804
2459022 zr 3.6340691590250533 -2.492790890182702
2459028 zr 5.059783385002893 6.193512924847101
2459036 zr 6.727596876793625 -1.346959409616278
2459042 zr 4.095914197434445 1.0335333851955057
2459045 zr 3.577611583300307 -5.394196862344668
2459048 zr 3.9338872793787516 0.4757786250716167
2459051 zr 4.218430033351693 1.0468386493144712
2459064 zr 11.545155503588738 6.908763954598223
2459130 zr 7.39012709208199 6.904810358392971
2459130 zr 5.900316073009212 3.2285632113367853
2459130 zr 6.6262175910772925 10.252008842185576
2459130 zr 8.705714683323867 -2.341999430832755
2459130 zr 6.67820828882724 -3.9675635426270266
2459218 zr 9.04829051206001 5.946283034191165
2459219 zr 7.328636540786996 -4.23195318153641
2459219 zr 9.459883448426945 -18.11504145279251
2459219 zr 10.25854542037752 1.614066106113758
2459220 zr 7.738413051843438 -1.754366454953037
2459220 zr 8.38115076385298 11.382454258296828
2459220 zr 9.641986874907317 -14.439998484746758
2459222 zr 11.364312466325966 -18.599287903035517
2459231 zr 4.985643531675381 -3.3484752720862256
2459233 zr 4.732117610395599 1.889948628348392
2459254 zr 4.324883706510187 -4.796686187084796
2459256 zr 4.405289297786855 4.312912104309078
2459266 zr 4.234229894598822 -6.100405643531881
2459267 zr 7.0706600982686405 0.8148869595004522
2459270 zr 4.674465131851143 -2.972937091183029
2459271 zr 7.702348834603888 -0.5913809716445676
2459273 zr 10.284196935980587 -0.716505078883921
2459275 zr 9.5755101347019 -11.352993440602178
2459280 zr 5.707287692181701 -0.2018241739257904
2459291 zr 5.988432665239196 -9.311125573068612
2459291 zr 5.555518648639645 -0.1897046204735106
2459291 zr 4.332857778848657 5.087048489838802
2459291 zr 4.218659115229085 9.368164394316427
2459291 zr 4.507901667394691 -4.308800048161142
2459291 zr 4.5303517642448545 7.445546557221945
2459291 zr 6.299053208976759 -0.16554356197277706
2459291 zr 4.827488230933398 -1.3307065240069444
2459291 zr 4.249858144639602 0.20189845705198245
2459291 zr 4.179982215982031 0.9131814643843572
2459291 zr 5.551748257866198 -6.575589683650955
2459291 zr 5.237506919769098 2.377799866220017
2459291 zr 4.899155493468171 -0.13927375375779255
2459291 zr 4.233999967196063 3.861585656957841
2459291 zr 5.285968974623563 5.041793346663836
2459291 zr 4.8901392223842155 -2.2250804123462284
2459291 zr 5.389203830094573 -2.4383287341803235
2459291 zr 5.522213211571548 3.1405717764244967
2459291 zr 6.511413519570109 3.671213464646758
2459291 zr 5.339795312396175 2.269155623435296
2459291 zr 5.062028777273919 -6.7713131547505325
2459291 zr 4.806794215752748 5.5847558639814805
2459291 zr 5.94623320277535 2.038302449211984
2459291 zr 3.777651684124091 0.9770845041697237
2459291 zr 4.301049433093776 4.2072483974603445
2459291 zr 4.75260723274733 3.1044514206695757
2459291 zr 5.247163655507117 -2.081797192364053
2459291 zr 4.222546433767076 -9.810560461966734
2459291 zr 4.095914197434445 5.452697859247033
2459291 zr 4.289181597894027 -1.1476662243651254
2459291 zr 6.614022882388794 -7.01646182590455
2459291 zr 5.090080019138522 0.19065342125340612
2459291 zr 4.872276480019703 7.634032557628014
2459291 zr 3.8514291367543625 -0.571108714805205
2459291 zr 4.187461723775817 4.6787256017980345
2459291 zr 4.084612389481844 1.3823432999211456
2459291 zr 4.160551003465364 -4.565736678839913
2459291 zr 4.328868906581547 1.7811370179651949
2459291 zr 4.389089471744523 8.369290987169476
2459291 zr 4.336850326695294 1.4897829414589054
2459291 zr 4.156946489296119 -2.324296068498691
2459291 zr 4.01745342223932 5.965435889931195
2459291 zr 4.356868318272125 3.0797859410317887
2459291 zr 4.320902175253945 11.892828857439099
2459291 zr 4.062102242366344 7.25355268597417
2459291 zr 3.973295362073472 8.314735353669306
2459291 zr 4.084612389481844 4.189350008815766
2459291 zr 5.576023684197082 0.6179391875345683
2459291 zr 6.316342816457432 -1.919976166202136
2459291 zr 4.111031933791827 -5.33728132657121
2459291 zr 5.2834940621015125 -7.796370334850382
2459291 zr 4.095914197434445 4.414694849382939
2459291 zr 5.803809788882579 -2.899405479870727
2459291 zr 4.972009211831053 2.268152427797366
2459291 zr 5.315261181507422 0.5396454638022161
2459291 zr 4.548367313983403 -4.624298867487379
2459291 zr 5.017891005276073 -6.9999174278288425
2459291 zr 5.766511608680251 -4.156240606096794
2459291 zr 6.107197117322497 5.167978016995218
2459291 zr 5.073658400529813 4.777635715468266
2459291 zr 4.867791013493736 1.7274409603424312
2459291 zr 4.556753437737195 -6.2768079763831075
2459291 zr 5.139504180751332 -1.6745303594255578
2459291 zr 5.153724793060117 1.467085463311999
2459291 zr 4.967309535321761 -0.5007152769718017
2459291 zr 4.340846553508376 2.7125198226709517
2459291 zr 5.0087796304385455 -0.18853364490316898
2459291 zr 5.935289918661168 -0.18069946425723216
2459291 zr 4.637196825571974 1.137147787320414
2459291 zr 5.097077343650895 -1.8098405673133173
2459291 zr 5.04105253779627 -0.4719424826401912
2459291 zr 4.429701216606954 3.5436347707445295
2459291 zr 5.232685218442308 2.5927568300057966
2459291 zr 6.2470542427369375 -2.5548269473952825
2459291 zr 4.1720629277153325 3.97093528141086
2459291 zr 4.506667631800863 -7.144741081080464
2459291 zr 4.65431239871804 -2.376374117409747
2459291 zr 4.930843556691598 4.974582462955052
2459291 zr 5.532394879011806 -0.49762877825128066
2459291 zr 6.4873255597652815 -8.586376672194133
2459291 zr 5.211001805905032 -11.19392650557904
2459291 zr 5.139504180751332 0.8243605905545807
2459291 zr 5.329968099903411 -3.399580787855725
2459291 zr 4.5693616236138554 5.633541068412168
2459291 zr 5.115890304020688 8.03365780131824
2459291 zr 4.881259816391551 2.155033186471789
2459291 zr 5.068987539790876 -4.14647653435796
2459291 zr 4.962858862766697 -3.8102116342310173
2459291 zr 5.235054697381435 -0.12576090245231286
2459291 zr 4.491324498929396 -10.381536547168992
2459291 zr 5.332381630744982 3.0971248328201333
2459291 zr 4.265544077471685 4.216438743668472
2459291 zr 5.40044770494794 -1.7368038391239708
2459291 zr 5.389203830094573 -0.54108683925899
2459291 zr 5.315261181507422 -7.765444889238778
2459291 zr 4.145251167758716 -1.2667211248297343
2459291 zr 4.801002416948828 0.1800774493614989
2459291 zr 4.556753437737195 -0.8118300790010422
2459291 zr 4.590452838574592 7.993416866046056
2459291 zr 4.424411677395242 -10.97022693179165
2459291 zr 4.8276071807532155 2.6249520175527548
2459291 zr 4.765757330993363 0.5395629149875927
2459291 zr 4.5399966238212075 4.554244123459874
2459300 zr 8.116725260715766 -0.015312184966926944
2459302 zr 9.3172023071969 -7.2498611000585225
2459307 zr 4.502518748442335 0.3166424722646688
2459316 zr 3.604069755425156 4.8198790059408685
2459322 zr 5.419068113121645 -2.745493670707914
2459324 zr 5.305479120954682 4.766629560929727
2459328 zr 7.031693953175978 -8.308752310321102
2459334 zr 6.380802124741097 -0.08187513658335913
2459336 zr 4.586226821715554 6.272567846460296
2459339 zr 4.145251167758716 2.918053018118891
2459341 zr 4.465350254602536 1.0926147566558748
2459343 zr 4.080852054406504 11.516323970656789
2459345 zr 3.7602949512442416 -2.1585161957428793
2459347 zr 3.2963245474141263 -4.297401143092805
2459349 zr 4.043438577887238 4.249425844532103
2459352 zr 4.277346509472597 2.796395671569803
2459358 zr 9.89659472054409 -6.912645686393815
2459361 zr 9.364525695555313 -18.6182708418753
2459363 zr 5.873719063715807 -1.7203273187334116
2459365 zr 5.760096575004328 11.58561461356867
2459368 zr 3.869206525921719 2.6938253494979905
2459370 zr 4.164384777800352 0.6313098480696313
2459376 zr 3.6407695311792105 4.749121569259467
2459378 zr 4.245945682667022 5.435781900197272
2459382 zr 5.460466725168274 -8.869407930513496
2459384 zr 6.979481873198175 -13.679987480297177
2459386 zr 8.12774319774284 0.6214053313619389
2459390 zr 7.8605314066987155 -8.874395495601068
2459392 zr 7.274835604569065 9.411374118578637
2459394 zr 5.880874853609475 -2.3557903039106254
2459401 zr 4.428488588343368 5.388637385528812
2459405 zr 4.586226821715554 -2.482298290752308
2459407 zr 4.397181924472197 -0.6236447427527635
2459409 zr 4.409348588259196 -8.05155202428101
2459412 zr 5.671698949043745 -17.432847494896674
2459434 zr 4.114820078368118 -0.24853136414843474
2459438 zr 5.022514782688194 -4.620987644752461
2459440 zr 7.856260379653648 -6.750920830390343
2459449 zr 7.109240129119476 11.641773231553264
2459450 zr 8.916705636755776 2.863346856678556
2459465 zr 6.562358623689688 3.326738150855993
2459467 zr 5.703128679296797 3.065978583720686
2459470 zr 6.410254569156822 1.5389900652874062
2459491 zr 6.916715727713927 1.3940991422182256
2459491 zr 6.6813726211807305 -3.974149887700692
2459491 zr 6.986504776112395 5.781193795833059
2459491 zr 6.903986394241085 1.754416137203725
2459491 zr 6.322302579233105 -0.8735325751893555
2459505 zr 15.041179804976966 -3.463280446112838
2459505 zr 14.278862727263679 -4.028238625924692
2459505 zr 13.091119420206295 6.765038744954194
2459505 zr 11.64388772023096 4.8820762835327285
2459601 zr 7.857124282277708 -4.477746196593881
2459637 zr 6.229816819315063 6.4448120024327
2459641 zr 4.1186117135617275 0.2258319594677003
2459675 zr 3.8906477410665263 2.7591235727510597
2459679 zr 4.512055510888688 8.575865425062148
2459683 zr 6.2182144134857955 10.113330309058423
2459694 zr 5.208643213732734 0.22670560940598428
2459696 zr 4.389089471744523 11.000690401349157
2459700 zr 4.1186117135617275 7.079671690320896
2459709 zr 5.592806127783131 15.686997573592247
2459709 zr 5.40044770494794 9.779283158566738
2459713 zr 10.052770910396656 16.420463855944224
2459719 zr 5.439069519178486 15.366338301372895
2459719 zr 6.144340528130723 -3.5160214545137105
2459725 zr 3.8408019335590624 14.940599245058042
2459730 zr 4.035997144689594 15.725153158368883
2459732 zr 3.894232810794989 4.1670028934347805
2459735 zr 4.0397161478352315 15.517647078527741
2459737 zr 3.823155051638912 5.76205920062965
2459741 zr 7.646310103277824 3.539607078370665
2459747 zr 5.6497569485647015 14.676860542350932
2459752 zr 3.9158127091438715 11.12931944125294
2459760 zr 3.8549780681735952 18.838850932311356
2459762 zr 4.141435008016748 13.056474560213127
2459766 zr 4.156720758541416 17.814163651581147
2459773 zr 7.958218681432024 2.385228793409608
2459775 zr 6.947414066888221 15.908540087525871
2459775 zr 8.294113483972723 7.773871803749104
2459777 zr 4.126205468669772 8.597611604493991
2459779 zr 4.428488588343368 21.434318458162018
2459783 zr 4.519137234109266 10.100346420899545
2459786 zr 4.962858862766697 8.383303276583513
2459798 zr 7.261447197120208 24.98426008488631
2459806 zr 6.369059071929949 21.590459213279786
2459808 zr 5.266530574086045 12.351428579719617
2459810 zr 5.521152779491152 21.176967516708476
2459817 zr 5.777143705131544 6.514640454021945
2459856 zr 8.36315167546012 22.443187684342014
2459856 zr 8.538949197096372 2.8366599124423537
2459856 zr 8.592185666185287 28.92134980877015
2459856 zr 7.614889800239381 28.16634338415335
2459856 zr 8.170561574779247 20.834617924157488
2459857 zr 12.702970004030792 9.978331630622836
2459857 zr 11.095405179257485 10.19517173260086
2459857 zr 12.620370506674712 12.07667801592594
2459857 zr 13.334501501410136 23.25401218600804
2459859 zr 12.563067371756716 0.7310238800866316
2459859 zr 11.47782927504179 25.317043162447487
2459859 zr 14.086895262267264 30.866572379963234
2459860 zr 12.541317603705009 22.45661137194808
2459860 zr 13.386656051552098 17.592213267333836
2459860 zr 12.021071113052509 25.315273252476516
2459860 zr 11.66970185681979 15.454599130324056
2459860 zr 12.413815104624112 10.735833500826537
2459862 zr 13.47031645249981 13.265278626815267
2459862 zr 12.459358688172072 3.4167404583113097
2459862 zr 13.028607747529003 24.078711772074328
2459862 zr 14.646367346413612 30.151652971776414
2459862 zr 14.455811562927522 17.523823981386492
2459937 zr 15.632026607100032 1.734183646762034
2459937 zr 7.688682144907 18.873509447100787
2459952 zr 14.000060824184324 8.199175862212938
2459952 zr 9.538625226704173 18.018964204705778
2459977 zr 8.733130970140493 23.8609950305575
2460016 zr 7.987591916832229 13.594274523978196
2460021 zr 4.908309326723921 15.852636913234482
2460043 zr 7.482791130167484 8.81225603439876
2460045 zr 4.935508731967992 12.681804172774754
2460055 zr 4.092143457801511 0.12532142309930805
2460061 zr 4.590452838574592 9.749551371773824
2460063 zr 4.024860665157113 3.458001750087379
2460067 zr 10.456115804116289 3.819080476408514
