jd filt fluxerr adjflux
2458363 zg 6.6286278269126635 2.972445064768646
2458365 zg 5.169367908067511 2.5327146748498794
2458369 zg 4.999475851389622 -2.2785554081529824
2458372 zg 2.1401915520514057 -1.640123442480995
2458378 zg 2.820818324792891 -5.32242592291645
2458381 zg 1.9128410620315122 -0.45832841080637365
2458383 zg 2.171383534666459 2.9054483153428183
2458384 zg 17.005644468336726 9.114403066256028
2458387 zg 6.926060862820864 1.8416594904002732
2458389 zg 5.83407341509711 3.187060558332245
2458422 zg 4.299832423774199 2.8166933010299715
2458425 zg 2.149542537242184 1.4722358635426005
2458428 zg 2.178988325423584 1.4722358635426005
2458430 zg 1.6043623795435924 -2.2721918217635126
2458438 zg 4.294097817918103 0.13996469685413615
2458439 zg 2.290725852940301 -0.8664097913192226
2458440 zg 6.843570583567441 -0.5144074702612453
2458443 zg 6.254579985248442 8.051043506505877
2458443 zg 5.9233132788398795 -4.571095662506769
2458450 zg 4.012611008043223 -1.3063638966681097
2458462 zg 3.0917387351601753 -3.9313222566465242
2458466 zg 4.273787199427151 2.8056448360285735
2458469 zg 6.414706588201918 -2.9382011930379903
2458472 zg 6.660745331774118 4.967724433459203
2458476 zg 6.995519103483146 1.6503832304236354
2458487 zg 2.4633262295402285 5.840856904976288
2458492 zg 22.189530810821296 7.627715614868787
2458493 zg 3.030870683403355 -1.9995589002852912
2458542 zg 2.4439117845450986 -2.2018041708461986
2458547 zg 3.3026142463529036 6.205011382147664
2458560 zg 7.7449002090623145 -4.050900324466637
2458573 zg 3.446051038619013 -4.879023913924038
2458582 zg 11.724901852930374 4.850896772464669
2458717 zg 7.478613421625538 2.1401378413260836
2458722 zg 3.1600093957534794 -3.4085626823819357
2458725 zg 3.057160171706495 1.9539379566700035
2458730 zg 3.6016209922106848 -1.2041210404372862
2458733 zg 3.2589787777580885 7.42761525232774
2458736 zg 2.323117732463619 0.12280411591407159
2458740 zg 6.922688205740757 6.841490740638434
2458745 zg 6.306362515469695 -0.5064182950779337
2458750 zg 4.235076234380707 -0.4261205288468819
2458756 zg 2.921255541868823 1.640408482154415
2458763 zg 2.3657804251211263 5.085524539603703
2458766 zg 2.1800598897402206 -1.320862694226725
2458768 zg 6.568278066669001 9.148142049144923
2458775 zg 6.205165766175018 -1.640123442480995
2458779 zg 2.8743648560790276 3.006082534642685
2458788 zg 2.4965871794327925 -1.0931022115185076
2458791 zg 2.9723808269687484 0.806847526709733
2458794 zg 7.0241932277634165 5.177824331348438
2458800 zg 10.865723916585617 7.9876620571772285
2458805 zg 5.163968749782207 2.1192961967191426
2458812 zg 2.2255958434779552 -3.1585901776132026
2458830 zg 11.861617205289965 18.69117973283437
2458863 zg 30.4735976587265 12.917178730961254
2458867 zg 2.2663552277096985 -3.063495702281994
2458871 zg 2.2828029470076787 -0.9502585179382947
2458876 zg 2.079862491032903 -0.9729793023995281
2458877 zg 2.797544765534772 -4.245695545230061
2458880 zg 3.080758656277291 3.533667294721539
2458886 zg 8.790742002465473 0.8622148759702082
2458893 zg 2.212707179097422 -1.040766188097633
2458896 zg 2.4731024596091196 1.3453983045163014
2458899 zg 2.257215985511783 -0.9880916518001186
2458903 zg 2.7766924930323382 4.096311299654218
2458904 zg 2.8673530701780603 -0.23860472094227703
2459092 zg 2.9347797416938586 1.297017585651183
2459095 zg 7.894619648177416 -1.2772860551046898
2459111 zg 4.114100196604386 -3.180749790325555
2459113 zg 2.6417881413852577 5.085524539603703
2459113 zg 4.173662189204559 9.540640444330027
2459116 zg 2.119281434261238 4.430719473014507
2459118 zg 2.0440167343910147 0.6788407466356983
2459121 zg 5.9533028721342545 -1.145101897515616
2459123 zg 10.168684906165073 10.495502091963967
2459125 zg 6.9635670871322315 3.2098709102704657
2459129 zg 6.3348400074388245 -1.4216098915363888
2459137 zg 2.4197460590513673 1.9950493471528024
2459139 zg 3.318019132915255 5.951977075288857
2459141 zg 1.8861149397941632 1.210491774017667
2459143 zg 1.8459780272442212 3.6631752574235676
2459145 zg 1.7476636363718623 -1.040766188097633
2459150 zg 3.247878480266141 3.0173156946289676
2459152 zg 7.52293559085269 3.2098709102704657
2459155 zg 6.115131046036165 0.9365155747766103
2459156 zg 7.685991673815707 -0.8893619385873368
2459158 zg 6.045162376376395 -0.004897573241311903
2459165 zg 2.073700554407946 1.0962340982285497
2459169 zg 2.58524954117462 1.9539379566700035
2459171 zg 1.9402375411925077 0.3045765376233387
2459173 zg 4.905289215412199 0.4988135723585021
2459175 zg 16.275651527353748 -2.571128038191558
2459176 zg 1.8460258996789791 0.26968162092754433
2459176 zg 1.8587081818567763 2.827751946731359
2459177 zg 2.268516248272518 0.436583440510514
2459178 zg 3.086559036254389 -4.4243387416656565
2459178 zg 2.996643311767437 3.475232393123841
2459184 zg 8.34107420674583 -4.798978203246286
2459185 zg 7.648487890507482 -0.804893109984075
2459188 zg 4.7320789370525 3.2556178625252308
2459188 zg 5.017478561861782 5.151392212036498
2459190 zg 3.0157470934537485 2.0673597400268218
2459190 zg 2.940018245755507 -1.492780956431675
2459193 zg 2.019086662255673 3.0623519388845466
2459193 zg 1.8515038086814346 -0.047074246096256545
2459198 zg 2.4662186464168343 -0.6569614701612085
2459198 zg 2.5667467118289613 -1.570315720823408
2459199 zg 2.727373129457753 0.5884126345396297
2459200 zg 4.534012894082829 -3.44039393519821
2459200 zg 4.566689661097254 -6.962129664360357
2459203 zg 3.0383499251263 6.376046537112023
2459204 zg 2.1566779093646393 -1.9796785825212702
2459210 zg 8.336691463307814 14.761078728706725
2459216 zg 4.940008213769233 -8.659227440331748
2459218 zg 4.077230758461102 2.40392371335186
2459220 zg 2.7688909753842053 2.2028936213396495
2459221 zg 2.3088327389581105 -4.335839802507977
2459221 zg 2.220027849410195 1.8721681636643872
2459222 zg 2.368257262918902 -3.97948414027518
2459223 zg 2.4970459102933016 8.19450841371599
2459223 zg 2.321979484401121 -0.6961421815495967
2459226 zg 2.838295949523498 2.5327146748498794
2459227 zg 2.1337877588806555 -3.6685249454560482
2459227 zg 2.4174516714729446 -1.0332620305338054
2459228 zg 2.335875446413023 -1.42875653216983
2459231 zg 3.045541880081948 2.9277394402799484
2459232 zg 2.901047781182684 -2.4108457056947374
2459233 zg 2.7718844125506075 -5.389423804583417
2459233 zg 2.803211008405241 5.6620238171010815
2459251 zg 2.680302587837338 0.9551764490137735
2459253 zg 3.296774433788979 0.08857764149571423
2459255 zg 1.6953180158844752 1.3940023386332605
2459257 zg 1.5403166749885022 0.8900135014067736
2459260 zg 2.634424676053819 -2.2082325568120718
2459265 zg 3.61874334007092 -0.5303637626547708
2459267 zg 6.567203780534418 3.1302181700314016
2459269 zg 5.8509141318474915 -0.7817072439716384
2459271 zg 7.071323451794828 -7.179957056490569
2459273 zg 6.897545462507802 4.531410993367228
2459301 zg 12.241363170129318 4.954695707653505
2459460 zg 3.5975511303494874 26.43980480964577
2459464 zg 2.6782904788756023 37.58393957308286
2459467 zg 2.95174398105387 43.234260488611916
2459470 zg 2.3313950434145014 52.02874339049842
2459473 zg 2.182478365276566 64.77920044253126
2459475 zg 2.69300262004677 73.69100823751872
2459477 zg 7.113409938318436 76.23047530363691
2459484 zg 7.417478701030161 111.50719166669778
2459498 zg 2.3399236828231826 104.05932965692404
2459503 zg 2.5346487661221713 98.35260357595311
2459509 zg 6.533753155905535 83.07670748234467
2459517 zg 2.3179327338798346 72.65979461793982
2459521 zg 1.8329713637362273 72.63848266665266
2459523 zg 2.029767369352807 68.26570039682579
2459525 zg 1.9772086044397497 66.92614972601436
2459532 zg 3.5077000594402534 67.17377943162768
2459537 zg 3.768634545272343 57.30080109236325
2459540 zg 7.347726167800716 55.23597246614351
2459636 zg 2.55105000439889 14.68557063264519
2459840 zg 3.1056649837164714 -0.984516900167707
2459843 zg 2.2672417323605862 -1.1900546166889356
2459846 zg 2.5112093514581093 -2.8065188206256413
2459848 zg 2.473224971322413 -0.04797460717803137
2459850 zg 2.295432762430278 0.4045532997420636
2459853 zg 1.5604440984237729 -0.638893945068403
2459855 zg 1.9856782183624517 -1.619754480749826
2459857 zg 1.9654964981785996 1.5377515545425926
2459859 zg 2.954016344744401 -0.4964435944598583
2459861 zg 10.889245983311053 6.821897515858254
2459863 zg 9.695106282413038 7.927118836211818
2459872 zg 3.528003604984347 -4.007893124083475
2459874 zg 1.5498661839185806 -1.2523060484390232
2459878 zg 2.424561213372071 -2.030223819118588
2459882 zg 4.558119294426004 -8.751163407082064
2459887 zg 4.7266405272566905 -0.765386659644247
2459905 zg 3.150516061437577 3.361677696263885
2459910 zg 3.294631087178475 7.039029369473219
2459922 zg 9.291386600535144 -7.0645845599476775
2459928 zg 4.474048657032078 3.637135330507501
2459932 zg 2.170450808095058 1.465995809973308
2459934 zg 2.555607786160314 3.497068882323088
2459936 zg 2.9090056010272725 1.3617693210755901
2459940 zg 3.0086256593129503 7.512245840207854
2459958 zg 3.2468330665699043 3.492801793322303
2460020 zg 3.043774559059793 1.3403230499069596
2460030 zg 3.9197583316888993 -6.6712740031008755
2458359 zr 6.939301885402034 -6.005984729759845
2458360 zr 6.20605021949927 5.776492895950767
2458366 zr 6.04798689775191 -1.3206518675845587
2458368 zr 2.901695974665367 0.5652886597694362
2458371 zr 3.1463311478797418 -2.995830294279628
2458375 zr 3.1930405192152436 -1.5871065287117005
2458377 zr 3.4767220605957547 9.964416660585528
2458380 zr 3.1805604410564565 -4.556027183365686
2458386 zr 6.545763011170104 2.2110975639304797
2458390 zr 4.046825171938619 -0.24744020014071566
2458422 zr 5.418681421348444 -2.995830294279628
2458425 zr 5.484713423289246 3.044290696636594
2458428 zr 3.499144845434691 -2.908391946172145
2458429 zr 2.6879623645556796 -0.6064961815239229
2458432 zr 3.549494732134381 0.928669618054883
2458437 zr 3.4527611464946784 -1.764334385665535
2458439 zr 4.147196424483624 4.448386178509182
2458441 zr 4.532555872474789 4.63706883669181
2458443 zr 4.37016675554905 -1.053459946928001
2458447 zr 11.42514602794643 3.7907272491328996
2458448 zr 6.321364623452013 3.044290696636594
2458449 zr 9.127190677547048 2.2110975639304797
2458450 zr 4.417736280953428 4.166013078438908
2458456 zr 4.317176326114597 1.8430006589205874
2458456 zr 3.5575516931693554 -5.92132011349932
2458462 zr 5.3478200432240435 3.9781973383238523
2458466 zr 3.7559036492418314 -7.2666408653688705
2458472 zr 6.148242938821172 -1.1426059640121338
2458476 zr 5.359147234115967 9.865127475946977
2458480 zr 4.7370205914461465 1.0197242292556723
2458523 zr 3.139177470402764 5.395284755731012
2458547 zr 3.048006359624992 2.3956551860509876
2458560 zr 5.013912892403576 -2.382067269981661
2458582 zr 7.1983743014495 10.662007423244702
2458586 zr 8.713246917413722 16.092271091685504
2458716 zr 6.642939201721098 3.697121624799337
2458722 zr 3.699010171684031 7.801040501295361
2458726 zr 4.205907921768213 1.3847824778355289
2458734 zr 4.559213773123753 -9.492393435839134
2458737 zr 4.607923629303552 -1.6757612654078855
2458739 zr 6.047511900317651 0.11294103206581951
2458740 zr 5.9469408436572175 6.254982291288883
2458744 zr 7.473353426812613 8.877249134345547
2458748 zr 5.581538703634317 4.8260993814925115
2458751 zr 4.289431994988328 1.2020852380569949
2458757 zr 3.1276335908754618 5.015478454332296
2458757 zr 3.704775707291128 2.6731298421566265
2458760 zr 3.504019674266967 -0.3373282470764707
2458761 zr 3.759116503257775 1.6594601269981837
2458767 zr 3.327389585816198 -0.24744020014071566
2458769 zr 6.2002734226261245 1.1108627434850575
2458770 zr 10.121034557522057 1.1108627434850575
2458775 zr 9.38908569071549 3.044290696636594
2458776 zr 5.987021829512872 -2.2940633648297535
2458777 zr 4.97253442615569 3.9781973383238523
2458782 zr 3.8751256205299516 4.731540583203881
2458785 zr 3.6667878671061183 -0.7855287268016724
2458789 zr 5.0836633686999155 -1.053459946928001
2458791 zr 3.7065216053071257 5.30020195968595
2458805 zr 4.751950776034777 5.30020195968595
2458805 zr 4.997513092785523 -5.92132011349932
2458812 zr 3.7771298937289908 4.63706883669181
2458830 zr 7.311397235270548 -5.5818807801015
2458846 zr 4.418470230516711 -1.9412360773431487
2458859 zr 7.783887162220905 10.462236633723322
2458860 zr 7.912760203804843 -10.222095679782214
2458860 zr 7.31342571809367 -4.470026491661585
2458861 zr 6.380201948266456 -1.6757612654078855
2458867 zr 3.0790438138048777 3.4168214801911034
2458871 zr 3.201875416456893 -1.3206518675845587
2458873 zr 3.09610634081392 3.9781973383238523
2458874 zr 5.7153899193057 -3.865798666311406
2458877 zr 4.039377506146369 -0.42713354217592325
2458880 zr 4.556927352658809 -0.8749214040503261
2458882 zr 4.896346061135003 6.350944877613401
2458883 zr 11.207789138521072 10.762030899540378
2458886 zr 7.087953417147129 -7.350066965870752
2458890 zr 6.178483666723914 6.928580185998825
2458896 zr 3.155036803887688 -2.7332734633352658
2458899 zr 3.0702233710539235 -2.645593180051634
2458904 zr 3.9733966406808623 9.964416660585528
2458914 zr 15.347978325827901 -2.1178122040109173
2459095 zr 7.643494115894237 -4.641948701971458
2459096 zr 8.51802977141418 -8.097454210732181
2459107 zr 7.660017865481019 -9.410941399885644
2459108 zr 4.030459907561795 1.5678165685230425
2459110 zr 3.9037840531982666 5.490455166609067
2459112 zr 2.7253556458546924 0.7468117958441667
2459114 zr 2.6830155125166715 -0.7855287268016724
2459114 zr 3.09863179813625 -1.764334385665535
2459119 zr 2.902791674549439 -2.382067269981661
2459123 zr 5.02315737313784 -2.2059783677469227
2459124 zr 6.414705632802485 6.063322069663656
2459124 zr 7.897209571303644 -9.492393435839134
2459126 zr 5.364804996725612 0.8376988326413368
2459130 zr 4.702245208428421 0.29363014508882657
2459131 zr 5.405715425975675 -0.06741554568122865
2459135 zr 3.1218775799988556 4.8260993814925115
2459137 zr 3.555375910780306 3.697121624799337
2459139 zr 3.4713919578822736 3.9781973383238523
2459141 zr 3.7012738538910406 -2.2059783677469227
2459143 zr 2.6879623645556796 -0.6064961815239229
2459145 zr 2.8198316686936775 4.166013078438908
2459149 zr 4.62306417894523 -11.345233297060716
2459150 zr 3.7824255153219957 -2.382067269981661
2459152 zr 5.904189358187993 -7.599884732711871
2459155 zr 5.3955008333364 -1.8528259646211893
2459158 zr 7.61253005412542 6.7356802933265385
2459165 zr 3.423762674644448 2.580553089189067
2459167 zr 3.5833215850852618 -2.995830294279628
2459169 zr 3.465003303557524 3.7907272491328996
2459171 zr 3.1495746570529692 8.975628030268211
2459175 zr 4.962835984000285 -4.984844502159078
2459179 zr 5.377454997919351 4.542684061816175
2459181 zr 7.532182855592345 -1.6757612654078855
2459182 zr 6.7552663674137055 18.532541117090545
2459182 zr 5.959513962898967 -2.7332734633352658
2459184 zr 9.547769568460415 5.776492895950767
2459185 zr 7.344466896020042 14.42492467185366
2459187 zr 6.8160638281340775 2.1189461625059494
2459188 zr 4.711326109023976 8.680762964913214
2459188 zr 4.470949730573633 5.395284755731012
2459192 zr 7.474582639087095 2.3033338790306885
2459193 zr 2.8354577711194766 4.731540583203881
2459193 zr 2.809462138019614 3.7907272491328996
2459194 zr 3.616477651488184 -2.1178122040109173
2459195 zr 6.10394823151007 -0.42713354217592325
2459195 zr 5.657777503416931 -4.813554511372317
2459196 zr 3.850897155804552 6.6393635157247815
2459198 zr 3.815174816542876 -5.8365774823239605
2459198 zr 3.9990968341386117 10.662007423244702
2459202 zr 3.4745907008813934 4.07206196221199
2459203 zr 4.080509964373173 0.5652886597694362
2459204 zr 3.141738060336065 -0.42713354217592325
2459205 zr 3.3581775425864913 0.6560084305629488
2459205 zr 3.4016178793432013 -0.6960536779270683
2459210 zr 5.770885776736207 1.5678165685230425
2459215 zr 9.667756078133309 -0.6960536779270683
2459216 zr 4.404126255356929 6.063322069663656
2459217 zr 4.292000467728011 3.4168214801911034
2459218 zr 4.425881551686035 4.354175106778229
2459219 zr 3.747714818783151 6.446995889461618
2459219 zr 3.7910710192429837 5.015478454332296
2459220 zr 3.6674307348856345 1.6594601269981837
2459221 zr 6.119749544511159 -8.097454210732181
2459221 zr 3.4623146707126424 -1.4983701003712468
2459222 zr 3.3549459323525395 -2.029564798830066
2459223 zr 3.6893903325083235 -6.848355840045684
2459224 zr 3.8751256205299516 4.731540583203881
2459225 zr 3.6298258206738927 -1.764334385665535
2459225 zr 3.312870271544109 2.0268795965841093
2459227 zr 7.855980199777105 1.293391790355244
2459227 zr 3.9935084290217735 0.6560084305629488
2459228 zr 3.8543506254190807 1.7511881311931035
2459230 zr 3.376786889671662 1.2020852380569949
2459232 zr 3.0409160421887687 -6.175080204754465
2459233 zr 3.364228809405071 -1.764334385665535
2459233 zr 3.3233032577899033 5.205206697815228
2459249 zr 3.2915801126881665 1.3847824778355289
2459251 zr 3.3121016193604853 -0.6960536779270683
2459253 zr 3.5625956719919434 1.293391790355244
2459255 zr 3.1334002144876227 5.205206697815228
2459257 zr 2.583806344375786 2.3033338790306885
2459260 zr 6.015640893213179 4.166013078438908
2459265 zr 4.31578459628607 3.9781973383238523
2459269 zr 4.741280928907103 -2.5578321030419175
2459271 zr 5.29334161083666 1.2020852380569949
2459273 zr 6.822059788158312 -0.42713354217592325
2459291 zr 3.8930123876967437 5.205206697815228
2459293 zr 4.885285574607283 -3.1704655747431616
2459298 zr 8.537206400849616 15.151366296678404
2459301 zr 7.016038048650988 -12.296462961534914
2459460 zr 3.707539491260871 22.167685215967083
2459464 zr 2.931243569135851 30.51003094951295
2459467 zr 3.275559747609414 30.482516181477564
2459470 zr 3.0790438138048777 44.282936439009205
2459473 zr 3.090081779798392 44.918934181857615
2459477 zr 5.538130590877019 36.831927560670024
2459479 zr 6.516446613937464 64.0784411894586
2459484 zr 5.2243439803587615 59.51284371835568
2459488 zr 4.490266372134654 64.74672626221407
2459496 zr 3.080213684557115 61.9105024837879
2459498 zr 3.032360605891178 58.52084234389522
2459509 zr 6.366395552938546 63.899840222064796
2459511 zr 6.717913775574278 52.192134858852135
2459517 zr 2.917775728294647 45.58539067118669
2459521 zr 3.088736398635318 42.566956644986846
2459523 zr 2.6810192164493185 43.041027754135904
2459523 zr 2.6564394845293653 42.12078275935168
2459523 zr 2.755644463477402 42.39596684974922
2459523 zr 2.745996167937457 45.4737115026009
2459523 zr 2.676085142389207 42.85630006985932
2459523 zr 2.5650741666681247 38.700140226207445
2459523 zr 2.758671110353944 45.94825094655965
2459523 zr 2.5816652367973654 39.321296278448735
2459523 zr 2.4516584130940564 37.73209316355706
2459523 zr 2.5413235457411285 41.20897462139158
2459523 zr 2.489233821149195 42.764063754759114
2459523 zr 2.671160148863355 42.671912353334584
2459523 zr 2.4777968306265516 42.30415432202174
2459523 zr 2.432571941689054 40.485550645147406
2459523 zr 2.722846656151209 41.20897462139158
2459523 zr 2.5792885299236086 39.232314323244076
2459523 zr 2.5874126261222283 46.712074239911324
2459523 zr 2.5648381229938697 42.12078275935168
2459523 zr 2.5778977834843118 46.3294590867794
2459523 zr 2.5624769073296076 42.02922356885413
2459523 zr 2.6199917684120586 40.7562101742032
2459523 zr 2.5909555375687714 43.1335192800177
2459523 zr 2.5695670836127205 42.30415432202174
2459523 zr 2.678551043306811 42.94862137687962
2459523 zr 2.6933942388848 43.50433844009786
2459523 zr 2.7153335373433305 40.93706578471281
2459523 zr 2.8645203194469064 39.856912512901566
2459523 zr 2.678551043306811 42.94862137687962
2459523 zr 2.7801205168330685 40.03611002920777
2459523 zr 2.61733890239525 44.15656836556948
2459523 zr 2.5145813669057744 43.78335072252511
2459523 zr 2.6854877994814745 39.856912512901566
2459523 zr 2.5814276663769427 42.764063754759114
2459523 zr 2.7965538320287346 43.876526268081726
2459523 zr 2.848734054397093 39.321296278448735
2459523 zr 2.902791674549439 38.17089892084697
2459523 zr 2.821393248619636 41.48163580888352
2459523 zr 2.8344162081481437 41.93774866866416
2459523 zr 2.7531075895850576 42.30415432202174
2459523 zr 2.6953997494361284 40.215637943752164
2459523 zr 2.7434681763626307 45.379065572321146
2459523 zr 2.588808505710549 39.58873440532344
2459523 zr 2.73337946159148 45.001352369337816
2459523 zr 2.7683639404026277 42.85630006985932
2459523 zr 2.680545501564005 39.67804478677831
2459523 zr 2.7434681763626307 45.379065572321146
2459523 zr 2.581209076974236 36.08293969916705
2459523 zr 2.6687010520771994 42.579845787412744
2459523 zr 2.8291998264816627 41.75505142888563
2459523 zr 2.734409931613017 38.43515398681772
2459523 zr 2.695628009063187 47.192329706553416
2459523 zr 2.5413235457411285 41.20897462139158
2459523 zr 2.671160148863355 42.671912353334584
2459523 zr 2.6053133224891325 43.69026095530935
2459523 zr 2.7505730511642255 42.21242631782682
2459523 zr 2.7258372797372217 44.71897926926754
2459523 zr 2.504147811682227 39.76743746402696
2459523 zr 2.588570277951066 43.041027754135904
2459523 zr 2.589796819012014 46.80794848211752
2459523 zr 2.4393026809353646 40.7562101742032
2459523 zr 2.6929183374309127 40.12583264865271
2459523 zr 2.6199917684120586 40.7562101742032
2459523 zr 2.6005185754749793 43.50433844009786
2459523 zr 2.6831929690969627 33.70461035078295
2459523 zr 2.818795845737186 41.39066502346997
2459523 zr 2.64667080541833 41.75505142888563
2459523 zr 2.745743475429227 49.13562171555157
2459523 zr 2.7153335373433305 40.93706578471281
2459523 zr 2.7028577129878375 40.485550645147406
2459523 zr 2.713013202874934 34.716388708504674
2459523 zr 2.892435097816703 43.96978767101974
2459523 zr 2.6820299469272992 36.60061057462544
2459523 zr 2.7470313943925024 38.87720492542075
2459523 zr 2.800680855888752 40.7562101742032
2459523 zr 2.6488658254535746 45.379065572321146
2459523 zr 2.7258372797372217 44.71897926926754
2459523 zr 2.597904508775318 36.68716752451723
2459523 zr 2.7485264889511636 45.56844464516093
2459523 zr 2.6608670993460364 38.965859662116934
2459523 zr 2.5993555801680728 47.192329706553416
2459523 zr 2.7739582914321694 46.52059046260528
2459523 zr 2.805844655254775 40.93706578471281
2459523 zr 2.7153335373433305 40.93706578471281
2459523 zr 2.8696120256194857 46.52059046260528
2459523 zr 2.6510821383100263 38.611730113485486
2459523 zr 2.8120509402794447 44.43738531797678
2459523 zr 2.6830155125166715 39.76743746402696
2459523 zr 2.483704515252526 35.65372724308799
2459523 zr 2.59334299510379 43.22609603298526
2459523 zr 2.6462031596255002 38.43515398681772
2459523 zr 2.6953997494361284 40.215637943752164
2459523 zr 2.800680855888752 40.7562101742032
2459523 zr 2.673375479168916 46.3294590867794
2459523 zr 2.741674348970839 32.8699621452564
2459523 zr 3.1334002144876227 45.75817288864386
2459523 zr 2.737935315949996 41.75505142888563
2459523 zr 2.5448705332058603 45.001352369337816
2459523 zr 2.6879623645556796 39.94647000930471
2459523 zr 2.6535250000015083 38.700140226207445
2459523 zr 2.632085100946169 41.20897462139158
2459523 zr 2.5366465637529183 41.027618597334374
2459523 zr 2.4972381460280286 39.49950624390063
2459523 zr 2.588570277951066 43.041027754135904
2459523 zr 2.4972381460280286 39.49950624390063
2459523 zr 2.529880029707343 37.38250061608547
2459523 zr 2.629661977040489 41.11825485059807
2459523 zr 2.7033353709611103 43.876526268081726
2459523 zr 2.6904392098384533 40.03611002920777
2459523 zr 2.550938138240416 38.17089892084697
2459523 zr 2.7520962767203057 39.05459609045739
2459523 zr 2.709340710674222 37.557135896549006
2459523 zr 2.7965538320287346 43.876526268081726
2459523 zr 2.6983602268637443 43.69026095530935
2459523 zr 2.745996167937457 45.4737115026009
2459523 zr 2.71283377409332 40.84659633591746
2459523 zr 2.7404582092245717 41.84635798118388
2459523 zr 2.6291973365730734 37.81969272749337
2459523 zr 2.588570277951066 43.041027754135904
2459523 zr 2.720820723745566 44.53116352915249
2459523 zr 2.5601178654241297 41.93774866866416
2459523 zr 2.7394515429203605 38.611730113485486
2459523 zr 2.7178356040209835 41.027618597334374
2459523 zr 2.832847420296743 45.190035027520445
2459523 zr 2.6564394845293653 42.12078275935168
2459523 zr 2.901695974665367 41.11825485059807
2459523 zr 2.791407131238356 43.69026095530935
2459523 zr 2.7028577129878375 40.485550645147406
2459523 zr 2.844877842571226 42.30415432202174
2459523 zr 2.6491096022504195 41.84635798118388
2459523 zr 2.5790511782128944 42.671912353334584
2459524 zr 2.821083032191409 34.86347780687899
2459525 zr 2.5110765958492234 38.80732774082211
2459530 zr 3.5686475098881347 43.24474956585877
2459532 zr 4.327726039933848 39.569386184263266
2459537 zr 2.748222603467591 28.053121607415342
2459600 zr 4.1563723085795345 14.799339396695936
2459636 zr 3.6945531631818085 9.524487059561629
2459640 zr 3.8295806433867243 7.814222968916619
2459829 zr 3.464858677349893 1.4768768584546188
2459843 zr 3.364228809405071 -1.4692423530175214
2459846 zr 3.228527051806144 -0.23507424213326444
2459848 zr 3.2686616924845526 3.7834125564740186
2459851 zr 2.7826822820119435 -0.16621445206528246
2459859 zr 3.4016178793432013 -0.465350154781226
2459861 zr 5.572265025423295 1.5171048407998837
2459864 zr 5.141201415419241 3.8172246578795495
2459878 zr 3.623780805361312 0.6468815369969491
2459880 zr 3.341719348961145 5.943503367365454
2459882 zr 4.892760308044512 -7.687063239086335
2459887 zr 3.5510919699616847 -1.3484107580984226
2459889 zr 5.991753532352349 12.52041470632265
2459895 zr 5.3807458375312365 -5.023225858206891
2459897 zr 5.694372384202304 -4.082972920297614
2459903 zr 3.7099698866772584 -4.094310143599233
2459905 zr 2.9135056780956265 -1.9158787002882551
2459910 zr 3.890014492655685 2.778398744589038
2459922 zr 6.618104930874456 -0.6980056347787541
2459932 zr 3.884815380748914 0.2782866254920529
2459934 zr 3.235712847438833 2.560830362641627
2459936 zr 3.7512014233591637 -3.099901719218546
2459966 zr 4.442955191499987 -1.365074576476205
2460020 zr 4.0545547229183585 -6.15570081030752
2460036 zr 7.105530887169221 1.0348750774003126
