jd filt fluxerr adjflux
2458203 zg 3.973991232411897 57.26298047159362
2458206 zg 5.70408089137971 69.82192305519672
2458206 zg 6.371914122990878 57.08151777767477
2458233 zg 4.840439322600489 67.7899087696581
2458237 zg 11.711211716717203 45.60893587650907
2458244 zg 3.132951052567646 57.458139438816076
2458247 zg 1.9689451916502205 67.44615946634546
2458262 zg 4.428557806683602 64.0620442207284
2458267 zg 13.44883361772236 74.37872224508786
2458270 zg 5.913805429959411 74.75087599121493
2458273 zg 2.0721058744008944 74.30088103642869
2458279 zg 2.2047717943621103 70.53215185058671
2458282 zg 2.23269687726412 73.05464174243552
2458295 zg 7.2290843810218375 79.51265136976554
2458298 zg 5.70015589587004 67.77027883487251
2458304 zg 2.0948167787022243 75.00688869781048
2458332 zg 2.808652692785113 81.39954555993155
2458336 zg 2.6310671035283075 76.81806071402586
2458493 zg 2.6640378375093094 74.14579520000201
2458540 zg 3.6090997229003006 62.65782745452928
2458544 zg 6.8377930411194585 65.02917685973541
2458568 zg 9.8176367967191 54.87407307623847
2458584 zg 2.6265422081128547 50.27876885618409
2458587 zg 7.008303385970216 47.373755492245486
2458591 zg 13.888733111858825 51.96623449745738
2458597 zg 4.456656182180025 44.1795388209079
2458616 zg 4.057241790387854 40.58906598545008
2458619 zg 11.16861048934324 54.688974449729386
2458633 zg 2.310917195853492 35.98553434845402
2458636 zg 1.780765475889666 37.712265884851924
2458639 zg 2.606000136014519 45.78261883160537
2458642 zg 1.7714179519220727 39.74412579225904
2458645 zg 5.105977374040853 27.415118297150492
2458650 zg 18.09139704532327 30.139226551111115
2458653 zg 6.826557746047968 34.666705416171574
2458657 zg 2.6461999066195396 33.43057569111762
2458660 zg 2.2312588050034883 33.80450579437671
2458665 zg 2.174855342972515 37.85867539882521
2458674 zg 5.272432288607222 32.18681508151566
2458683 zg 3.3144464827650038 32.98700998328533
2458686 zg 3.0502847878154893 31.24769747362651
2458690 zg 2.5803515349690054 32.14991773920877
2458716 zg 3.3405420542807027 31.460975239750706
2458720 zg 3.7024123027249414 28.619576533812857
2458723 zg 4.042119333641 22.93606376569887
2458726 zg 4.075158992674075 15.700557634433245
2458853 zg 3.341301781778408 12.081277813874152
2458874 zg 2.2676416965827446 9.390743377517339
2458877 zg 2.4424008559045998 13.482898344164674
2458893 zg 6.494263752521942 11.112146773580944
2458896 zg 4.034060770396498 9.215696611179432
2458905 zg 2.7860885658888397 7.956274133022088
2458909 zg 43.379882758134414 14.2857885680259
2458914 zg 7.179063347534844 -4.735406767302113
2458943 zg 4.989748845305098 9.35354202769922
2458954 zg 2.8044003500185317 9.459107964173137
2458963 zg 2.6533523029179444 12.890031031566945
2458963 zg 2.157795922472049 10.28015157193131
2458973 zg 8.146074090725598 6.084571578884794
2458978 zg 15.15895580457394 6.9149011611389115
2458986 zg 2.1253655024309595 5.95018471188762
2458992 zg 1.8405982971346935 6.72345795204992
2458995 zg 2.1247070222510307 12.152803290251292
2458998 zg 1.9653542277835396 9.213024848870146
2459001 zg 5.169716392702812 1.6778363074054976
2459012 zg 2.0466030976015164 7.327516015057826
2459016 zg 2.0183652914845456 4.602340095511197
2459025 zg 2.2759553256567764 8.206453580436696
2459032 zg 8.115385561935579 -0.33966825764460484
2459038 zg 4.267740132262268 4.000980273643259
2459041 zg 2.4055770050735905 4.401137874785347
2459229 zg 2.627009072695576 0.9064220027129661
2459232 zg 2.6100902833169033 1.2016302246603003
2459248 zg 5.991467345307923 10.913501933755608
2459256 zg 1.8921650477583007 2.1373019138501697
2459269 zg 4.8309191026066225 -7.564217098779407
2459279 zg 4.448017999075253 -2.0133688256048634
2459290 zg 1.9902106837195244 -2.0838357838705273
2459305 zg 7.413256813360077 4.975556626580716
2459313 zg 3.9347513669295777 2.9266413057039875
2459320 zg 2.477854837744816 3.479495853280855
2459322 zg 2.4794081936172163 1.651013689515802
2459324 zg 2.9913306509373134 -2.297950495236245
2459328 zg 7.120553221041464 4.423088255121865
2459334 zg 2.8886733263113533 5.465336490636441
2459336 zg 4.053631078603617 6.07291988753297
2459341 zg 1.8749125467397967 -0.2205784842918752
2459353 zg 2.4995350895714266 0.35788114344486943
2459356 zg 6.312160420609747 -0.4876832474449351
2459365 zg 2.132076848494513 1.9159715583357984
2459367 zg 2.4693598595802415 3.5655302600334466
2459369 zg 2.346250801799102 0.6705398879754061
2459407 zg 3.608626169351911 -0.09686571715627101
2459423 zg 3.1655645750947246 -0.21733879437968873
2459425 zg 4.109422987534094 0.67264882913269
2459430 zg 2.942387249202199 2.5160111693738627
2459438 zg 4.211904066601532 5.05232940151848
2459447 zg 11.944315453509466 -5.973148902343691
2459450 zg 18.884420350176406 -5.219158547140766
2459600 zg 8.129336968752172 2.9542236565599627
2459683 zg 6.814251038183106 10.254633183694189
2459970 zg 3.4457864943484036 2.016062284601863
2460032 zg 4.670804161257828 -0.01855959218260564
2460043 zg 7.983557361451567 2.272333901118332
2458198 zr 5.161038793912734 26.119826411951006
2458198 zr 2.9891727858304056 29.472540587588238
2458217 zr 3.0157821680708015 28.75156167671194
2458217 zr 3.691686293113747 26.37219106091769
2458247 zr 3.01284496703514 28.642608603266577
2458256 zr 3.5414975673562177 31.70985619585599
2458262 zr 5.127668630009007 27.194041285342056
2458270 zr 4.921467416222778 33.01444915346086
2458273 zr 3.1913668654569456 34.78035884589595
2458279 zr 2.9641052353146033 34.72383244393978
2458282 zr 2.9755022133856217 30.887833196827074
2458288 zr 3.281213013874996 39.23064687272674
2458291 zr 6.220517658779102 49.0662769237564
2458295 zr 6.087933938660163 33.71696570239504
2458304 zr 3.706806952845639 34.79061295756075
2458312 zr 3.0650090694844807 33.472747914441456
2458336 zr 3.1035919621239194 38.075847134384595
2458339 zr 6.237671452703477 41.88247820456853
2458468 zr 4.693935564127891 35.34827788903496
2458468 zr 4.837043814730338 46.28335142774508
2458469 zr 4.992521589667738 33.448602002658944
2458469 zr 4.4957316486066485 35.49012833219284
2458469 zr 4.705879879118791 41.25227188767748
2458469 zr 5.668556426068844 39.677618799331526
2458472 zr 5.830349832921998 35.69510073204719
2458472 zr 8.290062421041707 51.206935838625945
2458472 zr 4.962818893026854 45.482997873039224
2458472 zr 4.93078176633873 36.362743329384706
2458473 zr 5.052120065869931 33.87304569273702
2458473 zr 5.6153957947188955 44.59079545987488
2458473 zr 6.448584885796275 32.691776100239736
2458473 zr 9.491612019550088 29.36430698974889
2458477 zr 8.573941259458394 37.61817349681662
2458477 zr 6.034238842703471 29.359071455408674
2458477 zr 6.5174222682833 24.238842139035064
2458477 zr 7.454354066108554 42.25650747470573
2458483 zr 7.177500387182368 33.78994212539153
2458483 zr 4.873866880983519 36.02886096646521
2458483 zr 8.36303151005565 22.846340748754805
2458504 zr 14.746872548932812 15.538801037778832
2458541 zr 3.8511190819511785 22.535096185005727
2458560 zr 4.696487404924059 28.976545415203347
2458573 zr 3.637445806885261 27.06681325971364
2458581 zr 5.773581241340971 23.48540593819527
2458584 zr 3.8753909542704568 23.4624744363193
2458587 zr 6.55296678123678 16.793697782027607
2458591 zr 7.8914294835772685 23.82890614726251
2458597 zr 4.1619028230898465 16.94564610769474
2458602 zr 3.590285790350751 18.742569975893236
2458606 zr 2.915369583698174 12.114117328292204
2458616 zr 3.9112495052729392 22.753456526413544
2458619 zr 11.113112157763899 20.55334684322697
2458628 zr 3.1247180897128426 16.098737454346853
2458633 zr 3.0313198537863064 16.245912405526262
2458636 zr 2.7342093490778216 17.212844432598068
2458639 zr 2.819530420303203 18.09000048692329
2458642 zr 2.61127841783973 17.26271366339091
2458645 zr 5.353401084144154 14.276259806109426
2458650 zr 8.510699645051584 20.224076800787813
2458660 zr 2.5041746707933665 18.301502031787102
2458668 zr 3.4705048376239676 16.398267574991568
2458674 zr 5.037595620365556 12.71145505242633
2458677 zr 6.972651621581942 18.215063136743314
2458690 zr 3.901219444675185 15.048142071399074
2458693 zr 6.927899538510952 12.471581397932574
2458698 zr 4.484271877166541 15.585129365287344
2458716 zr 4.992146241926333 9.627787431260785
2458723 zr 6.9540161897399475 16.999591186654396
2458882 zr 3.1059893978748163 8.51232651445506
2458886 zr 3.206661955961644 8.441079678108157
2458895 zr 4.071751030887127 6.34733957427172
2458900 zr 2.964516968845645 5.996688357805551
2458905 zr 3.2812738572144915 4.622753521791095
2458908 zr 3.155942051576291 2.223944158412313
2458915 zr 2.4143475449064495 6.186548984502901
2458954 zr 4.40539523276039 0.3285524941804012
2458966 zr 2.8134712292913084 3.7673660123825568
2458973 zr 5.153351386555513 2.5397213561118575
2458978 zr 6.234378822686825 3.373464521053489
2458981 zr 3.441999807053859 3.3523655277270223
2458992 zr 2.800850678554087 -1.4635593089713947
2458995 zr 2.7398697816172746 -0.8858542451811431
2459005 zr 9.59975082100386 3.1844837099287635
2459012 zr 2.6096170706295836 2.4596266672924028
2459022 zr 2.4609097604062473 6.650309139334696
2459035 zr 9.489872367904406 -0.9277243009533671
2459038 zr 2.696211399716214 3.346848910832952
2459112 zr 6.706650115727534 -14.456223292389968
2459112 zr 6.4198932247656115 13.875507341655817
2459112 zr 6.11515957185631 7.481768558486296
2459112 zr 5.4095347897267985 4.25503552194658
2459112 zr 5.670546390368231 5.744628714539797
2459205 zr 4.827733867386148 5.21508007371511
2459205 zr 5.0577798067327 3.0651617543126815
2459205 zr 6.2217405751632215 -2.6671150939709554
2459207 zr 10.733086013768462 -0.3748149263376541
2459228 zr 3.851330966998172 2.304907845077582
2459231 zr 3.277396761468898 3.2356980154360184
2459248 zr 6.681712588590613 -3.9797587237418006
2459254 zr 3.0335490371138776 4.546128291055049
2459255 zr 3.1203259935423366 3.8219512460177083
2459262 zr 3.1945911601976062 -3.0394732812559346
2459269 zr 5.4135627478110315 6.090707235820748
2459271 zr 6.445697666093466 9.814388906762469
2459273 zr 10.117070695068985 -3.8813791894884737
2459275 zr 7.955879512607194 -0.31536307978263234
2459278 zr 4.4655367024840995 0.9793678731386035
2459290 zr 2.524235803911739 -1.2037547983791523
2459292 zr 2.758644189908869 3.314857831420216
2459295 zr 4.338002083702313 -1.7770578260302219
2459297 zr 4.691218989761642 9.471208810336078
2459300 zr 8.689282886337788 5.893193845749243
2459302 zr 8.826765347100592 -5.039506621817554
2459305 zr 7.356540959145649 5.769879677569597
2459311 zr 2.973204552143903 1.9433964810975155
2459317 zr 2.6310549743158225 1.8036329791445735
2459324 zr 4.076890248506355 0.6191062992203832
2459334 zr 4.622768025396778 5.811311360398798
2459336 zr 3.987435016889363 -3.2520074317609895
2459352 zr 3.6289519261251986 -3.5418768591610292
2459352 zr 3.901184873700336 5.8463446635117515
2459356 zr 6.639638558865253 10.910101370427425
2459361 zr 6.9622246423229885 -5.15607695254462
2459365 zr 3.8772236634283495 4.244715576255036
2459370 zr 2.951765843131063 2.8477921271246345
2459370 zr 3.1221457939407773 1.7136836569576412
2459370 zr 3.0035285463191492 1.0786663115875832
2459370 zr 2.904648725903716 2.2922904523678524
2459370 zr 2.88786431743282 2.204165109571887
2459370 zr 2.930736577353832 0.04256229451722404
2459370 zr 2.8508658692425533 -1.4738521414815242
2459370 zr 2.846780226438703 -7.156872241752684
2459370 zr 2.8395739237333597 -6.5038281109821
2459370 zr 2.8520290222440448 -0.06929771007803498
2459370 zr 2.9904043962741347 0.4522949013549196
2459370 zr 2.943281251063744 -0.9180748211458633
2459370 zr 2.954812465415035 -1.636577835701999
2459370 zr 2.959448873551694 5.005888920181617
2459370 zr 2.926130011438154 0.5079180650725801
2459370 zr 2.9379369978688645 1.8193487582725956
2459370 zr 2.91001808997563 -0.16119247427583605
2459370 zr 3.0247787856983845 -1.0225281107230115
2459370 zr 2.9870499044450214 5.456125033411909
2459370 zr 2.926130011438154 3.742384973754097
2459370 zr 2.8745957861488005 4.807126038049047
2459370 zr 2.9887777292730995 2.520946228140231
2459370 zr 3.071014754041848 1.9426064268251233
2459370 zr 2.8299371123116472 4.236974794990097
2459370 zr 2.970588383404845 0.1057938137907698
2459370 zr 3.1273517516178804 1.629278113242047
2459370 zr 3.1278252293970836 -2.664858535239938
2459370 zr 3.019631454206463 3.123962788771199
2459370 zr 3.0363443261111116 -2.5232143044948545
2459370 zr 2.948707972150623 -1.658323246037098
2459370 zr 2.9641052353146033 3.854742727251287
2459370 zr 2.9234361868428635 1.427963857079226
2459370 zr 2.851442500487115 5.023710279664169
2459370 zr 2.7342093490778216 3.1207808339014034
2459370 zr 3.011457452767524 0.15207453350821382
2459370 zr 2.924366255831027 -3.5698084339097917
2459370 zr 2.915049034430658 -4.048498449932592
2459370 zr 2.9292331513401257 1.6262872254443672
2459370 zr 2.8495529516805975 -2.2109622331957755
2459370 zr 2.9818772134883638 -2.780292249274792
2459370 zr 3.013901261168635 0.21257672002136518
2459370 zr 2.876237796730019 -2.4591923415611943
2459370 zr 2.8932896664618926 2.0150272667962303
2459370 zr 3.110462055289725 -1.3800203132506614
2459370 zr 2.9881333109625223 -1.582812119648989
2459370 zr 3.042460214144844 2.4581262555869614
2459370 zr 3.1165842833745874 2.249380820013403
2459370 zr 2.906229604998789 2.4457087071064576
2459370 zr 3.202298114292849 -3.807210126056243
2459370 zr 3.2370129614357985 3.3511622003957036
2459370 zr 4.067999079530727 7.173967646377584
2459370 zr 3.677606547121609 5.1963808495133526
2459370 zr 2.8243322254161214 -3.934516912580535
2459370 zr 2.921130906181646 2.3319804668643256
2459370 zr 2.9987157189463334 -5.770062372361547
2459370 zr 2.7802890927974078 1.3882536985849798
2459370 zr 2.8383413122512593 -3.9754581957585096
2459370 zr 2.8316689481246864 -3.459030002674046
2459370 zr 2.877826573098341 0.7144211032277851
2459370 zr 2.900368497197334 1.074277878108878
2459370 zr 2.759576757142045 -2.632262632731623
2459370 zr 2.842067742306186 -0.15501887041945273
2459370 zr 2.7207812023990576 -0.17054113602893795
2459370 zr 2.7761687705565623 2.8792349075214276
2459370 zr 2.7944324666582596 -0.45165532436036326
2459370 zr 2.712001690738215 3.4668777580376053
2459370 zr 2.6082783743372895 4.473104999629886
2459370 zr 2.6275678574382124 -3.282317018746851
2459370 zr 2.8366832328604814 1.3027195037358115
2459370 zr 2.923114750640208 -1.6555651512624152
2459370 zr 2.7713775129421996 -1.1520317461685776
2459370 zr 2.648894236788267 0.9936299837488692
2459374 zr 4.085939535617523 9.335833669706444
2459379 zr 2.8134712292913084 1.5845879844439152
2459390 zr 6.552574116121614 6.76336371847345
2459392 zr 6.005449466239501 9.798833591653622
2459394 zr 6.220238548671108 -0.3351876975783302
2459403 zr 2.9184613122436662 1.243761880533543
2459427 zr 4.482018689974124 5.5398010078678785
2459430 zr 4.753133597804367 2.7796080838296455
2459438 zr 4.743739747952819 5.0316931783265595
2459450 zr 9.59101170555326 11.473688468587348
2459477 zr 9.394612603645857 -5.826533663608936
2459477 zr 8.48249503476369 -1.9903063903520821
2459477 zr 8.456549357125759 10.473896313915759
2459477 zr 8.51157669884801 1.5050857408068272
2459477 zr 8.476136985288166 -11.47132681741714
2459690 zr 4.282964141853147 -1.1946482584457536
2459843 zr 5.655563202947399 -3.940337001727019
2459843 zr 5.606453150072022 4.667575846427529
2459843 zr 5.202162764888421 3.7263086343858607
2459936 zr 5.636121832686215 -6.257473917901805
2459936 zr 4.424083372561057 -0.2806586211182046
2459936 zr 4.7339635287351935 -4.516837002413399
2459936 zr 5.089192638858159 0.5264872982555207
2459936 zr 5.30916872361769 1.2668814697546247
2459952 zr 7.668882723507941 -7.924578131884938
2459970 zr 3.8656767407427584 2.4042322287682976
