jd filt fluxerr adjflux
2458204 zg 4.794584970504764 -2.202250249477231
2458207 zg 7.444949558101349 -11.390360194867966
2458207 zg 8.014970513230098 9.374918452970562
2458210 zg 14.240870602417864 1.6449115353777302
2458233 zg 4.839615306763717 -0.37378945022490484
2458236 zg 11.99936937988556 -17.884363301564164
2458236 zg 11.237363283361208 7.081344031566189
2458246 zg 2.9252998205731844 -3.7836362338392604
2458262 zg 5.255329720593347 3.866363869994643
2458269 zg 9.473089473409118 2.0843051404793727
2458272 zg 2.6764671678177008 -4.998085586203828
2458275 zg 2.065855433911172 -0.3025858514545092
2458281 zg 3.02193964094938 2.378586101667892
2458284 zg 2.418888606039815 1.9375707251232512
2458288 zg 3.1345152313522755 1.4989857679329077
2458295 zg 8.622077891780867 -2.7561011910480175
2458298 zg 6.663899318029462 -11.26819936171401
2458304 zg 2.585856555451151 0.34120630582242484
2458307 zg 2.7300244461215186 -1.6443033116803605
2458334 zg 3.0871797741705214 6.15005307549194
2458337 zg 2.822061903191995 0.9179633379424104
2458345 zg 3.772807253983143 -3.168819496700749
2458363 zg 3.7420128331954974 0.48499739917936324
2458494 zg 3.2521486223423506 4.469191151337398
2458527 zg 5.372336316290966 0.12601569326321282
2458541 zg 3.148983496284624 1.8643048157720585
2458560 zg 4.64816892509359 1.2079394121083737
2458568 zg 5.449951709264331 -0.7996365873670186
2458574 zg 2.7120872249537316 1.9375707251232512
2458581 zg 3.3505371890203928 3.1934713792089866
2458584 zg 3.0448220797199763 5.000321015115972
2458587 zg 7.913584145553283 -12.058237169955348
2458591 zg 13.97473352870584 3.491846196363568
2458606 zg 2.331395043414502 -0.9410634756517595
2458617 zg 5.061922844597554 -5.331874814175194
2458636 zg 2.1374695021349273 2.378586101667892
2458639 zg 2.418632995370932 -2.618020807090744
2458642 zg 2.2996599552904655 2.8961937930887274
2458645 zg 5.428945991663284 -0.08858114636558412
2458650 zg 9.710000755267634 -5.92883543283088
2458657 zg 2.8885892166745872 -1.1527159362589288
2458665 zg 2.660752198744003 2.6000094030918746
2458674 zg 5.37628029664865 13.56007811825566
2458677 zg 12.646051902157447 -0.9410634756517595
2458684 zg 2.6495369060723264 4.544857354873315
2458692 zg 2.610778173614004 3.3425213811437544
2458705 zg 11.444760987764854 15.084760590290017
2458714 zg 7.118694904366517 12.225863049421264
2458720 zg 4.446857158651544 2.8220453657403795
2458723 zg 4.5577554565541964 -5.92883543283088
2458726 zg 4.216739620739099 2.6739532335552525
2458734 zg 7.3508426004094884 2.9704105451224763
2458893 zg 6.100721714185338 1.2079394121083737
2458913 zg 2.4011310776254158 1.3533285582585677
2458915 zg 4.997479481464295 0.9903572330656374
2458943 zg 4.282426875824985 5.381801492150643
2458963 zg 2.613183896881922 3.417149405446821
2458969 zg 30.446072113565798 -11.268199361714009
2458972 zg 4.992985187584593 -1.29349302701689
2458975 zg 11.345660005572405 -24.088284144960202
2458986 zg 2.3913982509015344 3.491846196364428
2458992 zg 2.290086608926442 0.05441751962626825
2458995 zg 2.602582047451792 0.8456360893875483
2458998 zg 2.348895104594227 4.620593281730503
2459005 zg 10.608641615987215 -16.379569880485434
2459011 zg 2.845021321971987 3.641446336821881
2459017 zg 2.0582585438102656 -0.5870071495841166
2459020 zg 2.192921995555154 1.7179753658027568
2459023 zg 2.345205186564396 -2.7561009925799684
2459026 zg 8.597257173392986 2.8220458306663203
2459033 zg 7.280065189657382 -1.644300207117727
2459036 zg 5.788686384796782 -1.9237839209504564
2459039 zg 2.428870888961427 -4.3933632938688785
2459042 zg 2.6000448888937413 5.381831280663561
2459227 zg 3.1794442872867914 6.427438344756307
2459229 zg 2.955873103000856 2.4920245591106918
2459248 zg 5.576897392358705 2.6769258459732366
2459256 zg 2.182846434204923 2.970714519074174
2459269 zg 2.5222076928992205 4.407158634087073
2459270 zg 7.798441061198208 3.7343848028682487
2459279 zg 4.71717407367708 3.8124780555632203
2459292 zg 2.876760142902498 8.10931375907012
2459295 zg 6.456317471929461 -0.953036175778257
2459306 zg 5.296150009331264 4.587391418541598
2459308 zg 3.008508337122941 1.3579184523051515
2459310 zg 2.6519783438967077 5.839663836936282
2459312 zg 2.4557313018886076 1.979747445055859
2459314 zg 2.516609715102715 6.346508182582453
2459316 zg 2.065855433911172 0.8787845430350991
2459324 zg 2.7514518699170027 -1.8298345836244787
2459336 zg 4.22405848334216 2.4900466818747953
2459339 zg 2.4086896471249934 0.3185173877362537
2459341 zg 2.063588902437752 -1.9263123841044687
2459343 zg 2.433349157854573 -3.232679025745809
2459345 zg 2.525898347714008 6.473261982455741
2459349 zg 1.9101169580865562 -2.585344514595655
2459352 zg 2.4055582008052347 2.4774152525685413
2459358 zg 12.932963126059116 5.417362380019085
2459361 zg 8.890545867456764 11.84456037219325
2459363 zg 4.808135870291667 1.1930820866721847
2459365 zg 2.462929084214342 6.832884744858838
2459367 zg 3.997392420061505 -0.5996437417918745
2459369 zg 2.3878985334701497 1.8130705345786706
2459377 zg 2.50247630090698 0.841275367661299
2459379 zg 2.9011256308031763 3.9684979004820544
2459383 zg 5.915516282728736 6.596886912300656
2459390 zg 7.063554538093573 -0.9123621467274248
2459392 zg 3.737470715992283 -0.28867366929913096
2459394 zg 3.0155500151614913 7.0898446003631
2459399 zg 2.8845995110110185 5.53727424627308
2459409 zg 3.1345152313522755 2.224963541990899
2459411 zg 4.7325326453269465 5.94741402947812
2459419 zg 10.769260272399384 -6.093476261870056
2459428 zg 4.2214788565655645 6.345489151697486
2459435 zg 3.2022833746228727 -1.4295639604440522
2459438 zg 4.239649191406632 2.341686170271606
2459440 zg 7.634978074182003 1.174206292187307
2459443 zg 13.123805284198621 -1.2464200955331024
2459453 zg 3.8447838859872636 6.418505457071772
2459455 zg 4.602319710376286 10.589080323083618
2459641 zg 2.4154854717365506 -4.581594773794528
2459682 zg 5.911815266096237 -1.9588802546251083
2459684 zg 9.286936457551752 2.550626414140852
2459696 zg 2.8476428905376974 3.877913843147305
2459698 zg 2.8520111517815616 -3.759690354264475
2459702 zg 2.6290838035232977 1.8014791543066728
2459710 zg 5.587717295914253 6.764557182428514
2459712 zg 8.197698387890984 22.508107261158766
2459723 zg 3.2236747631955223 5.828519245676615
2459725 zg 2.7623933862925965 1.4194053787109808
2459734 zg 2.9287734955025613 0.043834885064632345
2459736 zg 3.1413363712177547 -1.7229786205581743
2459738 zg 4.255297443697567 2.140575902937515
2459750 zg 3.1915362888984142 -3.797795963344077
2459755 zg 2.882481548639337 2.718638414887999
2459760 zg 2.819055674629396 5.192040468117842
2459764 zg 3.3247163980683445 4.5067634235308125
2459766 zg 3.7990230910898286 4.960210029849282
2459771 zg 7.643673021969608 3.825446153318787
2459784 zg 3.9927482984640856 9.156827477446695
2459791 zg 5.675770011672495 6.8680197533431935
2459794 zg 4.452459409634523 -8.489850642473053
2459798 zg 9.765436025238003 4.639572146772475
2459806 zg 4.002259761848305 6.009663793418379
2459810 zg 5.372791271992537 5.777200486811867
2459815 zg 4.380805186102624 3.0570594995828135
2459970 zg 3.9680467902935597 -2.024660689486595
2459993 zg 3.3784262489528656 3.900485373165617
2460016 zg 8.985038691427018 9.485355465261883
2460045 zg 4.330020534590859 6.330543401896337
2460049 zg 3.046283965481609 -0.7033749228170555
2460051 zg 2.2912032822517805 2.6251947626458456
2460055 zg 3.014987566939013 8.522386200667677
2460057 zg 3.353624569387326 3.292368554113791
2460063 zg 3.1100109652999977 6.793421060722262
2460067 zg 10.343872887187622 15.96595409057148
2458198 zr 3.8621555834599413 -1.4235340853028617
2458198 zr 3.4239855611723424 2.137105315251972
2458219 zr 3.6976398597721896 -1.2555369236499985
2458219 zr 4.030075391436461 -1.4235340853028617
2458224 zr 5.730346005187811 -0.7506160536920561
2458243 zr 4.8334803825876325 3.6843025543990393
2458257 zr 3.989451325048583 -3.261326571211896
2458257 zr 3.6301503263600496 -4.58625646309514
2458262 zr 5.7567960805703935 0.09402525399769956
2458272 zr 4.1851706465181495 5.592821482546583
2458278 zr 4.235582747464652 7.873414947360715
2458281 zr 3.5622239865042156 0.4329724035792424
2458284 zr 4.951079807123631 1.624216389627037
2458288 zr 3.3925942728611576 0.4329724035792424
2458291 zr 5.719800033936956 -1.0873849596153207
2458295 zr 7.429414779779845 -0.413226224803509
2458304 zr 4.675843428306016 -2.4282741767207483
2458331 zr 4.701754623342538 -1.4235340853028617
2458337 zr 4.061083672946829 -7.369526130622916
2458473 zr 6.049279527293466 -6.2287492234789
2458473 zr 6.318360912473346 6.817439715249634
2458473 zr 7.498158308353606 1.283076907363693
2458473 zr 8.832261792550751 8.049978860043012
2458477 zr 9.896112378824794 11.615623553924138
2458477 zr 7.470584895571321 0.6026802585803068
2458477 zr 8.17227864950927 1.112742672392443
2458477 zr 8.71576019487286 -1.759064571380435
2458482 zr 7.213904430738031 -1.5913765870853354
2458482 zr 7.402363104556496 3.1671444655985965
2458482 zr 7.609473438356112 4.029869334206381
2458482 zr 9.215733821333874 -11.225392838750054
2458494 zr 4.601142598307895 1.283076907363693
2458542 zr 3.8612205576226004 6.817439715249634
2458560 zr 5.107674155943293 1.112742672392443
2458581 zr 7.000857201911342 -2.7619555667561144
2458584 zr 4.311634492979915 3.5117577270475238
2458587 zr 9.189629643063828 19.88257766984148
2458591 zr 9.265165456662046 -16.081389445236482
2458597 zr 4.410275229710657 -6.392167996078371
2458606 zr 3.5133484411125355 -2.093977556375336
2458617 zr 4.406215086162898 -6.555436323719789
2458628 zr 4.026365263667739 -1.5913765870853354
2458633 zr 3.58196405733706 1.4535680982320685
2458636 zr 3.9484783853957697 2.6514133650403267
2458639 zr 3.539418565643799 8.403594924185313
2458642 zr 3.50696898118641 6.642010490448172
2458650 zr 9.805384275188352 9.824591064703554
2458653 zr 6.19588934641431 -1.9265981804372814
2458657 zr 4.047899905650126 7.344697889920667
2458660 zr 3.3010760514921653 4.896576359876008
2458668 zr 4.106217387112738 -5.409393829617613
2458674 zr 4.869226313342535 5.070397239876684
2458684 zr 5.294828614951451 -4.090551437626033
2458692 zr 5.918401577210286 -5.245069471586447
2458698 zr 5.8239262777638965 7.873414947360715
2458720 zr 5.465323440666307 -3.9250118213009557
2458723 zr 6.746612795577851 -5.080593695507787
2458758 zr 14.102293734431635 -17.312204779636687
2458758 zr 10.65692143179291 5.941907124137714
2458758 zr 9.063375135871455 -8.018104060009307
2458758 zr 9.920416876737843 1.9659848531752573
2458850 zr 5.9893659046778716 7.520774611871815
2458899 zr 3.6772623038900196 -2.2612028411842573
2458912 zr 3.958444951529917 11.615623553924138
2458916 zr 4.448790325243281 9.468359838330286
2458943 zr 5.398236498999279 -0.5819988261211506
2458966 zr 3.7872555418661142 3.1671444655985987
2458975 zr 8.7271398058918 5.767283923408646
2458978 zr 8.455575394839347 7.52077461187206
2458981 zr 4.2313142142184255 -7.044340021263477
2458986 zr 3.0003673722477173 -2.7619555667511886
2458992 zr 2.9481586479972384 4.549414516327584
2458998 zr 3.562311760079416 9.646393426579667
2459001 zr 5.294478434330815 7.873414948248033
2459008 zr 6.2705213807005595 0.2634207915906664
2459011 zr 3.591875076060253 1.965984873881785
2459014 zr 3.3801184890164486 -0.24429805582837327
2459017 zr 3.255783590095198 2.3083835792674776
2459020 zr 2.926515645987452 3.1671447503734824
2459036 zr 6.083882894919369 10.539043395184219
2459039 zr 3.202252179369659 -0.7505789879289806
2459042 zr 3.605132438839616 2.6514869870271687
2459045 zr 3.353169675076183 7.873557925781517
2459120 zr 10.36787985689596 18.808675367824943
2459120 zr 9.956116182460747 10.825340918922247
2459120 zr 9.848651832069567 5.391857143626221
2459120 zr 9.932638245992528 13.871518984645885
2459122 zr 10.995395152363962 -6.558243359701274
2459205 zr 5.670428371327574 4.077034713703636
2459205 zr 5.113284141641873 8.950882873966076
2459205 zr 4.789166768080338 3.219854145957282
2459205 zr 5.200721798904163 -0.3375072943033106
2459205 zr 5.155275834134629 -7.571604226328407
2459225 zr 5.0748496909775485 1.054000063933148
2459227 zr 5.3114838929303785 -7.869049872272312
2459231 zr 4.022658551479783 -0.6647715085043255
2459248 zr 7.789073207122968 23.52629098009603
2459254 zr 3.633495358578569 -3.4510291654029612
2459255 zr 3.8978916690841316 1.2284992192822046
2459262 zr 3.8586000443482495 -0.6610272339354244
2459265 zr 3.707870944533289 0.1652346442485476
2459268 zr 4.54637958717938 -0.0175000593643303
2459272 zr 10.268458980693238 31.543468673129727
2459283 zr 3.572080385971452 1.776047593803395
2459291 zr 3.77332844722855 3.2791125189340837
2459295 zr 5.019069201589336 -1.311249524070373
2459297 zr 5.305177595105058 15.655921714770365
2459306 zr 4.842392188044799 4.768792298257129
2459308 zr 3.783768956482862 3.7263016589679796
2459310 zr 3.6117794584609144 3.7186847915373997
2459312 zr 3.5360730122506294 -0.20300652396340724
2459313 zr 4.395840617885965 7.881115524172304
2459313 zr 4.422575715964654 1.654897507033342
2459313 zr 4.386067155436915 0.13033343208830905
2459313 zr 4.758389190655768 1.4848767505060771
2459313 zr 4.605382359433363 2.165900356441528
2459313 zr 4.756261159597133 8.233106870081274
2459313 zr 4.714764016334172 -0.20674579234538493
2459313 zr 4.968475855151188 -3.212679563091496
2459313 zr 5.1930581256554635 4.915223838017698
2459313 zr 4.442891353185415 -4.368261437298327
2459313 zr 4.337857457156636 -1.8828594465026192
2459313 zr 4.695325373580302 5.782729498086144
2459313 zr 4.442891353185415 -4.368261437298327
2459313 zr 4.798438432299753 -3.3782191794165732
2459313 zr 4.6266398385563345 3.0207157159119498
2459313 zr 3.6234694974985096 -4.203634103647841
2459313 zr 4.440602893833613 9.825116468321697
2459313 zr 3.9475224608534396 11.788912922425185
2459313 zr 3.673876979383298 -1.7159419185112887
2459313 zr 3.549124413467271 0.4680341516418759
2459313 zr 3.2527862831137253 2.8494375734614317
2459313 zr 3.349129376440168 -1.2142659222278218
2459313 zr 4.189027106828065 6.47961618161803
2459313 zr 3.4652288748452964 5.08840551640755
2459313 zr 3.545857053985835 0.29910603340595066
2459313 zr 3.9194918430030214 1.9954091655731525
2459313 zr 4.030075391436461 -0.7112018270934021
2459313 zr 4.112568745383409 3.0207157159119498
2459313 zr 3.981344563002522 4.915223838017698
2459313 zr 3.93109166370224 -5.189127530550235
2459313 zr 4.278339821585955 -4.368261437298327
2459313 zr 4.542194144596994 -0.375052701405861
2459313 zr 5.248843485225947 0.8063575122071592
2459313 zr 4.571674242601403 7.881115524172304
2459313 zr 5.129365220734218 -3.3782191794165732
2459313 zr 5.115211823507343 -3.87392420488568
2459313 zr 4.695325373580302 5.782729498086144
2459313 zr 4.7627738479619355 1.654897507033342
2459313 zr 5.014448596213663 -1.5488705829747977
2459313 zr 5.049677269653185 -6.169189939793182
2459313 zr 6.036288290171882 4.224089985256984
2459313 zr 6.481649246609918 2.165900356441528
2459313 zr 5.321862171620385 3.363745623249786
2459313 zr 4.874161633336068 -0.5432046654405388
2459313 zr 5.0851050227202945 7.354342748657632
2459313 zr 5.445824266103163 7.705362848978797
2459313 zr 5.2459383642808 6.82902349107697
2459313 zr 5.103873794080593 8.057030148130126
2459313 zr 4.588446719560919 1.4848767505060771
2459313 zr 5.172060814302142 -1.8828594465026192
2459313 zr 4.855790714348393 5.261746774494969
2459313 zr 4.794020941820025 -3.5436063983136825
2459313 zr 4.946521793465464 2.165900356441528
2459313 zr 5.145447882584387 3.1921516840309487
2459313 zr 5.183843804737897 -7.143851261512407
2459313 zr 5.506347588353679 9.825116468321697
2459313 zr 5.2103107114971765 -0.5432046654405388
2459313 zr 5.5392620006991615 4.915223838017698
2459313 zr 4.169780275569051 5.608908618085468
2459313 zr 5.037594239295576 -0.7112018270934021
2459313 zr 5.089790735047974 7.529771973459094
2459313 zr 4.9876954426365 3.7074079973727287
2459313 zr 4.488132740679656 -2.5489943130024364
2459313 zr 4.873713102437509 5.956710546783529
2459313 zr 4.6996519202075975 5.956710546783529
2459313 zr 4.229041409147957 0.6371179300977469
2459313 zr 5.538895654147395 17.431501359609758
2459313 zr 4.484000920727512 -2.715144924616664
2459313 zr 4.182557667991114 -1.3816452981658762
2459313 zr 4.08990453182924 1.9954091655731525
2459313 zr 4.459388164906469 3.1921516840309487
2459313 zr 4.667238134607561 -2.049623308546655
2459313 zr 4.82458497817223 4.051704004402455
2459313 zr 5.500673515787482 -2.049623308546655
2459313 zr 5.155845880202887 10.002822408122613
2459313 zr 4.851320424783415 5.08840551640755
2459313 zr 4.575886849865359 8.057030148130126
2459313 zr 4.82458497817223 4.051704004402455
2459313 zr 4.398203065513875 0.6371179300977469
2459313 zr 4.550669307451878 7.003968656078615
2459313 zr 4.21348970969692 -0.03828379548259642
2459313 zr 3.826747128238079 -2.382690600525263
2459313 zr 4.167176905899608 -2.049623308546655
2459313 zr 3.8612205576226004 7.529771973459094
2459313 zr 3.8683397437396487 7.881115524172304
2459313 zr 3.88355772579401 0.29910603340595066
2459313 zr 4.394154035721383 0.4680341516418759
2459313 zr 4.189027106828065 6.47961618161803
2459313 zr 4.272105190346045 2.5073541845196012
2459313 zr 4.780792856124497 -4.038855072771537
2459313 zr 4.194130482987228 -0.8790443288758757
2459313 zr 3.907730546573579 9.825116468321697
2459313 zr 3.857665879305051 7.354342748657632
2459313 zr 3.865714398852744 -0.5432046654405388
2459313 zr 3.850566337074666 7.003968656078615
2459313 zr 4.302048249648054 -3.3782191794165732
2459313 zr 6.168314887144686 -11.305693886270644
2459313 zr 6.4756821753962965 1.9954091655731525
2459313 zr 3.762916746348836 2.678317111384717
2459313 zr 3.8986403260289557 -6.657193872413456
2459313 zr 4.584222549555129 1.3150125167897664
2459313 zr 4.144211748801789 -3.0469874089090587
2459313 zr 4.171016785727534 -1.8828594465026192
2459313 zr 4.5631599601722055 0.4680341516418759
2459313 zr 3.96305194635576 4.051704004402455
2459313 zr 3.851498782906193 -1.2142659222278218
2459313 zr 3.826747128238079 -2.382690600525263
2459313 zr 4.299737450548707 3.7074079973727287
2459313 zr 4.087351031955045 -5.51641696526944
2459313 zr 3.8728418705602126 -0.20674579234538493
2459313 zr 5.089790735047974 7.529771973459094
2459313 zr 6.106338086410461 11.968428418805347
2459313 zr 5.475400216696933 -2.8811425763130223
2459313 zr 4.996891584535524 4.051704004402455
2459313 zr 4.1289719983847375 -3.7088413600798567
2459313 zr 4.4676102319550575 3.5354976791310713
2459313 zr 4.571573358100018 0.8063575122071592
2459313 zr 4.682369617407378 5.261746774494969
2459313 zr 4.822427343252679 10.89381135621092
2459313 zr 4.910208421662983 0.8063575122071592
2459313 zr 5.3734338552486145 -0.7112018270934021
2459313 zr 5.551570621174104 -0.375052701405861
2459313 zr 5.371104756010209 5.08840551640755
2459313 zr 4.702187328793534 -6.981781518196766
2459313 zr 4.87602241166906 13.04900047384625
2459313 zr 4.922924594712212 -4.86123465079022
2459313 zr 5.110502708271014 -4.038855072771537
2459313 zr 4.756261159597133 8.233106870081274
2459313 zr 4.402255826318536 0.8063575122071592
2459313 zr 4.232938294537054 0.8063575122071592
2459313 zr 4.201863477013852 -0.5432046654405388
2459313 zr 3.989451325048583 -2.5489943130024364
2459313 zr 3.865714398852744 -0.5432046654405388
2459316 zr 2.7875451576694914 6.119750856262492
2459322 zr 4.387750633662047 7.496985110703432
2459324 zr 5.056187651636304 -0.07814919176673973
2459328 zr 6.455976193769368 -7.844441606668592
2459334 zr 6.048056906572005 15.885723495452368
2459339 zr 3.3041178554824344 5.6920730820946295
2459341 zr 3.611868453088192 12.951868326693248
2459343 zr 3.4876422054317913 6.201613317361345
2459345 zr 3.362447637361609 9.00604523502915
2459349 zr 3.1728937549219394 -1.8383094310828387
2459352 zr 3.780285580885049 3.4039360983273133
2459358 zr 10.473260430252347 -5.502369715486718
2459361 zr 8.59999124197761 7.371478978665357
2459367 zr 4.021886079281947 6.653596648515745
2459371 zr 3.3801184890164486 0.2814801381657557
2459375 zr 4.074864488493448 1.1175619389990203
2459377 zr 3.417684152276836 2.304540304641272
2459379 zr 3.9231034913691607 1.9577790416978855
2459383 zr 6.95801764190157 15.55812980903931
2459385 zr 6.491872374004329 18.133065326574915
2459390 zr 7.927773238404672 21.675615970130124
2459392 zr 6.511838978654549 7.81573265000927
2459394 zr 5.8239262777638965 8.339543139963652
2459396 zr 3.4461321272658787 3.8006444809236783
2459399 zr 3.6874370055231336 -1.304980356011507
2459401 zr 3.844410590430475 -1.8118486267317464
2459403 zr 3.6653987184745564 6.211957407339697
2459405 zr 3.937583395348194 2.5771468258281307
2459407 zr 4.093673208385211 1.889025884737141
2459409 zr 4.0486773742494595 -0.1510770169954202
2459411 zr 5.834664233414079 8.653138550093212
2459415 zr 7.052805712609479 8.114608990603502
2459423 zr 8.345642184875832 13.642183425713416
2459426 zr 4.7083169773329185 5.987046328172122
2459428 zr 4.111779007706983 10.750288169740614
2459430 zr 5.052425598275954 5.8045743315720255
2459435 zr 4.782617989640874 8.956727042839129
2459438 zr 5.02458186852568 4.746292063144452
2459440 zr 8.81600714076185 8.063375975298673
2459447 zr 11.441472021445518 10.713348359831231
2459450 zr 9.686720852406385 1.1202190872816895
2459465 zr 6.766299532301701 -8.504058578251781
2459487 zr 9.15257225942874 23.5729440652278
2459601 zr 6.794701533622171 -12.018415793213206
2459637 zr 4.7627738479619355 1.073174412299238
2459673 zr 4.018955251728201 -1.8184256232918201
2459678 zr 3.588568359890678 1.9003994844911993
2459684 zr 7.571811381385237 -8.723354796826404
2459696 zr 3.6217729741031293 3.6076580026038556
2459698 zr 4.248561777371221 0.8674458157292834
2459700 zr 3.6721568549965604 6.210604009833214
2459702 zr 3.9347140008196653 -5.64465432123607
2459717 zr 7.5466568944571 2.565734664311469
2459727 zr 4.703982453567266 5.500052437009798
2459730 zr 3.6586530194412075 5.498781822147163
2459732 zr 3.362447637361609 8.483021036119949
2459736 zr 3.837335442869332 -2.517411670274231
2459738 zr 4.550669307451878 6.368606230979324
2459743 zr 10.06154371485442 14.956328085996766
2459752 zr 4.386067155436915 -0.5104689551712371
2459760 zr 3.6671156771916547 -2.6933598344699
2459762 zr 3.98210924850686 -3.5255936346194563
2459764 zr 3.4716179450706335 4.790089611615468
2459766 zr 4.077836087919821 8.824337360045671
2459773 zr 6.59419704293034 -4.687105075886647
2459773 zr 12.325000563889397 -18.46990220586588
2459775 zr 6.14851126818099 7.056445328440566
2459777 zr 3.8328745917955502 5.481273827047161
2459779 zr 3.780285580885049 2.88526591104751
2459779 zr 3.8187797395776966 4.785015991243524
2459782 zr 5.613886433206117 12.940330380589884
2459786 zr 3.837335442869332 -2.535325948037263
2459789 zr 3.9960394307536737 4.9555091627502605
2459794 zr 6.62223258197996 16.039418492059642
2459798 zr 7.111511558900534 9.346710424051867
2459806 zr 5.145447882584387 2.5337335573956556
2459808 zr 5.18350096424714 3.9103589057587707
2459852 zr 11.881790836683264 17.872389631158647
2459859 zr 14.016183754687352 -21.806978348735754
2459860 zr 16.076074913746304 26.594181083395455
2459933 zr 13.277475882233789 5.969635912343616
2459933 zr 7.210264877679232 2.679142153246229
2459933 zr 10.038988481809403 10.924959219804574
2459936 zr 7.584281477454455 -0.7233193936304987
2459936 zr 10.104851196551907 5.445816313617319
2459936 zr 11.364517969427146 -4.8886697017957434
2459936 zr 13.237963568621943 -18.506687800898668
2459937 zr 6.66448409693983 1.8221760453906497
2459937 zr 10.345558494499908 6.66916460952868
2459938 zr 7.892230974896402 -1.396521762865772
2459938 zr 6.78502136207942 -8.31448575836407
2459977 zr 7.843285231049473 -9.927539197981991
2460016 zr 6.76839234415089 9.664349280165005
2460043 zr 7.322945224939254 10.19706793262214
2460045 zr 4.311634492979915 3.527184179450222
2460049 zr 3.6485577411229198 4.9116831046216545
2460053 zr 3.9448433766480298 2.494613088735861
2460055 zr 3.8117517623298256 4.3907128218578
2460059 zr 4.2626068342213035 -5.72325268501246
2460063 zr 3.545857053985835 -0.3991871726389719
2460067 zr 9.503085101119758 3.870754472493694
