jd filt fluxerr adjflux
2458203 zg 4.314053489352593 2.38904630732712
2458203 zg 4.561270052651882 -3.696052562034636
2458206 zg 5.963555598763785 4.983479514657745
2458206 zg 6.1087723443998465 3.1395374658820425
2458229 zg 2.9165249302413696 2.6987430505242136
2458233 zg 5.242210339940583 -12.283691505686962
2458236 zg 13.794139512942943 11.980207249203428
2458236 zg 13.108708863929351 -14.491362949956933
2458236 zg 11.604416361830403 -3.0429492649045486
2458267 zg 12.701215398712096 -20.512718484346244
2458270 zg 6.399967941570734 -3.889878178776255
2458273 zg 2.577684529001571 -0.37548608003427103
2458279 zg 2.4724334451852976 2.5645468992162956
2458282 zg 2.6872815514510746 1.6463043290527783
2458288 zg 3.611300456403513 2.2352911550117613
2458294 zg 7.833412914877076 15.226071086795033
2458300 zg 2.670011738137687 2.9180681977149923
2458305 zg 3.270844971198379 2.6738355325776126
2458308 zg 13.979227573174889 -16.125544675880043
2458332 zg 3.6784395445685196 -4.969947370576968
2458336 zg 3.255816803647868 3.330805314448347
2458349 zg 9.492513315259187 4.754185940047355
2458488 zg 3.598020411615136 5.804130865221455
2458493 zg 3.7999759325125257 -3.8653905544806606
2458494 zg 3.103558673822417 1.2582948606805406
2458495 zg 2.6621330977810693 -0.4834507469585082
2458540 zg 4.168405625120802 2.5784799275735253
2458540 zg 3.874399765098666 -1.2396174372105513
2458544 zg 7.178645022482771 -1.9769849051078048
2458544 zg 7.155905858218186 2.795554634801516
2458558 zg 4.196658719857918 1.0547476802136049
2458568 zg 5.488576990647613 -1.676065482836624
2458568 zg 4.788179076443996 1.5621699718481117
2458573 zg 3.3191217533156783 4.5467433608414565
2458574 zg 3.0148498878963808 1.196257763452393
2458581 zg 3.6548000549940167 -1.246735356281166
2458581 zg 3.415544596700072 -0.9567965592397938
2458582 zg 4.578105385324134 -1.4662535260164122
2458584 zg 4.374250528923289 -0.39710297961059077
2458585 zg 3.9552138813579942 7.089542125099816
2458588 zg 6.4017054632013055 19.430184989820784
2458588 zg 7.690488739230391 -2.833603094798508
2458597 zg 3.7312290263252126 -3.0499990955274248
2458597 zg 3.499964366491488 -0.8315059964165713
2458598 zg 2.785564189637525 3.4602768437260765
2458606 zg 2.563479005335578 0.7693351970073793
2458617 zg 6.459186115828527 -5.36394192286526
2458633 zg 2.9817777993818924 -0.4979913192978198
2458633 zg 3.0010641362926176 2.1356135578179973
2458634 zg 2.9327515764607486 -2.616465605965121
2458635 zg 2.3341094862662093 1.873833505641924
2458636 zg 2.4844471627982037 -1.75473360616452
2458639 zg 3.0188528026277046 -6.361237958688317
2458642 zg 3.1905088988812316 -5.875829808472082
2458645 zg 5.484577356556058 7.724244784967727
2458649 zg 11.158990496752269 9.040555946668933
2458652 zg 6.786279834433288 -4.850689713727725
2458661 zg 3.0907629181669685 2.908450506769579
2458665 zg 2.8977818844887158 1.2836597666436216
2458668 zg 2.606332172367517 1.4315665215281288
2458677 zg 6.837256974514219 -5.5259497442148575
2458678 zg 7.794050086181723 0.9913227936091892
2458679 zg 10.198137299334961 -14.831330504257128
2458680 zg 7.896704095559649 -4.241186666316974
2458680 zg 8.18682526632171 -1.0127616682218228
2458683 zg 3.493523128291446 4.328525144959379
2458683 zg 4.689882048624874 0.9754822281594876
2458686 zg 4.298368580189924 5.629787558318586
2458690 zg 3.3560095164252974 -2.1730452780591776
2458716 zg 4.084792248198277 0.8265414955390804
2458720 zg 4.338140894978007 -3.4683653193640227
2458726 zg 5.30359539097244 5.584619926542047
2458853 zg 3.705235947289371 6.8874055644886125
2458874 zg 2.8059199500992755 0.902444704383205
2458882 zg 3.237599942422241 -0.872043894631465
2458887 zg 7.857455008170476 7.711217751529042
2458891 zg 7.790243267352023 3.452014703054528
2458896 zg 3.8584765825275493 -5.166284924925412
2458900 zg 2.725473336259913 0.3506370227124491
2458904 zg 2.6955161462407897 -0.27008005221049997
2458909 zg 12.34240432282231 -3.112196020371553
2458909 zg 6.449754234440412 8.736265584292013
2458911 zg 3.4742704521325525 -5.16741884711819
2458913 zg 2.95842088875101 -1.9773348515679632
2458914 zg 8.522755336998378 -1.1191164125790138
2458914 zg 2.924594730140973 3.0247171623862
2458939 zg 20.88758341902125 -19.51338086131389
2458939 zg 12.391935767940428 -9.226802616947957
2458940 zg 4.667515680778735 0.5078127040765138
2458941 zg 2.9073674696725615 -2.8514387450173997
2458943 zg 5.62748625235205 4.46088633688899
2458943 zg 5.3053549185397015 11.204323360077623
2458944 zg 7.645395717621338 -2.920810653392831
2458955 zg 3.2259672957729677 0.7923426647724422
2458963 zg 2.8303616922454577 -1.365634447387313
2458963 zg 3.2501239713498076 -4.3701043235557595
2458963 zg 2.7071553013483833 0.18009841165543036
2458964 zg 3.0907629181669685 -1.6389013270921562
2458965 zg 2.467883246644243 1.11138859935695
2458966 zg 2.8240688267571445 -3.8278299533878775
2458969 zg 7.885419255837777 -0.6500553214257991
2458972 zg 5.251529212472414 -0.7487647362591651
2458980 zg 5.7690628798805585 4.572821529484698
2458992 zg 2.6842920488160105 3.7351053441574993
2458995 zg 2.663433988915795 1.4057708134342837
2458998 zg 2.5207200148947995 -2.418551121266583
2459001 zg 5.390136791190344 -11.583422218612611
2459012 zg 2.7915276739781305 -3.7213264242696806
2459016 zg 2.6872815514510746 4.047001289389028
2459019 zg 2.7405765518113916 3.079786580067531
2459022 zg 2.7727656847456097 2.0164039713605852
2459025 zg 2.9748149835969784 -5.248783063713979
2459028 zg 4.485042223418581 0.4724725573169718
2459033 zg 7.58651775218927 2.4733781055925084
2459040 zg 2.6455329233854914 0.6914904367609811
2459043 zg 3.0567906276250945 0.8134915774537754
2459218 zg 8.061844654353223 -2.968685409809869
2459229 zg 2.9408662742409337 -2.722436556529545
2459232 zg 3.048356061137748 -0.2939778242040062
2459253 zg 2.9462235260467926 0.5869417472839935
2459255 zg 4.687814138367049 2.009172818686418
2459257 zg 2.9408662742409337 2.5308028383132894
2459269 zg 4.270745117031802 5.76355140493784
2459279 zg 4.940314596385828 3.344673807642874
2459290 zg 2.8240688267571445 4.121616478042238
2459295 zg 5.925747832261529 6.1880773878836735
2459301 zg 12.803930887464967 -16.45422274997327
2459302 zg 13.227012367364697 7.623396648509542
2459307 zg 3.7271841104634924 6.2478347568957435
2459311 zg 3.003763205404898 4.3246284560766455
2459313 zg 4.376852592109772 7.9822395731429285
2459317 zg 2.4884253089730977 5.067702685900767
2459320 zg 2.5051270991527073 4.495933274931843
2459322 zg 3.2471318746700484 7.153217637537987
2459324 zg 3.255541108512297 2.8531217501010553
2459334 zg 3.164462305753963 1.0662980902886874
2459339 zg 2.9408013772662214 8.717998366184442
2459343 zg 2.7676627630075203 10.194264383624631
2459345 zg 2.816522147673062 7.367086615989386
2459348 zg 2.6479706717067106 8.636869509072511
2459349 zg 2.753226478416439 6.913033092560516
2459352 zg 4.2325727320048525 -0.8890310729292672
2459356 zg 6.890720244975812 12.438595895947302
2459356 zg 7.09077358940256 13.1214997150363
2459363 zg 4.342138310995971 3.4382791625219897
2459363 zg 4.188935304523278 5.700856037159833
2459366 zg 2.6020352198094487 9.696962780090645
2459375 zg 3.6192883398026114 5.438204738130366
2459377 zg 3.0260442671899934 5.600436998361347
2459383 zg 6.676944995493636 -2.5805989618180742
2459387 zg 12.24964813821685 30.409528414508507
2459391 zg 4.212148297288126 12.753262111083693
2459393 zg 5.325983134837969 17.840796446835594
2459397 zg 3.917246002010032 14.330588627431746
2459400 zg 3.2049642068035396 12.616836156174738
2459402 zg 3.4058317021204676 12.68552787777723
2459408 zg 3.734056164773499 16.41249037508694
2459410 zg 4.607716875118055 19.864028447770917
2459415 zg 11.741630974066663 41.887995297239144
2459423 zg 3.516119467989067 25.286735788908533
2459425 zg 3.979279363904134 20.354043747862082
2459427 zg 6.015502799971082 23.13645925795319
2459430 zg 3.861623896238953 29.044250991928827
2459435 zg 3.6524211248246377 29.21038527316499
2459600 zg 7.946267709486636 68.57008723199998
2459641 zg 2.6547875051819307 55.27554579378759
2459675 zg 2.9273542210858348 46.325113771444414
2459679 zg 3.9498522088231733 49.96881696862996
2459682 zg 5.752705015365314 43.42389399467862
2459695 zg 2.6773994550170968 47.6856007663742
2459697 zg 2.635804351604823 49.498256104797406
2459699 zg 3.4171466927062597 46.41552315568455
2459699 zg 3.4774718475441606 41.75369083834727
2459700 zg 3.480676192908197 42.37540502035942
2459711 zg 7.1130060702236735 33.71270808478734
2459712 zg 7.987933218296158 44.48679808364764
2459712 zg 8.379083756950639 34.58492933101906
2459715 zg 14.193569845614048 60.52290520529153
2459717 zg 8.525770710257127 49.179341767319826
2459723 zg 3.1937427149630695 36.96425190682487
2459726 zg 2.7761436686854695 37.65233939413144
2459730 zg 3.053976515557893 32.99899747790763
2459731 zg 3.516119467989067 35.95268730928789
2459737 zg 4.298991000501424 42.949868109130094
2459743 zg 9.221474723771088 35.02057488108204
2459749 zg 3.14532620396435 36.76070277438778
2459749 zg 3.241155942437154 37.95968680750961
2459751 zg 3.3008301966544296 33.24417273834054
2459751 zg 3.0121408567064587 39.43368819192891
2459754 zg 2.8059199500992755 29.744504666198576
2459755 zg 3.352919940452228 33.97178350610917
2459759 zg 3.2423932983570625 36.77159937647358
2459759 zg 3.1351618100262537 34.31795043057723
2459760 zg 2.970747176988987 39.96189912615155
2459761 zg 2.9354539847993126 29.016405580534666
2459763 zg 3.3907824513120888 27.15685630686794
2459766 zg 3.901358579850501 34.29602877790825
2459770 zg 7.425982827365978 26.092088385918323
2459770 zg 7.492037956561155 32.75801589714211
2459782 zg 3.5109381889766538 32.52266887246875
2459785 zg 3.3344421232374413 33.93043442519418
2459787 zg 4.464435326241177 21.534864544107275
2459791 zg 6.963567087132231 33.52736014745942
2460043 zg 8.10177207851031 1.7968872575006767
2460045 zg 4.03835440359967 8.264362809551274
2460049 zg 3.2304698572744015 4.585154207259378
2460051 zg 2.6377265148378277 11.63440600125468
2460055 zg 3.070967900053333 11.198310106937733
2460061 zg 3.048356061137748 6.850403244861043
2460063 zg 3.356602601550044 1.5236746321610468
2458217 zr 3.869278272390238 3.611281523944889
2458218 zr 4.41796134406832 2.17656358791808
2458219 zr 5.933640409662487 -4.999326312905791
2458231 zr 4.724445574786428 8.647346696194049
2458243 zr 4.834754586220954 3.2202506441334133
2458246 zr 4.8255947828321455 -1.3188696078001136
2458256 zr 4.187869963007057 -2.515450419322055
2458256 zr 3.540342521597595 5.098165861328714
2458256 zr 3.948480200652368 1.3059526849088925
2458262 zr 5.251163369672466 4.828676822811352
2458270 zr 6.217700016791399 -1.0635997749988
2458273 zr 4.426107029764584 3.5233747037494068
2458279 zr 3.966705557176972 -7.073883892306212
2458282 zr 3.66644590060577 3.9065799316027894
2458288 zr 4.230514500698965 -4.3433966244830495
2458300 zr 6.199042441795476 0.13789405894569798
2458305 zr 5.051909126592879 -2.237015746631808
2458336 zr 4.21523616448298 -0.6168518717298767
2458462 zr 7.695909647186657 -0.24627068916242895
2458466 zr 7.653497775060923 7.545717228408942
2458466 zr 9.956430189856157 -5.072882146460451
2458466 zr 6.10549983265068 -14.276213910952885
2458466 zr 6.063517143018587 -3.167594384304744
2458468 zr 5.085977493996417 7.814443360264509
2458468 zr 5.416664346925791 -0.6635915386324588
2458468 zr 5.35371847245973 3.9566203628813676
2458469 zr 5.640686000931955 2.686148830490785
2458469 zr 6.651401601295386 -3.006485074942679
2458469 zr 4.5083945031239825 0.8122931997100048
2458469 zr 5.24632909608113 -3.8077932537151082
2458472 zr 5.309523286791169 -0.16503212540484904
2458472 zr 5.6354931289049786 3.784739908804488
2458472 zr 6.56014095005222 -5.8592040886231915
2458472 zr 9.527541430617179 23.765448322988806
2458477 zr 7.319235029423969 11.309582297730154
2458487 zr 4.759385140276339 3.3710104206030795
2458488 zr 4.500097377823982 -2.8126261530849215
2458494 zr 4.475297508374971 -0.11822320349958325
2458504 zr 11.310603694304673 13.548352351971056
2458509 zr 7.106662534250401 -3.6416721879925404
2458509 zr 7.070366680930572 -0.3037065589779078
2458523 zr 3.8161897842570607 2.5619004139353923
2458527 zr 6.488034800130156 3.1196609037331267
2458527 zr 6.783314258733992 -8.224180584787124
2458543 zr 5.312903461529829 -3.935809359424476
2458560 zr 6.172054680150144 -2.7379804340386156
2458561 zr 7.538165933412703 1.3144674345417726
2458573 zr 4.790169159569232 -1.3552814039732786
2458573 zr 4.892991192762869 -4.8809934347354815
2458583 zr 4.663917400463523 3.6948013005823768
2458584 zr 4.52920430664267 0.5471516962463734
2458585 zr 4.103866154066507 -3.0691009498503337
2458586 zr 4.857070799438455 10.295462848041717
2458597 zr 4.668215005952698 4.827044838687265
2458597 zr 4.434267734196924 -1.1327952785551727
2458598 zr 3.6228076926243915 -7.4908745994645
2458601 zr 3.858601818284556 6.724482520145708
2458606 zr 3.6630705337882357 0.5127960655452009
2458617 zr 5.358651700885356 -8.001468191709392
2458628 zr 4.103866154066507 4.327960214573937
2458632 zr 3.9231052949600143 7.24317705803292
2458633 zr 3.86571617605978 0.1528779355655993
2458633 zr 3.869278272390238 4.706019578343713
2458634 zr 3.8444123578433977 1.1213104894515478
2458635 zr 3.2770508092951367 3.492512637985918
2458636 zr 3.53708324681377 10.59701673916034
2458639 zr 3.5796888686043427 0.6470131441441486
2458642 zr 3.390651662664278 0.7241095149670749
2458645 zr 6.239138260163019 -4.518938132051484
2458649 zr 12.736783320864102 9.687707321552523
2458655 zr 4.426107029764584 -7.8830089222945405
2458658 zr 3.576393371179388 1.1102323807247136
2458661 zr 3.599525721113768 -0.7170840544931777
2458668 zr 4.583010479669066 -6.370483164342577
2458677 zr 7.272197969802631 -10.8268814658585
2458678 zr 5.83343831406613 -9.079160283940062
2458679 zr 6.714936925306882 -1.1074105835599366
2458680 zr 6.97335761329225 -5.761031507677942
2458681 zr 7.387122091149941 -7.572952181453994
2458682 zr 5.73483891626649 6.374963409749965
2458684 zr 4.7813534639379816 -1.2210091084027073
2458685 zr 4.970206512076859 7.755562189944382
2458686 zr 5.542834667746155 0.22186197533965504
2458690 zr 4.698409330759575 -3.8884952746230086
2458693 zr 7.883152477229068 -8.296275605026084
2458716 zr 5.299751786102109 -0.17012811375919826
2458828 zr 6.768823201118345 2.4523288863716717
2458828 zr 9.349103620365048 -13.112647658896519
2458828 zr 10.61124974044131 16.079492259033277
2458874 zr 3.815866638016552 2.909607917011856
2458878 zr 3.8232259441776595 1.4010234054507378
2458882 zr 3.5208318255017637 -3.8034048348737803
2458886 zr 4.397662655535233 -1.6349506931777604
2458888 zr 5.502143647968289 -3.5058183725164698
2458896 zr 4.839209611056189 1.799090596309533
2458899 zr 3.4757239881646234 -4.37676471166447
2458899 zr 3.8975633963628264 -4.942781229523027
2458900 zr 3.7569028487870444 1.6520062802104167
2458904 zr 3.5796888686043427 -0.09991953138355364
2458905 zr 3.7916650428480536 4.742167778465996
2458905 zr 4.180162722258913 -3.0323233577603217
2458908 zr 4.422032311303129 0.18808721691983954
2458908 zr 4.077492660635724 -5.648527846140991
2458912 zr 4.081249900169735 -1.7811187379480542
2458913 zr 5.486826451620941 6.892012303454377
2458916 zr 4.776951702051243 7.130286542612629
2458916 zr 4.422032311303129 -4.504987988866592
2458941 zr 4.74188317703873 -0.830576164475073
2458944 zr 7.024928973604769 -3.7881897317528144
2458954 zr 5.169583206881664 -2.37651469490268
2458955 zr 4.33732446188087 9.635403952552116e-06
2458956 zr 5.131632298163673 -6.80897175888308
2458962 zr 4.111432721817357 6.362794843301431
2458964 zr 3.749988748067882 -2.1804336866038168
2458965 zr 3.609485331608317 0.5230648423017459
2458966 zr 3.729322699407327 4.5935241376166775
2458966 zr 3.5436047996672704 -3.9163632293582085
2458967 zr 3.53708324681377 7.51750142587092
2458972 zr 4.715750835033757 8.756425567194249
2458980 zr 4.668978903440499 -0.4975200341055243
2458986 zr 3.599525721113768 0.18479159787474916
2458992 zr 3.586288976242945 -9.2230324181108
2458998 zr 3.6328317225413262 2.4731623497426236
2459001 zr 6.080294428041802 8.226621995921764
2459005 zr 8.970483853398594 -7.182628238838389
2459012 zr 3.286118156540359 -6.211619647886196
2459016 zr 5.630305037488013 -10.491471758320154
2459019 zr 3.494984719096137 6.532834101370326
2459022 zr 3.912280316582967 -4.785941160601954
2459028 zr 4.924639384879808 8.637398843720346
2459033 zr 7.552064545382763 4.1991908852434126
2459040 zr 3.6328317225413262 -2.154884807152946
2459043 zr 4.149475340404297 -6.3231345562379655
2459194 zr 6.837749251516187 -4.823889205992678
2459194 zr 6.756366044985615 8.149991866189273
2459194 zr 7.285766976354312 -2.8665333672028996
2459194 zr 9.226817002967683 -7.002221381466224
2459194 zr 12.903705502431754 23.11736799831347
2459195 zr 13.19183688162237 -0.235139975870194
2459195 zr 8.104009227207575 -0.8651214180441574
2459195 zr 6.613475742763003 0.9338121748625642
2459195 zr 6.8713478992738 9.714967038686506
2459200 zr 8.022318991448309 2.5821889957998496
2459217 zr 8.41906035211174 10.239588501211564
2459219 zr 7.205685068070001 -1.2832365734682312
2459228 zr 4.17246966570475 -5.558947324324942
2459231 zr 4.1647907672403655 -4.493383628100195
2459253 zr 3.4565694024056537 -0.5854603132491897
2459264 zr 3.8161897842570607 -5.229297483381796
2459264 zr 3.890719885118234 3.4548034648558157
2459264 zr 4.069988555240395 -0.3303043663132396
2459264 zr 3.9014852074416524 1.289146398974916
2459264 zr 3.6529630662744794 -1.3843509749855736
2459264 zr 3.90867863213992 5.841866729879881
2459264 zr 3.5273234145416756 -4.574644516598183
2459264 zr 3.530573696046859 -2.2685050734980887
2459264 zr 3.8232259441776595 -0.23901495826938163
2459264 zr 3.8197062440817837 3.647111219159815
2459264 zr 3.642883488177156 -1.1751412520295705
2459264 zr 3.729322699407327 0.33674482725630916
2459264 zr 3.7777217328965764 0.20761960726750112
2459264 zr 3.6028425340350005 -0.9520938161719293
2459264 zr 4.036390617509253 -3.8124473289674508
2459264 zr 3.890719885118234 -8.538291676134664
2459264 zr 4.14183876006405 -2.9909707135534194
2459264 zr 3.592901252933792 0.7279991715453841
2459264 zr 4.103866154066507 1.459441582413909
2459264 zr 4.028962155184129 0.9148889878946873
2459264 zr 3.858601818284556 2.871795930105347
2459264 zr 3.90867863213992 -2.1722758018899193
2459264 zr 3.7986559848910355 -2.839851182910739
2459264 zr 3.9303385820346057 1.9016555525206895
2459264 zr 3.8091665734917526 7.38867318666261
2459264 zr 4.1609566191474325 0.30708287996079975
2459264 zr 4.119013240546497 1.109045800659683
2459264 zr 3.8444123578433977 0.7081396983825969
2459264 zr 3.858601818284556 -7.303517962210723
2459264 zr 3.8126765617204876 4.218208223105489
2459264 zr 3.784686966742591 -5.21392590095419
2459264 zr 3.573100907622376 -1.2914232436728588
2459264 zr 3.8408731533229017 -3.266337552579063
2459264 zr 3.606162403261108 -2.064268364987758
2459264 zr 3.4853410487972645 2.543786748239351
2459264 zr 3.612811321895503 2.816976350661264
2459264 zr 3.563241692241709 8.030545648771163
2459264 zr 3.5436047996672704 2.243020628616444
2459264 zr 3.2320879865789474 -1.455091819014923
2459264 zr 3.573100907622376 4.33817700513439
2459264 zr 3.6361792255546637 6.24543362125094
2459264 zr 3.8126765617204876 -3.617425922375397
2459264 zr 3.7258894475790787 -1.39444174847858
2459264 zr 3.8091665734917526 1.7113530800511136
2459264 zr 3.6361792255546637 -1.2012517244381882
2459264 zr 3.7534442063970546 4.577427157713751
2459264 zr 3.7430873718695947 2.781111816840853
2459264 zr 3.6328317225413262 -2.9608901490297157
2459264 zr 3.328765295317946 -3.131945333946612
2459264 zr 3.5111168355856712 -0.29589561644290463
2459264 zr 3.550138376736398 4.054615176927366
2459264 zr 3.550138376736398 -0.09967409448401299
2459264 zr 3.5111168355856712 -2.937359946800132
2459264 zr 3.5078844662611064 -1.6753013837619246
2459264 zr 3.6496001118892765 2.2836865396107404
2459264 zr 3.8302750771287397 -0.6249430157052634
2459264 zr 3.862157359030864 -3.7057802429302122
2459264 zr 3.7361986967743257 3.58570780269558
2459264 zr 3.5111168355856712 -2.286917199467249
2459264 zr 3.5046550726881085 0.5933732024374536
2459264 zr 3.6833694459500452 3.313176004540578
2459264 zr 3.573100907622376 -5.397730492872352
2459264 zr 3.8302750771287397 -2.268044047968558
2459264 zr 3.4789267229490872 4.216269492631073
2459264 zr 3.9014852074416524 1.7007908778303413
2459264 zr 3.5566840001909723 2.4227557164680635
2459264 zr 4.111432721817357 -4.133929850195604
2459264 zr 4.0737388800540675 -10.052912685832611
2459264 zr 3.7986559848910355 0.5205989578410664
2459264 zr 3.9158853198280994 -5.372543418398816
2459264 zr 4.0512886564450055 0.20746353957733396
2459264 zr 4.17246966570475 -4.449015804600859
2459264 zr 3.9303385820346057 -2.658163095785893
2459264 zr 4.14183876006405 11.176022784636007
2459264 zr 4.103866154066507 -2.378222064605019
2459264 zr 3.8764123150455965 4.071950882509253
2459264 zr 4.126607735976217 -1.7819761895415294
2459264 zr 3.926720272971536 4.634696342518736
2459264 zr 4.085010601843379 0.03880603266895895
2459264 zr 4.100088093782637 -2.5050311263057923
2459264 zr 3.8408731533229017 -1.7044833175378513
2459264 zr 3.8408731533229017 -7.645671228500455
2459264 zr 3.9231052949600143 0.261960898183353
2459264 zr 3.9521185605818254 -2.373001863105341
2459264 zr 3.8056598165933426 3.380116014665103
2459264 zr 3.944845190233485 2.921395665529217
2459264 zr 4.017845087215588 2.1713654018737496
2459264 zr 3.533826972550961 -1.2119529811852856
2459264 zr 3.833804515963752 -5.907196431131951
2459264 zr 4.157126000809616 1.7052531565868958
2459264 zr 4.088774768846851 -1.7953223872044584
2459264 zr 4.341321125589755 -3.333572507039367
2459264 zr 4.138025741818782 -6.9760478588310635
2459264 zr 3.919493644933455 0.4739511173357479
2459264 zr 4.149475340404297 -3.665709540516389
2459264 zr 4.33732446188087 -5.868534744660073
2459264 zr 4.12280873956428 4.440812988015069
2459264 zr 4.234412743480527 5.087892308183851
2459264 zr 3.7603646781718534 0.3522752384376968
2459264 zr 4.13041023300501 -5.207741044307918
2459264 zr 4.434267734196924 -4.38725309844321
2459264 zr 3.8764123150455965 3.670897455940557
2459264 zr 4.0512886564450055 1.2542990257088613
2459264 zr 4.357344641966272 -3.0595515729364626
2459264 zr 4.191728910624607 2.0958427301265394
2459264 zr 4.234412743480527 -4.68767527373492
2459264 zr 4.103866154066507 2.1072269903932934
2459264 zr 4.48768031196747 0.8010744048785604
2459264 zr 4.199457476714416 6.087900301843943
2459264 zr 4.438353727090594 0.8104194414728643
2459264 zr 4.6424886465014445 -4.207641992948567
2459264 zr 4.180162722258913 -4.333377928079183
2459264 zr 4.14183876006405 2.2715400385472395
2459264 zr 4.389569318083316 -1.7672279779212676
2459264 zr 4.583010479669066 -3.686043201651299
2459264 zr 4.09254240437334 3.4962715603039527
2459264 zr 4.191728910624607 0.35310460649167
2459264 zr 3.9014852074416524 2.391447440318979
2459264 zr 4.345321472057672 -0.261134888115215
2459264 zr 4.17246966570475 -5.07163097614126
2459264 zr 4.446537011563696 3.474323385657329
2459264 zr 4.325356533420104 3.7588801854047786
2459264 zr 4.062498260194343 4.574229454633059
2459264 zr 4.458840237076174 4.41068454379998
2459264 zr 3.966705557176972 4.878917787736321
2459264 zr 4.345321472057672 -2.983483137349755
2459264 zr 4.422032311303129 -2.2865704457714338
2459264 zr 4.357344641966272 2.0804583571067066
2459264 zr 4.413894124606702 4.177920178473637
2459264 zr 4.430185502909253 7.908935651697349
2459264 zr 4.09254240437334 0.9888437516266951
2459267 zr 5.481910295756476 8.312627199544568
2459269 zr 5.517367655758377 -2.6965464040364204
2459273 zr 12.43238942976902 -17.287144920569656
2459278 zr 4.7945831007921615 -5.538112153962158
2459292 zr 3.524076125278207 2.632243056248861
2459295 zr 4.4670612938741945 3.732276437277272
2459297 zr 5.2366738962433255 -3.130486216435278
2459301 zr 11.326706653376528 -9.679616194652326
2459302 zr 10.63373383609299 -18.00207906766925
2459305 zr 7.359794583924331 -8.959748782850946
2459307 zr 3.941213526241609 2.703569838864329
2459309 zr 4.321374566874672 -1.462697653551388
2459311 zr 3.8232259441776595 -2.651228516586107
2459315 zr 5.761309729984353 9.872041609301862
2459317 zr 3.788174398034034 4.633761753605571
2459328 zr 6.6391605446468756 5.367387460499188
2459334 zr 5.68749756427208 -2.8992721860799
2459336 zr 4.047558999532046 4.773348874623698
2459339 zr 3.28007047502611 -2.6947368908386307
2459341 zr 3.599525721113768 -2.8114195049672084
2459343 zr 3.8091665734917526 6.920764404124039
2459345 zr 3.5078844662611064 5.966992990599997
2459349 zr 3.264999920135788 -3.035507801629759
2459350 zr 4.096313511618921 4.811499748247503
2459352 zr 4.4670612938741945 -5.018515181985387
2459352 zr 4.088774768846851 1.6223677644500925
2459353 zr 4.126607735976217 5.7423468442546515
2459354 zr 4.947370487477136 -7.9307749124794436
2459354 zr 5.314415791195278 3.207012637836848
2459356 zr 6.566185846506412 -7.572845961832769
2459356 zr 6.147869068916091 8.190780437670497
2459361 zr 6.922164848295708 13.207960832127918
2459364 zr 3.5046550726881085 5.864178457865996
2459366 zr 3.5436047996672704 6.924418608281519
2459369 zr 3.8871380494243417 0.11935980298435878
2459371 zr 3.28007047502611 2.8941134671687325
2459373 zr 3.616140376944117 2.730896684744481
2459375 zr 3.8479548235933283 1.769795335381338
2459377 zr 3.5143521834038345 7.128122838877052
2459379 zr 3.8267488875304614 9.015488606451335
2459383 zr 7.717203636569112 1.4949288102626483
2459393 zr 3.8232259441776595 -0.9250511412019131
2459395 zr 6.159204299181143 10.131069981113393
2459400 zr 4.145655291846683 2.88339894617346
2459402 zr 4.199457476714416 6.900151319712137
2459404 zr 4.4424434850563905 11.335194339778255
2459406 zr 4.915576213942705 9.368304126515547
2459410 zr 5.347267674099421 -4.73091802840376
2459415 zr 7.258974602545566 2.536690559197589
2459423 zr 5.270545050920081 13.034855633718918
2459426 zr 4.329342169181753 15.663893364216904
2459427 zr 4.138025741818782 7.001565944064859
2459430 zr 6.181937496772196 4.251924428144389
2459637 zr 4.866026100097616 33.06994501216017
2459641 zr 3.612811321895503 28.530938524897632
2459675 zr 3.8197062440817837 31.352725740127713
2459679 zr 4.983958690772909 24.744696658837306
2459682 zr 6.589155624531106 4.551128112811568
2459684 zr 8.147477760108135 30.92324194182197
2459688 zr 7.8614005871590775 21.236314724972434
2459697 zr 5.136360883436374 28.305070487744207
2459699 zr 3.8091665734917526 22.595923567130768
2459699 zr 4.028962155184129 20.592793639150102
2459700 zr 4.207200292469502 16.58511330069839
2459702 zr 4.088774768846851 17.33015058057396
2459707 zr 4.612653695939115 17.46251680799629
2459709 zr 5.155318836637834 14.162795319749925
2459709 zr 6.696408478692646 27.329537471014376
2459710 zr 6.566185846506412 16.605317460372856
2459711 zr 7.353019083318083 24.930684002726174
2459712 zr 7.660550154257479 10.944287241985721
2459712 zr 7.3869590773197125 16.834995858354368
2459719 zr 4.28147278700976 23.708838337709693
2459719 zr 4.0512886564450055 19.759947032821206
2459719 zr 6.181937496772196 12.13170195748545
2459721 zr 3.7986559848910355 19.663150203833343
2459723 zr 4.540993187034451 20.077384238839898
2459726 zr 3.53708324681377 15.612535263687878
2459730 zr 3.4757239881646234 18.410396038753383
2459735 zr 3.7430873718695947 16.630254649701097
2459737 zr 3.53708324681377 14.231548223998395
2459743 zr 8.446950065482628 20.726886029975006
2459747 zr 3.612811321895503 15.020225172958115
2459749 zr 4.59146047730434 10.141364546922368
2459751 zr 4.100088093782637 21.11861101588315
2459752 zr 4.081249900169735 21.19915708708847
2459753 zr 4.126607735976217 17.949236050113832
2459755 zr 4.088774768846851 11.841476012418536
2459756 zr 3.8728436510440107 23.033106534556964
2459759 zr 4.047558999532046 9.40084496973559
2459759 zr 3.5143521834038345 19.788586774214924
2459760 zr 3.7951589041457616 19.186035695634295
2459761 zr 3.482132408920176 18.463694362989166
2459765 zr 4.096313511618921 12.187403188702199
2459765 zr 3.746536470868248 15.190812828901382
2459772 zr 7.093740167580456 12.618111375717461
2459772 zr 7.738556544780476 4.3073376596034425
2459774 zr 7.225622643791006 20.32208293411631
2459775 zr 3.919493644933455 13.39634844176587
2459775 zr 7.607915724021721 17.99515345601297
2459776 zr 5.825339266806406 24.72512972462987
2459777 zr 4.028962155184129 13.551137835966697
2459778 zr 4.349325504678106 20.638692886408595
2459778 zr 4.98576637845851 14.747520475305828
2459779 zr 3.919493644933455 12.916035039649564
2459779 zr 3.944845190233485 15.525134424259994
2459782 zr 6.57418524957809 13.294218949784717
2459785 zr 3.530573696046859 11.44788076802294
2459787 zr 4.389569318083316 13.639128328491289
2459789 zr 4.733156345602243 15.623382203635883
2459791 zr 5.846840191626301 24.991986252202295
2459798 zr 7.90070221440959 20.110516616735463
2459924 zr 15.523076528009142 0.2844826602833903
2459924 zr 10.110438069265223 18.104908460176592
2459924 zr 10.493096164819622 21.1273192323426
2459924 zr 11.15235373143525 21.218969091324148
2459924 zr 11.234830794065816 9.765390672911611
2459933 zr 6.482061850312009 9.34529728026013
2459933 zr 6.263682922826515 13.618020148629167
2459952 zr 7.97810828955402 7.245327011417757
2459970 zr 4.479421308495377 11.062134451524297
2460016 zr 7.122655470329362 -5.230677617311237
2460032 zr 4.422032311303129 -6.338418274547382
2460045 zr 3.3688616417439476 4.68043583565972
2460049 zr 3.6028425340350005 1.7905135787489952
2460055 zr 3.8764123150455965 8.140858284722865
2460057 zr 5.900940337828006 -0.07735058671144834
2460059 zr 4.0737388800540675 7.4603332041581645
2460061 zr 4.187869963007057 4.292446173195672
2460063 zr 4.317396266167516 7.250617540007844
