jd filt fluxerr adjflux
2458203 zg 4.056000585046039 7.022792715821284
2458206 zg 5.515187448051014 0.29345962605838477
2458206 zg 6.522236336465294 16.01328822532285
2458233 zg 4.806894809260717 4.155637351957018
2458236 zg 12.077596155828047 -6.42940239716331
2458237 zg 12.529133640029961 -2.884621277401128
2458244 zg 3.639869269210727 0.4894261007885458
2458247 zg 2.2681683024962385 -1.375832906505967
2458262 zg 5.102699213829286 1.9647182462769754
2458267 zg 12.872884130010142 -3.7937030649957224
2458270 zg 5.734319711052117 -0.5911493571435475
2458273 zg 2.251517240938609 -2.5634493702293266
2458279 zg 2.416939019533327 0.6622729565243693
2458282 zg 2.6031543928498824 -0.865249148864496
2458295 zg 7.384634760329455 -4.052519725334574
2458298 zg 5.818921232011348 -7.650919438860008
2458304 zg 2.451884040768044 -4.707719929902524
2458332 zg 3.0430119160746862 0.23637653754930193
2458336 zg 3.0212095302199913 -6.938767851441798
2458493 zg 2.933464561558763 -4.152544625739292
2458527 zg 4.536236500297298 2.091172881102902
2458540 zg 3.6927899519233347 2.6770375522257215
2458544 zg 5.686466413731522 -3.9236633695336627
2458568 zg 6.955294462751791 3.098649552011834
2458584 zg 2.8825765280546176 -1.6011611672429915
2458587 zg 7.9776258340336375 -7.2837991788272936
2458591 zg 12.46813745035467 -17.73674621409215
2458597 zg 4.946119654591646 -6.025120082267159
2458616 zg 4.361137573762635 -2.021675034870181
2458619 zg 11.94006599713097 -2.3855718198536517
2458633 zg 2.562259922633922 4.928054646973428
2458636 zg 2.0272773614591793 0.5682521025704271
2458639 zg 2.873530881575775 -5.303416864497058
2458642 zg 2.0994869072608147 -3.530621544537138
2458645 zg 5.004145428541419 6.8512893461853634
2458650 zg 13.938665035886372 -8.225615728465009
2458653 zg 7.056348494505297 3.0442092257636517
2458657 zg 2.793706935679183 -1.6297399937115309
2458660 zg 2.311532089472615 3.316512439328576
2458665 zg 2.4000659945528677 -2.624945780496185
2458674 zg 5.651971574146317 5.928338085660066
2458683 zg 3.580022743345146 -0.6793688424469881
2458690 zg 3.0702233710539235 -2.062714054321761
2458716 zg 3.3019460513539878 0.4273104897163839
2458720 zg 4.160202232421356 1.0205118036955447
2458723 zg 4.254984760489198 2.004459799052818
2458726 zg 4.532060395542275 5.016157249596702
2458853 zg 3.4432644959735916 0.8995599636641471
2458874 zg 2.358630771978925 -1.3014119834497029
2458877 zg 2.451884040768044 -2.2219355024523333
2458893 zg 6.12667423841826 -2.2248995811449035
2458896 zg 3.841975627004546 4.594165027032205
2458905 zg 2.9482884649736567 -0.450272762682281
2458914 zg 7.3925224844587305 -5.347437080453739
2458943 zg 4.810362425867137 5.197007759749575
2458954 zg 3.081555353425743 -4.38871518407204
2458963 zg 2.6904392098384533 3.1606789921667353
2458963 zg 2.4609337753866014 -3.682720124910656
2458969 zg 9.632204277536681 -19.833738806137323
2458973 zg 8.128783077241845 7.188001081430068
2458978 zg 14.979875453331413 -25.788393959139885
2458986 zg 2.2002664514689374 0.5167207901333184
2458992 zg 2.0291454130494158 1.9117407754689992
2458995 zg 2.2806870316415764 2.2879862884327347
2458998 zg 2.195037467086622 2.1540806194387137
2459001 zg 5.535425622397002 13.07947135178011
2459012 zg 2.1809310600925373 -2.771776442925179
2459016 zg 2.135216602194935 0.994166790818648
2459019 zg 2.2226224315527796 -1.0613440302621853
2459022 zg 2.2173892494550307 1.817892618381166
2459025 zg 2.4972381460280286 -1.3105394746654657
2459028 zg 3.8940344278535695 -1.8920656827669005
2459032 zg 7.495930206197111 6.230333474209106
2459035 zg 7.643494115894237 -7.112226857828839
2459038 zg 4.603579937843841 -8.29077201322802
2459041 zg 2.433660315197268 3.5285142483154077
2459217 zg 14.373185104913397 26.589245500325934
2459229 zg 2.564620938355826 6.484720697692306
2459232 zg 2.755826723788865 8.21976765632803
2459249 zg 5.378310416188801 12.551032480746759
2459256 zg 2.0381200668073403 2.350044805994561
2459269 zg 4.572742905458393 3.302349454062016
2459279 zg 4.348061605551611 6.301360023520281
2459290 zg 2.2827885896805924 9.523018955542545
2459292 zg 2.5835875535520607 2.870356890298491
2459295 zg 5.510751679052017 9.373537612190484
2459305 zg 6.807116640378023 3.2900900576157146
2459307 zg 3.3984863158544507 5.519606519621636
2459309 zg 2.3653745885894146 6.312142832756263
2459313 zg 3.8608753961516475 9.668737012082754
2459317 zg 2.100109490878379 6.736172883077517
2459320 zg 2.333811057064414 2.8819487217810327
2459322 zg 2.6904392098384533 4.9788823698116325
2459324 zg 2.9242592262887928 4.289370241673146
2459328 zg 7.127231324163808 0.5831288716418657
2459334 zg 2.9909174716045515 8.735128148577708
2459336 zg 3.829509633015349 6.391918349285056
2459339 zg 2.3771998440712876 5.016053465136434
2459341 zg 2.0725889130941435 9.076332080666786
2459343 zg 2.343473032706949 3.503190027450961
2459345 zg 2.3588478382602784 9.764032826163245
2459349 zg 1.9298546903767515 7.704082570784026
2459353 zg 2.800680855888752 9.199042981468544
2459356 zg 6.217224240650481 9.790404231399549
2459361 zg 7.256898013690665 1.2662146665263743
2459363 zg 3.7356133628394885 8.250302350451195
2459365 zg 2.272350273468702 9.23980453283306
2459367 zg 2.654702561187944 8.624931448240758
2459369 zg 2.3081588445202432 9.594281238716178
2459379 zg 3.2987637945702883 8.729496007462442
2459385 zg 7.491714438084086 15.142834078980293
2459392 zg 2.6462031596255002 6.6601550933650255
2459394 zg 2.9242592262887928 10.719642993984062
2459396 zg 2.448305978623903 10.334091619586834
2459399 zg 2.9199865161843155 5.878410849707237
2459401 zg 3.204082227489559 10.132879798187322
2459405 zg 3.3080340663060563 11.98897076508478
2459407 zg 3.9062011669578527 5.884926273928233
2459409 zg 3.628861428061896 12.997487423085017
2459411 zg 5.25719323754274 12.744837874388177
2459419 zg 12.86605137537189 11.621960441989417
2459423 zg 3.633170553873955 8.918785883350742
2459425 zg 4.34382284515431 15.079902993290515
2459430 zg 3.364856408846816 9.422113042544543
2459435 zg 3.0346153690243374 10.734756616824113
2459438 zg 4.542259409757821 12.334620600102603
2459443 zg 13.06990629953396 16.80450195545199
2459450 zg 21.739127484262582 -22.865914931287193
2459600 zg 7.733656483260329 24.225953366241583
2459675 zg 2.4424359498877246 26.828321047996557
2459679 zg 4.905616776922714 17.272592142914228
2459683 zg 6.368318695470208 27.519465752067447
2459695 zg 3.5179185953365657 22.218747022268868
2459700 zg 3.0364768420733728 20.471785428013128
2459702 zg 2.493811496873523 28.4499074659785
2459712 zg 7.125254485008659 20.449508612378967
2459722 zg 2.5294330199206256 29.621520301893216
2459722 zg 2.511307691816141 27.5896891886081
2459724 zg 2.689450917264987 28.981132813397686
2459726 zg 2.2912647666944532 30.92681181887303
2459732 zg 2.5159379548607945 31.100534540722837
2459734 zg 2.9893032430729094 25.488344758525294
2459736 zg 3.012873142236938 25.539240356451774
2459738 zg 3.9004475542464903 24.47479331136694
2459743 zg 13.893447265334055 59.865993627192594
2459747 zg 3.5576393516187705 26.27738284796785
2459749 zg 3.0269443021058664 28.521918754817513
2459751 zg 2.7168372477921756 27.00841258398814
2459755 zg 2.809647957870876 33.37056823909941
2459761 zg 2.4069106040427237 30.61872769430866
2459763 zg 2.951005189907397 31.843992692570765
2459768 zg 6.063885883236265 36.638344159621084
2459768 zg 6.5277013641507855 30.79134812174214
2459771 zg 7.176769867417357 24.980047450447323
2459782 zg 3.435278254334489 33.164381244618745
2459791 zg 5.811571943244186 29.599469097731895
2459794 zg 4.7119403818831165 34.877929794525365
2459806 zg 3.3432321611100044 29.55208798021547
2459810 zg 5.775841748949984 34.26107234236314
2459970 zg 3.3324367888195927 30.724486795181264
2459978 zg 3.4798611882014945 40.223631430354786
2459993 zg 3.4702592480838543 30.39813595550144
2459996 zg 3.018592090234083 33.03955685244224
2460016 zg 7.899232150541622 1.2292573073290696
2460032 zg 4.7095215078636405 6.546468771408057
2460043 zg 7.692932743656772 -10.03429681092291
2460045 zg 3.59986144602206 0.034485693471256025
2460049 zg 2.6306533461029185 6.817295946117779
2460055 zg 2.743164850141542 -0.5414786269173681
2460057 zg 3.1330690993950543 3.9896440537670923
2460059 zg 2.769299793424113 0.32177623684419177
2460061 zg 2.9293412908836864 -0.11565224834722883
2460063 zg 3.117316124652789 -2.9351344955930307
2458198 zr 5.4875797647039635 -4.657847662041106
2458198 zr 3.245796022158102 -1.1338877821533229
2458217 zr 3.3382942143216963 -1.8472157860424099
2458217 zr 3.7990523398950535 5.263415012404878
2458247 zr 3.4294917697639264 0.37700078751753846
2458256 zr 3.849833414335359 3.075282665407718
2458262 zr 5.400274909348867 2.7964647670181146
2458270 zr 5.226137669991108 -5.686249099371202
2458273 zr 3.5713282154907278 0.3476156132042249
2458279 zr 3.0488209820932575 2.6856478286479875
2458282 zr 2.950227656274949 -1.7208793402335298
2458288 zr 3.54184674118853 1.1318918089478485
2458291 zr 5.905892336185268 1.7472194361730533
2458295 zr 6.6356853673344585 2.241512054612577
2458304 zr 4.161651345391925 1.8660096768527425
2458312 zr 3.493250782084001 2.219382885026188
2458336 zr 3.5911187374253988 -9.92951746569786
2458468 zr 4.849127716999814 -0.4782890423111909
2458468 zr 4.307479147041289 -4.096707776950238
2458468 zr 7.349533276911052 7.604736338795315
2458469 zr 5.096401358153302 0.536046317630736
2458469 zr 4.6138516108346925 8.275729426928011
2458469 zr 4.907537453810706 -0.9357373478280987
2458469 zr 5.724053088214376 12.283782331159616
2458472 zr 7.988954651683866 -10.24073265732476
2458472 zr 5.717023445921223 -11.286629361835152
2458472 zr 4.787002152608724 5.637291998688476
2458472 zr 5.185801258966548 4.5059812282065375
2458473 zr 4.8530623259023775 5.871643228522677
2458473 zr 5.230953338024918 2.0596580454738342
2458473 zr 6.343825368966421 -0.08246572856619183
2458473 zr 9.131243465806271 8.988504170740486
2458477 zr 6.46497032813079 -6.006148235113709
2458477 zr 6.3381413484190645 -5.580702518951162
2458477 zr 7.413098775133377 -1.1343643534419832
2458477 zr 7.850512491476233 -0.5144932834484717
2458483 zr 4.860175001160349 7.1807962784037604
2458483 zr 7.247202300678701 5.824560042150594
2458504 zr 14.962078050433004 18.848942113308436
2458541 zr 4.007516110377408 4.405214428025064
2458560 zr 4.449384390207803 -5.518663774600759
2458573 zr 3.906986743110412 4.870424716359732
2458581 zr 6.346971321327638 -2.6405612770329356
2458584 zr 4.217547284074782 1.4879740750298325
2458587 zr 6.542663816922215 -3.5335390874435193
2458591 zr 8.220495746654967 10.680918478491172
2458597 zr 4.142621710802381 1.590876343165424
2458602 zr 3.9270433291617453 1.2780669621541831
2458606 zr 3.2773634781058396 -5.272526044835885
2458616 zr 4.400073795486768 5.514901930808235
2458619 zr 11.313238630756265 -8.777371752452115
2458628 zr 3.3785053404944105 2.854972967953087
2458633 zr 3.372287632146695 -3.6268874873365378
2458636 zr 2.9312680199732184 -3.2320307001768405
2458639 zr 3.1487046433814725 -2.4027034053072476
2458642 zr 2.9070702712396095 2.478269526989316
2458645 zr 5.387420146156206 -0.15954051582952056
2458650 zr 8.625371282829867 -6.064381436140219
2458660 zr 2.7616868628876015 -2.023143348155459
2458668 zr 3.82861712542872 0.07039133226316248
2458674 zr 5.318398141225604 -3.707570828450505
2458677 zr 6.62957648892533 0.759291523363664
2458690 zr 4.161651345391925 2.7395407653603807
2458693 zr 7.651641349538269 -2.323531305555608
2458698 zr 4.612112867965977 -1.0540052893548073
2458716 zr 5.459715004965484 4.68110496936752
2458723 zr 7.10465782611729 9.646381687405704
2458748 zr 8.077741592503502 -1.5516132421472233
2458882 zr 3.192428826463007 -2.070930586614583
2458886 zr 3.300055346615076 -2.431290174818965
2458895 zr 4.157820087482188 -1.07197383974774
2458900 zr 3.4050322036091107 -2.909191122480439
2458905 zr 3.3878534046151154 -3.6677436325989308
2458908 zr 3.353703080302583 -2.845707981840385
2458915 zr 2.596275949660927 -5.709755815619242
2458954 zr 5.166731210984088 7.97050733137305
2458966 zr 3.287919861535329 1.25052259056266
2458973 zr 5.086462755479019 -4.064980392035095
2458978 zr 6.7844468219572205 -2.6755772906896826
2458981 zr 3.7865346698012767 0.6051900125690868
2458992 zr 2.8078534311251055 -5.720471793969665
2458995 zr 2.733848438152696 6.496769259817736
2458998 zr 3.020869223317343 1.1310280708170515
2459005 zr 9.350894977114145 6.915843104217612
2459012 zr 2.9017201790328007 1.4779936362030237
2459019 zr 2.5606537081882608 2.063218245427238
2459022 zr 2.743938883883932 -0.5167932499751653
2459028 zr 4.297992893755778 -3.733045410853221
2459035 zr 9.99645152827537 -5.751924515178011
2459038 zr 3.2279085608768607 2.1472754558610583
2459044 zr 3.2758290029792905 -0.6937335075923614
2459112 zr 5.958842687465164 -3.22207112112487
2459112 zr 5.724053088214376 -3.3430478006683106
2459112 zr 6.058455471682042 -13.557845934298697
2459112 zr 7.668409076790936 -5.692656551894524
2459112 zr 6.473839382765325 1.9971234140646485
2459205 zr 4.740802981451287 2.240725420509392
2459205 zr 4.754446084323763 1.6089127527265812
2459205 zr 5.871673798081018 5.087091766604005
2459207 zr 9.78209247148689 -0.5954605249338871
2459228 zr 3.6781527827460097 6.340371943396297
2459231 zr 3.4381483339371623 3.608394467003577
2459248 zr 6.809038435178815 -5.499409479741491
2459254 zr 3.1806891226330722 0.908505827596519
2459255 zr 3.2308829440742137 4.190798531990415
2459262 zr 3.565440313682213 -3.609102455375248
2459269 zr 5.387712710051203 3.615518376104391
2459271 zr 6.678205218617691 -6.5745779436717715
2459273 zr 10.301059671137704 1.3863854959607365
2459275 zr 7.774915698271016 9.1019316220993
2459278 zr 4.477372048025379 -0.212481184975859
2459290 zr 2.8910495149864017 6.713601826775623
2459292 zr 3.0657160292242684 5.533926252455313
2459295 zr 4.396023043481527 3.1835893166660614
2459297 zr 4.964230142562457 1.5974680747278114
2459300 zr 7.978030435320074 -4.726869112360546
2459302 zr 9.361165480965584 -5.785614104549607
2459305 zr 7.141186651529001 8.221194415815251
2459307 zr 3.7472543347047638 4.597216979614189
2459309 zr 3.2219680067022023 4.192825761439157
2459311 zr 3.538586081605091 2.949408427945628
2459317 zr 2.7187823009856085 -1.401824488899111
2459324 zr 4.586695685312716 1.3463735197506204
2459328 zr 5.729327564552614 -3.759027763504549
2459334 zr 4.560612609232867 1.4693896138443578
2459336 zr 4.089547688656054 3.1888089583495938
2459339 zr 2.769328237777897 2.2045483903398155
2459341 zr 2.878554351714268 4.353693433914289
2459343 zr 3.0488209820932575 5.621331772429183
2459353 zr 3.303096210068351 -1.7745067503531953
2459356 zr 5.2502604254418275 -1.8320907878877928
2459361 zr 8.273666459300282 17.964117657470347
2459365 zr 4.416720600094271 1.3288587345581377
2459369 zr 2.9802694425765797 -1.6398402052523893
2459370 zr 3.1983149173096446 5.154135677284311
2459370 zr 3.1026438391015354 5.358902121125126
2459370 zr 3.006989590000585 6.425463548572337
2459370 zr 3.216038385360125 7.243738321148729
2459370 zr 3.128392410919211 5.888935376442361
2459370 zr 3.201340910632438 3.0936605054847703
2459370 zr 3.2339397506952827 2.4065755930117385
2459370 zr 3.2428079098317166 1.7371333090415737
2459370 zr 3.137125729027979 9.8089430055456
2459370 zr 2.9447981384031805 6.43977071689647
2459370 zr 3.1140954831813286 2.4544738783835376
2459370 zr 3.068540958764002 0.7137296669436584
2459370 zr 3.1284694948385905 2.0375657418169486
2459370 zr 2.9802694425765797 2.6661701229980954
2459370 zr 3.1806891226330722 3.100567673739873
2459370 zr 3.1777609483704627 7.536121316231691
2459370 zr 3.287919861535329 5.669833060576462
2459370 zr 3.0827047002903147 2.6604588198737424
2459370 zr 3.0969338186770887 9.417073344866672
2459370 zr 3.0097604055743203 3.9551084313574076
2459370 zr 3.216038385360125 -2.5142913267195066
2459370 zr 2.96573214612418 9.344342283799389
2459370 zr 3.119837145694562 -3.657916145074992
2459370 zr 3.1026438391015354 6.201112083171601
2459370 zr 3.1169649923713814 6.907405414243248
2459370 zr 2.9475116471464586 5.33293918706052
2459370 zr 2.9070702712396095 1.1083656423739119
2459370 zr 3.1255893944883297 2.4862328019832525
2459370 zr 3.1342376596618333 5.8156124218644045
2459370 zr 3.04407627220507 4.464977109089257
2459370 zr 3.2728132419899505 3.082322048617003
2459370 zr 3.2308829440742137 3.043812452375584
2459370 zr 3.327524207920009 3.8314827688171014
2459370 zr 3.3567933779063757 -0.9574071078169384
2459370 zr 3.2072434332743907 4.3793238681931514
2459370 zr 3.2161176288855557 5.516178675550874
2459370 zr 3.1544323915307824 8.63914774143995
2459370 zr 3.085545284182335 2.8090182634943255
2459370 zr 3.300055346615076 -1.8805172219627702
2459370 zr 3.4066272005447975 5.459373183811637
2459370 zr 3.051630343551251 1.7214799539956886
2459370 zr 3.293982015479378 1.6416639050257418
2459370 zr 3.0713684913585553 6.299962557433133
2459370 zr 3.1925074882464277 3.9293110599782146
2459370 zr 3.442149786977158 5.1687778834163485
2459370 zr 2.8937134966134876 4.633434948459015
2459370 zr 3.2517805096109433 -6.584648017316312
2459370 zr 3.2398225483914525 3.166744723919754
2459370 zr 3.0572568349810876 2.9625505890049566
2459370 zr 3.2970172826111455 0.8865135667648998
2459370 zr 3.14290985391912 2.7411538187748046
2459370 zr 3.027300480970971 5.614427871391754
2459370 zr 3.1458059143508104 6.871732197194898
2459370 zr 3.2279085608768607 8.56987838121007
2459370 zr 3.0524989968459986 3.5029295459929504
2459370 zr 3.201340910632438 5.952059866594192
2459370 zr 2.9849146986835864 8.229918120007156
2459370 zr 3.2788475428666684 2.891251508728659
2459370 zr 3.2279085608768607 6.120620517217257
2459370 zr 3.2428079098317166 -1.9719503502010483
2459370 zr 3.1169649923713814 3.598872868275173
2459370 zr 3.1400164596296625 5.454426704438444
2459370 zr 3.315287710002146 7.815859720918573
2459370 zr 3.1284694948385905 0.3208432014504625
2459370 zr 2.9775257766787417 3.5868805941652107
2459370 zr 3.151606043470128 7.944840835122635
2459370 zr 2.9912694112123988 5.330953789862328
2459370 zr 2.6665568696737822 1.3447434622912398
2459370 zr 2.9775257766787417 5.705713761895207
2459370 zr 3.029227735841021 6.465325750617017
2459370 zr 2.8883879858474826 9.011794891213315
2459370 zr 2.835668963749407 5.370818596872843
2459370 zr 2.9912694112123988 9.493671132219358
2459370 zr 2.741263921905756 8.182885637213804
2459370 zr 2.983015636648179 8.10686150562407
2459370 zr 2.827844535672876 2.4125053672406427
2459370 zr 2.754066572753314 3.679292973558936
2459370 zr 2.9204886979362072 5.126436126268639
2459370 zr 2.8026859348631956 4.243943467259652
2459370 zr 2.8724701869749456 6.483518520553439
2459370 zr 2.8130304550394967 4.51687963588354
2459370 zr 2.844293665237188 4.667168807165067
2459370 zr 2.854010259004041 5.77950866756697
2459370 zr 2.7137787287828883 1.2065909925110114
2459370 zr 3.088388485554016 -1.1033587101739801
2459370 zr 2.9258733948948725 -2.2989436426793812
2459370 zr 3.195370516563918 5.711867444416189
2459370 zr 3.105502796078894 2.372988168789916
2459370 zr 3.1227119455873034 10.94564106264854
2459370 zr 2.9986924389316143 1.6733957678656561
2459370 zr 2.6665568696737822 8.222007264652508
2459370 zr 2.8001057541211525 5.5046661015637
2459370 zr 2.7769907557641016 4.533648126446051
2459370 zr 2.9017201790328007 4.3701896063357415
2459370 zr 3.0798667314682873 2.981236079633186
2459370 zr 2.9393786128668418 3.3923098888376044
2459370 zr 2.966576348307938 -0.9819468445318043
2459370 zr 2.846914563297547 1.7295555019555415
2459370 zr 3.085545284182335 3.618555558419617
2459370 zr 2.885728906938957 1.2821795221014645
2459370 zr 2.942087127743234 3.3006757056711162
2459370 zr 3.2607779358828384 1.550710473408127
2459370 zr 3.2637826068392273 7.863354254390924
2459370 zr 3.046014206961566 6.728145144155015
2459370 zr 3.2130776682122 5.072131414490464
2459370 zr 3.1428324141965356 2.3757458200493344
2459370 zr 2.983015636648179 5.898518859403817
2459370 zr 3.0572568349810876 -2.656578475625377
2459370 zr 2.966576348307938 -0.5818791399090415
2459370 zr 3.083582198969118 6.203988091636287
2459370 zr 3.0376093757252183 5.177584239428642
2459370 zr 3.1112286156901696 2.7438313438949296
2459370 zr 3.204290812847442 -1.7480919256845526
2459370 zr 2.9876651731650767 0.446046334969731
2459370 zr 3.0940827503861494 1.552946901583581
2459370 zr 2.966576348307938 1.7642557923552569
2459370 zr 3.1169649923713814 1.2361332912794043
2459370 zr 2.9151139108258017 2.1199614699759413
2459370 zr 3.077031375308775 5.724678957826536
2459370 zr 2.7872404368093795 2.714281861441789
2459370 zr 2.9017201790328007 5.948613363131944
2459370 zr 3.1690706742095323 1.3127640056445702
2459370 zr 3.245796022158102 4.453805951834826
2459370 zr 3.0544422937187377 8.929710110771815
2459370 zr 3.1806891226330722 -2.9069600045711415
2459370 zr 3.2443269171038573 0.928732904499078
2459370 zr 3.1083643874659304 0.7846897916362456
2459370 zr 2.9611167427528122 4.313802771890364
2459370 zr 3.1806891226330722 3.6096472356693665
2459370 zr 3.1255893944883297 4.343240295116699
2459370 zr 2.9475116471464586 0.8888529436971115
2459370 zr 2.9285694652757988 -2.4606996650802184
2459374 zr 4.138716639452762 6.223053298621787
2459377 zr 3.266790046474678 2.695800447108706
2459379 zr 2.9583907090222623 6.371213469813644
2459383 zr 5.609235229437607 1.3337972060972714
2459385 zr 6.8409189138493005 0.8204691041843248
2459390 zr 6.809487746508133 -10.698041714036718
2459392 zr 6.348714328288032 -0.5929888339632416
2459394 zr 6.995194377717114 -0.5616823648374734
2459399 zr 3.293982015479378 7.825409409026731
2459401 zr 3.790023803674059 1.30657986606843
2459403 zr 3.2161176288855557 5.522481284723037
2459405 zr 3.601055086443455 5.125286232373087
2459409 zr 4.011208869437036 -1.7485497475197036
2459411 zr 6.271429376326834 3.9249258563053395
2459415 zr 6.139974054593871 -2.389937230939548
2459427 zr 4.839671328008978 7.375860535100973
2459430 zr 5.4714653470359895 11.92923386139347
2459438 zr 5.035190066859564 -2.254789493385868
2459450 zr 10.269540682180446 -0.8448715456002915
2459477 zr 9.410459753299769 3.152057980882079
2459477 zr 8.866044821445154 18.96837722593521
2459477 zr 9.513734331110582 -5.360355009301774
2459477 zr 9.630596323253942 5.580902755157987
2459477 zr 9.356073360649635 -6.7808264438523675
2459601 zr 6.360419870158148 7.610779260973379
2459639 zr 4.059435946500789 8.698411183511094
2459641 zr 3.2517805096109433 11.011901055825184
2459675 zr 3.1865535682161648 14.046926425571364
2459677 zr 3.9358808042268407 13.98307037645628
2459679 zr 3.4763589241787853 6.9556579659267515
2459688 zr 7.108117617416535 12.008677008616152
2459690 zr 4.196291923079006 6.962315415752299
2459702 zr 3.538586081605091 13.552514272766194
2459710 zr 6.317809637024312 30.80446884208415
2459712 zr 7.479492052377512 11.534366439294992
2459717 zr 6.877961818816584 6.739355080142223
2459719 zr 3.397227334109417 5.057483586672061
2459719 zr 4.211873091349541 10.030920979163515
2459724 zr 3.390975170319346 10.223357157932256
2459732 zr 3.224936915926483 19.164979845320605
2459734 zr 4.383893148713772 18.021690298173837
2459738 zr 4.535479242592019 13.999965110438875
2459743 zr 7.549275464524347 10.096654415820613
2459747 zr 3.1284694948385905 13.669545187524271
2459749 zr 5.3926772627498565 13.701035994918062
2459751 zr 3.5812098056585278 14.12285733014001
2459753 zr 3.4066272005447975 13.847077880618338
2459759 zr 3.0827047002903147 17.416432531957106
2459761 zr 2.8910495149864017 17.736506708837254
2459765 zr 3.6276866346397374 18.940729893997023
2459773 zr 5.650482387341913 4.689202634165005
2459773 zr 7.390470793473137 19.59303544986672
2459775 zr 6.526581801629145 16.846563081927986
2459778 zr 3.6781527827460097 8.664771048911184
2459784 zr 5.399704247319088 9.989685144762078
2459787 zr 3.996458218228494 12.323483750542492
2459789 zr 4.219545682559245 15.12361076695222
2459794 zr 4.037153634902562 18.75869466818868
2459798 zr 6.294632569325962 16.645284917600563
2459806 zr 5.437269331015841 10.993480415413899
2459808 zr 5.702765657150293 19.091866112006173
2459810 zr 5.05377460556591 8.958012731573481
2459842 zr 7.678421228396388 14.819193268939955
2459842 zr 6.9544015053077635 9.272922914291254
2459842 zr 6.128674215142284 8.246861890486304
2459842 zr 6.544640350905177 21.214307678696436
2459842 zr 6.8851664318832855 14.039618080202644
2459843 zr 6.086420031550319 23.697682012148597
2459843 zr 6.001858961450337 15.02600525527208
2459843 zr 5.771457813877914 16.546061506218084
2459843 zr 5.764503673350366 18.283493419131723
2459843 zr 6.0769480758412335 26.461489309333878
2459936 zr 5.156677522898181 11.678676023641536
2459936 zr 5.342946751662504 17.470054097727104
2459936 zr 4.964230142562457 30.73554206430738
2459936 zr 4.295957342269603 18.40009917362061
2459936 zr 5.3088985916244935 27.45743805283542
2459938 zr 4.649988804434321 23.117896093059063
2459938 zr 5.083710909560084 13.498090601260689
2459938 zr 5.542242515370232 16.292450190615394
2459938 zr 5.3331137393475645 27.92441203602857
2459952 zr 8.154133144568252 5.21378254619589
2459970 zr 3.90908646700076 20.86241410719914
2459977 zr 6.574849038212501 13.153077103694603
2459986 zr 6.097641964186515 11.772422233844548
2460016 zr 6.796955752464021 -4.4081433337163425
2460045 zr 2.822640248331752 1.3853789356796389
2460049 zr 3.168992589897457 -3.4726392149662297
2460051 zr 3.160326294707987 2.668021777455438
2460053 zr 3.772610226068401 -1.6975129475051989
2460055 zr 3.2758290029792905 5.585068942234029
2460057 zr 6.910579105556749 0.9308576022591143
2460059 zr 3.6529349422067825 6.261241576002682
2460061 zr 3.397227334109417 2.34894512836847
2460063 zr 3.369183070377273 0.40351530661273205
2460067 zr 8.63952679571054 -8.363169674113335
