jd filt fluxerr adjflux
2458207 zg 8.8519056435787 -3.8369002764769116
2458207 zg 8.755062242119893 3.262586794476994
2458223 zg 2.394914182992075 0.4482054878197166
2458229 zg 2.7992769269078623 0.06705979456431099
2458243 zg 2.2135823778490806 -1.4699941547477557
2458246 zg 2.5591159048153895 3.6411270696542632
2458249 zg 2.580135287032111 -1.5081199695332226
2458267 zg 9.96834783114148 -9.887215423309648
2458270 zg 5.566871680168313 -9.98483666119841
2458274 zg 1.9301887804210947 -1.3704096548309463
2458277 zg 2.5847306072673906 -2.7827536715392953
2458280 zg 2.090605579079687 -1.4481660229159727
2458283 zg 2.221149539569549 -0.45111660627112243
2458286 zg 2.3814555423299275 -4.908515887983037
2458289 zg 5.93771384209025 -2.0921170407859147
2458293 zg 7.262316889058289 -1.396602408052167
2458299 zg 4.835125980275353 3.586293284469322
2458302 zg 2.6396961596103985 2.6405018705915064
2458305 zg 3.6676420879127547 3.2286439079045186
2458338 zg 3.9371764387665658 0.07360805192987357
2458472 zg 3.6679616733174933 9.126755776975555
2458472 zg 9.765388672723194 19.61964664270771
2458472 zg 10.918167371947398 -13.214565403816644
2458488 zg 2.696211399716214 4.2974452596342285
2458492 zg 3.0706109128883186 0.37996887843566407
2458495 zg 2.4242522007707854 4.395548875097486
2458502 zg 8.730012652994601 5.748624492855897
2458526 zg 4.9590646406922385 1.8264257023472226
2458539 zg 9.017404101691167 1.109012455681077
2458543 zg 2.374942937416864 -1.8347570052876327
2458547 zg 2.6210898153977 -0.2984558528588055
2458560 zg 11.439681467730498 8.026144418666572
2458568 zg 3.774805803709687 -7.237178716091569
2458581 zg 2.751962289397771 3.1192122812353293
2458587 zg 6.305298478308407 9.689428883637506
2458597 zg 2.911001829570823 6.115687216957257
2458600 zg 2.709039176488992 1.249580052815039
2458606 zg 2.391468244710332 3.3130266873709933
2458617 zg 5.865204714476547 9.374420336185828
2458634 zg 2.5041746707933665 6.0835244806200635
2458634 zg 2.2955669103620093 1.1562556500098324
2458635 zg 1.9799752457843023 3.4039614843266275
2458637 zg 2.221593614387509 0.5691987651674282
2458640 zg 2.60693331732114 5.579310392597872
2458643 zg 3.394631634715326 4.7107050335319425
2458649 zg 9.883284019830832 0.07550294944536695
2458652 zg 5.438121297732702 6.666637432624935
2458658 zg 2.39389596421828 7.176059776878624
2458667 zg 2.5251874278482465 1.6355638816952411
2458679 zg 7.416403663401552 10.356057432727471
2458683 zg 4.901397801139164 5.349501240658763
2458686 zg 4.328325882141724 -0.12352632933745156
2458692 zg 4.022937831604972 6.083840350476865
2458831 zg 7.563469180754236 21.286287456562192
2458872 zg 3.0059152492616033 13.423518478778222
2458882 zg 2.486809274517913 7.971012390566482
2458887 zg 6.781358890517347 18.28169006749288
2458896 zg 3.3635394954260396 12.485009090119473
2458911 zg 3.0089213898612925 14.282881500773476
2458915 zg 5.305323839490253 11.391401252358879
2458937 zg 1.8817182866366302 13.61264887697674
2458944 zg 8.76394876349173 7.230424554219342
2458956 zg 6.195917835220885 20.776332768134715
2458963 zg 2.5008633149256076 16.509807899804862
2458963 zg 2.659357547504682 11.117640416151806
2458966 zg 7.040798437359099 15.890340711074277
2458972 zg 4.974070066344204 10.478720166749143
2458986 zg 2.421753424368047 14.000772820758586
2458992 zg 2.3157714144727106 15.377943184586307
2458995 zg 2.6857440262918972 21.90688674078421
2458998 zg 2.816063725761644 17.49029865875471
2459012 zg 2.270789014817146 12.511373350249333
2459018 zg 2.296654617772422 15.54803787100713
2459024 zg 2.228804281101669 17.873458240160517
2459027 zg 4.457318451502143 19.415920278853502
2459033 zg 7.069525630085907 23.669009099907313
2459039 zg 4.380280566892135 17.254795880087002
2459043 zg 3.75077363549956 17.655382449568336
2459199 zg 3.647753931678731 0.6814647309281341
2459217 zg 13.59513753347606 -12.087317312859478
2459218 zg 6.409930170906143 -7.436161630484437
2459225 zg 2.9964012457374913 4.302728858821498
2459227 zg 3.6761389290739324 7.640999578985416
2459227 zg 3.056502737267757 3.2092023401705427
2459231 zg 3.0755941079146276 -0.13130621447612079
2459250 zg 3.957130496045669 -5.0151337505918345
2459252 zg 2.4466778180475055 3.5079373972487393
2459255 zg 3.363447096618261 -1.6862411427744077
2459256 zg 2.32865565320421 5.408448600083004
2459265 zg 2.7713643015432052 5.0737521684539075
2459269 zg 4.017765646843927 6.01084389129424
2459290 zg 2.352631678640814 -0.7382041277310474
2459292 zg 2.4914557564407946 1.0124321492268944
2459300 zg 11.762218251674915 -11.13905532926741
2459305 zg 6.573449937555602 2.3348645937821955
2459306 zg 4.312599752583274 1.130051543481352
2459307 zg 3.7790272304699895 5.087407678740386
2459308 zg 2.511338603722059 8.07209162890042
2459309 zg 2.5328839124049325 -2.071832906906598
2459316 zg 1.9008795803512943 2.4133930356856204
2459319 zg 3.0306350990535904 -0.07223679385542381
2459324 zg 3.2742777824768696 2.1652027156503175
2459328 zg 8.968260249475001 -4.596344972582701
2459334 zg 2.871061387140622 4.7330197513013195
2459336 zg 2.3221789756542535 1.9181967448743877
2459338 zg 2.9281948262530304 0.6208017092215086
2459340 zg 2.3586560702962793 1.7399571042328192
2459342 zg 2.1359928119808265 4.497655136984481
2459344 zg 2.011220840720815 2.6018689341406334
2459346 zg 2.4784307263361627 2.3172596317239256
2459348 zg 2.166197293941139 3.083910650440428
2459356 zg 8.313590591277206 8.410339824097958
2459362 zg 4.7645831193556685 1.544394213806447
2459366 zg 2.4690502144081163 1.1217790698655996
2459368 zg 2.4421750194545586 1.4023555775784793
2459370 zg 2.754748168047725 1.5990717053946684
2459374 zg 2.405764872665681 -1.635363519887085
2459376 zg 2.768508520664489 0.3574187149129937
2459378 zg 2.473165498560483 -0.4492355728394283
2459382 zg 7.612661870836682 -2.8484714105533744
2459387 zg 15.037927820705333 -3.622194035263793
2459391 zg 7.2247348269893905 3.723341826263147
2459399 zg 3.488028471937428 0.26957321464216755
2459401 zg 3.3384972257598147 7.161276126928861
2459405 zg 4.314924111428094 3.404265258644126
2459407 zg 5.388337433840947 -5.338161966342846
2459409 zg 4.967360556128579 4.516544871814983
2459419 zg 10.812996036015475 8.129796033436847
2459600 zg 6.649054889480634 16.309902035278512
2459673 zg 2.7515457082598584 -1.3789131028125168
2459675 zg 2.6524864823769043 2.029781475185197
2459677 zg 3.7387723329155906 5.414456617163323
2459679 zg 3.656198638056516 -3.7396136297662217
2459682 zg 7.505143766644715 5.602216865829127
2459684 zg 12.478050415046377 -5.5305654030193425
2459687 zg 11.484971523458018 -8.30038363076546
2459694 zg 3.606857796598525 3.595426149006155
2459696 zg 3.0620398729296165 2.914642121633148
2459699 zg 3.0032580795469714 -3.629651686679667
2459701 zg 2.6595664248136752 -3.513094313265603
2459711 zg 7.067885956315385 1.098385335088363
2459715 zg 10.690592320290648 -7.925312155697037
2459722 zg 2.8550310884751116 -0.39791551814435877
2459724 zg 3.203571529406006 2.324948183612358
2459726 zg 2.5782790664373865 2.2799984918248586
2459730 zg 2.706304948435693 -2.129531099810897
2459732 zg 2.5325261625404 0.6186285641459704
2459734 zg 3.0653629429160008 6.016604516143222
2459736 zg 3.2979636493972664 8.266743107985434
2459738 zg 5.628983357237895 -2.33276767812893
2459742 zg 12.7703623506776 6.932975047602042
2459753 zg 3.283605842087413 5.678658030075394
2459756 zg 3.56438721708643 -4.377683690340841
2459758 zg 3.1076666371166644 0.8718247936599904
2459760 zg 3.081603307968656 3.946339424889616
2459762 zg 2.984178444757182 -1.6074468099510308
2459764 zg 3.2808974358225607 0.2704460630858026
2459770 zg 7.018024389297563 -5.026427487424609
2459770 zg 8.97787009136599 7.565553000397383
2459935 zg 4.1680903415489485 -0.2931020812196168
2459938 zg 3.286975989085261 -0.2510632812435649
2460036 zg 5.044379989293706 5.662102752753563
2460045 zg 3.464179442913757 -2.2718201839995715
2460049 zg 2.8236498572995674 -0.9221703031366293
2460051 zg 2.4061900274075456 -0.9636927256628277
2460055 zg 2.960737940099858 -0.0840396051917397
2460057 zg 2.847182368479888 1.5516593522107207
2460059 zg 2.8472904007267266 4.672142814442885
2460061 zg 3.309144876919337 -2.191317818272888
2460063 zg 5.205778754110226 6.816708103677897
2460065 zg 6.678442564008971 -5.0404408408609065
2458218 zr 3.599647386160362 -6.113005283022537
2458219 zr 8.1934086952646 16.04942308784409
2458219 zr 4.055679455240158 -3.648760616587581
2458219 zr 4.001842206220735 9.48274801840081
2458231 zr 4.489322923771067 -2.3327315956256633
2458243 zr 4.093206195203032 -2.330715640376898
2458246 zr 4.3577631568571835 6.9356197913525985
2458256 zr 3.5683356026068864 -2.196017764169217
2458256 zr 3.591415834358781 -1.26790505204922
2458270 zr 5.23462440428995 3.879538577624551
2458274 zr 3.4140924479526094 -3.113718902267878
2458277 zr 3.4501814640425987 4.1572332351829555
2458283 zr 3.638025116861635 0.613473335702892
2458286 zr 3.714154456253446 -1.6583373859446648
2458289 zr 5.920548188431074 15.02535560256932
2458293 zr 7.820643304520084 -10.896844468236829
2458296 zr 7.252236082616972 11.804305063253638
2458305 zr 4.93357710788134 -11.75838093508305
2458450 zr 9.78949474650509 4.1867326975995525
2458450 zr 8.38642237793762 -9.61267528424412
2458450 zr 8.589166462549128 -10.361626848099377
2458450 zr 7.685815518494469 3.498916629714472
2458451 zr 6.768461391232624 -14.284731178182659
2458451 zr 7.222794731310696 5.295996530456301
2458451 zr 7.342849356147447 -0.5599724470951974
2458451 zr 8.416877756153749 -13.070494173937908
2458457 zr 7.084279523598351 -3.061184740643045
2458469 zr 3.994844940116015 4.093531159436528
2458477 zr 5.764503673350366 11.01941777018072
2458539 zr 5.162802664935672 2.291699937573668
2458557 zr 4.37100039748044 -5.54719358142142
2458560 zr 5.212976722301235 -7.064828255689253
2458573 zr 4.27381647439674 -4.422025613784158
2458581 zr 5.843321213929674 -7.064867939736109
2458584 zr 3.8856167291527877 5.705049077714458
2458587 zr 4.855169873828487 1.4841622365582923
2458594 zr 11.54994779675848 6.190995491290464
2458597 zr 4.053434724688479 1.8246508860311375
2458606 zr 3.651533395731955 7.678346196116444
2458617 zr 5.816822153508607 9.319465012366868
2458634 zr 3.125454426415996 -3.1762192521215686
2458634 zr 3.480769596857774 0.7850740449935933
2458637 zr 3.165408505332189 4.8853350398660185
2458640 zr 3.7194204700845748 10.807391815267078
2458643 zr 3.9327824831715525 2.756940035773344
2458649 zr 9.103843619547291 -9.021330113163652
2458652 zr 7.249293591856228 1.362766662136979
2458655 zr 5.54327642492445 9.95930669565192
2458658 zr 4.224965662450857 8.57603932004323
2458661 zr 3.45203568800658 -0.1446355661968508
2458667 zr 3.867763941950401 5.74478954698818
2458670 zr 4.627866751578767 3.584495042057681
2458676 zr 7.637125414378489 -1.1663708821790246
2458686 zr 5.254925168800139 2.283183367280154
2458873 zr 4.999027496703785 1.9390414018852118
2458876 zr 3.8185627071892445 2.127403405183661
2458882 zr 3.930643198098397 -3.057453068249753
2458885 zr 4.593892687980277 6.031734486165895
2458888 zr 5.120397218707226 9.643292262934711
2458899 zr 3.2607174725909505 7.105055365468895
2458905 zr 3.5947251743574085 4.256092414672754
2458911 zr 3.963360919926462 -1.3761389929498034
2458915 zr 5.218566467570198 -5.211730027007294
2458940 zr 5.672446186745637 3.5425378823120353
2458941 zr 4.146327697333035 5.551571750614821
2458944 zr 6.958217646854093 14.560250569061164
2458956 zr 3.6347561237516066 12.356067841163956
2458966 zr 5.106268566783045 10.562786201274463
2458980 zr 2.9862393214755287 8.297473202938885
2458986 zr 3.1133630366688068 7.970582006736111
2458992 zr 3.204152446318886 6.030500551720712
2458995 zr 3.171853868983899 4.606251635067141
2458998 zr 3.149502356364923 -2.0681045368876294
2459012 zr 2.9862393214755287 8.682450613763223
2459015 zr 3.6079930566527016 6.423565017656856
2459021 zr 3.095455818947574 14.16155887306541
2459024 zr 3.3315162627545463 6.109317416571201
2459027 zr 5.03737670772061 13.37401225122218
2459033 zr 6.90407137601316 5.654088634810577
2459036 zr 6.988754531712367 22.969348936297887
2459043 zr 4.204008861321315 8.814514845581993
2459180 zr 13.334637532001754 29.81920648718777
2459182 zr 5.934312118153269 7.238798359896135
2459182 zr 8.092635055579297 14.300515358203183
2459182 zr 10.8211561306941 -21.47778199197272
2459184 zr 12.22056338672882 -16.2984956088902
2459184 zr 11.708320821603468 -27.098354648536592
2459184 zr 12.500726925117426 -12.15860583928515
2459185 zr 8.749368971483202 -0.9105049893230235
2459185 zr 12.670232989774988 13.630025770863362
2459185 zr 8.877560045508499 12.768528845239295
2459185 zr 8.719305671336643 5.225592371996264
2459186 zr 7.95544758002135 14.321047030470064
2459186 zr 8.750909234795103 15.628257994480359
2459186 zr 10.092884087256405 25.863115965681526
2459186 zr 12.11492848038426 12.023704031171329
2459189 zr 6.502873002717924 -7.037480360281579
2459189 zr 6.666754192665872 18.037426956232352
2459189 zr 7.9481237153010955 14.086701201055702
2459189 zr 9.179327008722849 3.7491492494276724
2459190 zr 7.668239855716756 11.335553586749928
2459190 zr 5.822566303835245 -2.360009178186327
2459190 zr 5.43940278559585 -2.230559211117348
2459190 zr 5.2057765836892935 5.8956665176740914
2459190 zr 4.937257584758097 -12.098461009264991
2459201 zr 8.670680416692104 13.753889447980256
2459218 zr 5.1637657896973685 0.20189003227930957
2459227 zr 3.9433012849541336 9.16392385250009
2459228 zr 4.7029457959461345 2.127667167854632
2459232 zr 3.1543739001615014 -1.139405131906201
2459250 zr 4.831741073804156 -2.368918444384134
2459256 zr 3.299994155017995 5.043832857505199
2459260 zr 5.799230682628471 2.1257862543111052
2459265 zr 5.186849573850915 7.831532485023898
2459269 zr 4.990758280029726 -5.486047879336811
2459273 zr 13.602157341841679 -5.15266730940566
2459278 zr 4.7552129808618036 2.973900730024095
2459290 zr 3.1747766001190585 -1.0481902094922542
2459292 zr 3.4406614188393365 4.733277076351136
2459295 zr 3.7832057430425805 1.9755096672612182
2459297 zr 5.158049737094095 2.632861525364953
2459307 zr 3.4470051924313703 4.86551160173393
2459307 zr 3.977989411293321 -5.511920976499807
2459308 zr 3.421700061597175 3.757729546815515
2459309 zr 3.6046715021087468 0.09915894828372274
2459309 zr 3.751975210265001 0.6341692763136777
2459310 zr 5.7431640172204945 3.6036031167759344
2459311 zr 3.3091249847341153 4.830866921606541
2459313 zr 3.6548174778285993 2.081706779674597
2459316 zr 3.168325297333391 4.651686295101092
2459319 zr 3.6046715021087468 0.01682538007489154
2459322 zr 3.2035371520674016 6.266964449963693
2459324 zr 4.34526101162914 -2.010121344911735
2459328 zr 6.431532117140465 10.173502894428358
2459334 zr 5.262134207056615 -2.2123838576794066
2459338 zr 3.9904620381764233 -0.6512891886623947
2459340 zr 2.9889910165417044 2.427945707345309
2459342 zr 3.0201587039580775 -2.5267998823740054
2459344 zr 2.96978226752798 1.4552226261167553
2459346 zr 3.5782878755929097 4.30561097271386
2459348 zr 2.8295750908923827 1.1617406758296256
2459350 zr 3.573550525352954 -11.352886843526557
2459354 zr 4.757780803475849 -1.6745018570850667
2459354 zr 4.832599960190547 9.155407429222288
2459355 zr 6.154599353428552 -2.9954839767835706
2459356 zr 6.961007553778274 3.0156496234946357
2459362 zr 4.485190008124458 -1.9806145869526126
2459364 zr 3.74507017823629 0.0018942595915597549
2459366 zr 3.399710508159322 2.4197252674543797
2459368 zr 2.9290353272541845 -0.684696606952587
2459376 zr 3.5651292298841906 3.602684490180593
2459378 zr 3.104772370597434 1.2811384528539196
2459380 zr 5.4990261593031295 0.33076772671375076
2459387 zr 8.483533607018629 16.275043280291687
2459391 zr 6.894424324019598 7.431188656318518
2459393 zr 3.4968360993242817 0.6825989479983927
2459396 zr 3.3654406615761783 0.8062957243095801
2459403 zr 4.2369360325722 -1.620927386392616
2459405 zr 4.401653673292555 -0.564351698549991
2459407 zr 4.52326370010747 8.080949618243336
2459415 zr 6.293205785903371 -8.759272667316917
2459600 zr 5.690510373020737 1.4459114320422526
2459670 zr 2.9021817699628842 -2.4534811258459595
2459673 zr 3.7485211043083724 -0.32781779085906754
2459675 zr 3.5552920106603056 2.7837521197677995
2459677 zr 4.221076116746692 7.0834408850907105
2459679 zr 4.619349752837181 1.8288265068036667
2459690 zr 4.132871546938342 -5.459606579958288
2459699 zr 3.3274625069788963 4.844713732556058
2459699 zr 3.601432479307697 4.706133289880781
2459702 zr 3.3582511384804072 6.237082571377893
2459709 zr 4.361778653971582 7.077908673757324
2459709 zr 5.362490501904242 3.600533640418095
2459719 zr 3.395277511321839 -3.905638364372956
2459724 zr 3.455140347712887 -6.7502978758284025
2459726 zr 3.248726646958755 1.278960799188519
2459730 zr 3.3363782159234305 -6.366592593765039
2459732 zr 3.695436066524949 2.911618523542829
2459734 zr 4.00589836844863 4.28639207466709
2459736 zr 3.5683356026068864 -2.1998559080323887
2459738 zr 5.213890670664672 -4.168853148005923
2459742 zr 9.444451302600706 7.35547710247333
2459750 zr 3.370646211444882 6.791864665284427
2459753 zr 3.776243235199935 0.7356019207805096
2459756 zr 3.5032061378642867 -4.820879233192793
2459760 zr 4.231200669943657 2.4987655942986753
2459762 zr 4.171112536531737 -4.171167968045513
2459772 zr 7.186045388142774 -6.370623081217277
2459772 zr 8.611793718101215 5.113924913618886
2459774 zr 7.242101686048567 -2.731021561906257
2459774 zr 8.41028749092217 -11.410264012470005
2459776 zr 3.291864402749349 -2.7311706590670126
2459778 zr 4.44406953896357 -3.780842010824906
2459907 zr 12.60086562174773 13.383550239727509
2459907 zr 14.886986011180372 -3.916675423285671
2459910 zr 8.183327318027311 7.488115872510609
2459910 zr 11.613768422212129 -14.35157202216899
2459914 zr 6.661057249976207 4.9693249864080045
2459936 zr 3.968470750148823 -2.0770978510352522
2459957 zr 6.911036176240903 10.623096157147922
2460030 zr 3.2427477797507835 0.9969793295648502
2460036 zr 5.088671662620904 7.76922653634443
2460043 zr 6.023650431015179 -3.525796378420989
2460045 zr 3.1917565989469328 4.968020883636678
2460049 zr 3.646699074623668 -9.172389436614065
2460051 zr 3.248726646958755 1.2673529066548117
2460055 zr 3.340734311715465 -0.6155893637171819
2460057 zr 3.8361883918105293 -2.078099849438049
2460059 zr 3.7193383925218066 3.861862832484553
2460061 zr 3.786691809448123 1.1320092162900117
2460063 zr 4.272203261758515 -0.7491901072964937
