jd filt fluxerr adjflux
2458207 zg 9.138305928535802 10.881088713882079
2458207 zg 8.309511870066162 3.811147077750377
2458223 zg 2.0529794448819 -0.5368016297092275
2458233 zg 4.69702259951447 7.248833413979632
2458243 zg 2.16860879619069 2.1639232176948973
2458246 zg 2.2773500063223664 0.4379895472894759
2458249 zg 2.4004420613285244 -1.0448815591418281
2458262 zg 5.295024980161781 -2.4009727097258633
2458267 zg 11.294520175347905 3.0555817939155716
2458273 zg 2.1556931803850343 3.0289560381299374
2458279 zg 2.057696007854292 0.7303276240341532
2458282 zg 2.309553381164013 -0.27887482883622994
2458294 zg 8.140163973635419 -2.8504709472943865
2458300 zg 4.316711444044815 -0.25529710132189365
2458303 zg 2.227028036187135 -3.477715645442917
2458333 zg 3.759804504895391 -6.240530769871647
2458336 zg 3.2972628534526343 1.0506946986028858
2458488 zg 2.668085663812567 -0.676391444794848
2458488 zg 2.844539323672483 -1.1589255264780356
2458493 zg 2.3405657987028348 4.0306260401465694
2458494 zg 2.0848444756753945 -2.530289147252403
2458495 zg 2.0673841462450846 -0.06589146508782205
2458495 zg 2.2815148649966424 -1.3403069885709005
2458502 zg 11.187353363134799 8.937486546932442
2458502 zg 13.11125541323366 -20.68035495648373
2458508 zg 6.796664112098808 -21.807212892359043
2458508 zg 5.963821135086197 3.5661585872611945
2458539 zg 16.739389470559864 -21.568677610719853
2458544 zg 4.717865079705925 7.8334364567088794
2458560 zg 8.136630464788805 -0.7690236847402507
2458568 zg 5.8270705325797865 0.8284938660852711
2458582 zg 2.3696443801599782 -4.426207696855587
2458585 zg 3.1275681391343624 3.9206844115823998
2458588 zg 6.211114698633275 -2.850470947294271
2458594 zg 11.134603887408373 -0.08964356132772065
2458597 zg 3.0255670391531884 2.9492257521551597
2458606 zg 2.115305808673081 -1.9426957816629224
2458617 zg 5.95532121180496 -7.601003748850132
2458628 zg 2.0671555699393673 -2.4872630468805315
2458633 zg 2.2836512584261324 0.5107714360603566
2458634 zg 2.1664233168135816 -0.018321592738941878
2458634 zg 2.148720965337805 2.2414806320290497
2458635 zg 1.7295520987849229 -0.4901000053809138
2458637 zg 2.1077601122345304 0.43798954729071027
2458640 zg 2.1273051062072823 -1.2950868398821291
2458643 zg 3.409223943464327 -6.384607186465943
2458649 zg 9.824892023443647 21.125970840017803
2458652 zg 5.896562174696452 0.05319771824551782
2458667 zg 2.3438402319211615 0.10098716315020845
2458670 zg 3.3318711447333724 -1.5875343145313496
2458673 zg 5.224468432073807 -3.62159574216995
2458677 zg 7.1614036086722646 -6.131774643175094
2458680 zg 9.310983104009736 -4.583603409519728
2458683 zg 4.6412009861300705 3.4309288148873978
2458683 zg 3.158310213253769 -2.379350406947531
2458686 zg 2.8381858944378475 -3.208036181954997
2458686 zg 3.065868828785709 -0.8382742498479296
2458692 zg 4.433493170303933 -3.8863530007028584
2458853 zg 2.770994714767993 -3.5805817396216373
2458856 zg 2.88951469671859 2.3972398585464982
2458874 zg 2.0273805151482174 -4.70089141381094
2458877 zg 2.0100200066959912 -0.4900999642560927
2458896 zg 3.335947933585978 -1.2271001538878965
2458900 zg 2.3697467097064924 -0.1370820742034997
2458914 zg 7.522040121538908 6.287071558100279
2458937 zg 2.025002362508755 -2.722928390860976
2458940 zg 3.2810984652321538 -1.6322157960616053
2458944 zg 7.159822735180524 -7.089277792062115
2458954 zg 2.941645086458992 -3.374373965377257
2458963 zg 2.268222773903619 -2.850469890269485
2458969 zg 4.267903554680527 0.4622291485766881
2458972 zg 4.756522257880008 5.816717766853735
2458980 zg 1.695215009814935 -0.6531780640285679
2458986 zg 1.964680504111314 -1.8985838850305685
2458992 zg 2.0235585801068767 0.9270254147758976
2458995 zg 2.44738294321492 0.7058458345304286
2458998 zg 2.487107826172816 -1.3177036445042618
2459012 zg 1.9571964771051433 3.6476018731565856
2459018 zg 2.155271216288085 -2.4657128858201616
2459024 zg 2.031156192762762 -1.632207197692868
2459027 zg 4.510341774087177 -14.91092033604033
2459032 zg 7.5304216460389055 -9.928546215787739
2459036 zg 4.750744374773898 -2.096427077366434
2459040 zg 2.3425547840462966 1.7793499760798936
2459045 zg 3.05466539032741 -3.457067110164485
2459218 zg 8.313241261923688 -4.872052677229226
2459227 zg 2.686086236981925 0.17738744870390508
2459227 zg 2.4724069265221034 -1.8940354403495
2459229 zg 2.3404099488497994 2.689847862473337
2459230 zg 2.775145171858415 2.298240701345091
2459250 zg 3.904900902796692 -0.3175494119328958
2459253 zg 2.0993541435644945 -4.554886172258231
2459255 zg 2.8748993837645522 -5.5879677279423134
2459257 zg 2.2448359103392526 1.8404170557297297
2459264 zg 2.138628097065431 -3.5273659614336905
2459268 zg 3.0270702237865486 -1.8630577565730975
2459270 zg 6.655116771946498 7.600191975621587
2459272 zg 11.664925683087757 -10.518416224836999
2459290 zg 2.0985141337704842 -8.04255436411297
2459292 zg 2.35335687442224 -4.002938163356607
2459301 zg 13.32990040629912 12.150771145932529
2459305 zg 6.588451691545124 -9.463136446307653
2459305 zg 6.165794010824296 -4.647399252028395
2459307 zg 3.096825462809207 -1.6411273664939734
2459311 zg 2.1025152457971554 -3.664067173177555
2459313 zg 3.624192110919538 -2.402878061260194
2459321 zg 2.296687617580047 -0.8802884302339219
2459325 zg 4.182774204586209 5.726166500938704
2459329 zg 9.926435090582991 -4.464232160070421
2459335 zg 2.7001032552199873 0.14672171599708606
2459340 zg 2.31198428350144 1.2034185139566438
2459344 zg 1.9023566267591763 -2.573055014881177
2459346 zg 2.240819010547448 -4.434829114504007
2459348 zg 2.0425900640599264 0.6291903643579864
2459356 zg 7.153161146877254 -9.90344264412873
2459361 zg 8.1642388593682 15.681706350462555
2459363 zg 2.33983308464495 1.5825494138960086
2459365 zg 2.3317699793545623 -2.0673425175157707
2459366 zg 2.2320397722667713 -1.4907815781282832
2459368 zg 2.0278217763478366 -2.2962769843970006
2459370 zg 2.2357503258616633 -1.6776705634209796
2459374 zg 2.5458322430551217 3.707957816471467
2459376 zg 2.44738294321492 0.8823372864969198
2459378 zg 2.3082983205177467 2.4777157010945206
2459391 zg 5.379644901194974 -2.0699206095654636
2459393 zg 6.86243211511918 -12.787057170874984
2459395 zg 3.015885666053784 -7.995404297060635
2459397 zg 3.0954785930492172 -4.7134418179109945
2459400 zg 3.5365598760373795 2.2542374894762727
2459408 zg 3.769530826647765 8.308084479590022
2459419 zg 10.506118532697194 1.5400314790728067
2459423 zg 3.7515833242267465 -2.245806813623454
2459600 zg 6.537672839311857 7.9622739276614976
2459641 zg 1.98577034256915 19.119311767012974
2459670 zg 2.0492025021520477 23.33607662253899
2459673 zg 2.1408210797640312 20.888875566285165
2459677 zg 3.5271383592630867 29.51864009736843
2459679 zg 3.6970454080826918 29.698552567745335
2459682 zg 6.2609147426969205 35.24971265161784
2459684 zg 11.585567282682014 16.07642173922628
2459687 zg 10.585133462012093 33.110866816709915
2459694 zg 3.536833347781001 29.17331452433672
2459697 zg 1.784828662415261 33.3050469559264
2459699 zg 3.473183955638902 25.824608383653462
2459699 zg 2.7047410004368144 36.40350982491759
2459701 zg 2.6512750490420816 29.691945286056495
2459710 zg 5.4584869255331965 42.18334770956036
2459711 zg 7.059744952273218 38.221436498549
2459715 zg 11.674140440501471 37.42067692877264
2459722 zg 2.201835540350656 44.39523973701286
2459722 zg 3.0748398159863535 43.058085328274515
2459724 zg 2.9442929247784804 42.751350740234884
2459730 zg 2.5499309888661488 47.74681605512016
2459730 zg 2.522910992059177 49.73941085975963
2459732 zg 2.3647270285954605 41.895457753069394
2459734 zg 3.123308428363257 42.47713905818662
2459738 zg 5.083892719954884 41.56500368526237
2459747 zg 4.720739294994535 61.60583914305357
2459749 zg 3.2301442079672835 53.68825949223624
2459759 zg 2.4439629291642597 61.25185006293823
2459759 zg 2.688267453058612 60.293808559267724
2459761 zg 3.1228675859046784 63.72624732568666
2459763 zg 2.8914783949209197 67.37725805575397
2459770 zg 7.803298327360927 63.5944484336826
2459770 zg 9.473307338011594 73.66647749325647
2459937 zg 3.8225661119643446 166.90558453510025
2459951 zg 15.547523873259555 183.87454170054843
2459957 zg 7.691109801320104 180.26091299823747
2459978 zg 3.1651419208931313 182.5161996910407
2459995 zg 2.994845578621106 180.3629900727431
2460016 zg 6.020632371572758 174.97903557296578
2460043 zg 10.165034849469784 127.06297818238278
2460045 zg 3.410411470021955 119.52498823768903
2460055 zg 2.6637121965846053 95.07111542410759
2460061 zg 2.6111084350026075 88.27752571133297
2460063 zg 3.2734576548848655 86.6157498434374
2460065 zg 6.469709496702904 81.58294551222632
2458198 zr 3.1058526371211816 0.21787532537493348
2458217 zr 3.931466735627207 -1.9504378690306368
2458217 zr 3.1014870581850835 -2.751277730388196
2458218 zr 3.2446658157267625 1.6902754357628709
2458219 zr 4.776345000002715 -2.9283424296015
2458243 zr 3.865015316801461 0.9513631316037987
2458246 zr 3.9586140917502632 -9.420726185704524
2458256 zr 2.880394064113798 -1.2329857900970325
2458256 zr 3.1747070250598273 -5.803307585347369
2458256 zr 3.224806444210818 -4.333179120223491
2458262 zr 6.058662095475081 -0.781886319891484
2458270 zr 5.542809115292795 4.796498109260924
2458279 zr 2.864330870538124 4.7009764309704565
2458282 zr 2.8174220374178223 -3.369579829810064
2458288 zr 3.608157822743323 4.129690232834918
2458294 zr 6.035227122221314 6.725524036315051
2458300 zr 4.489051682076793 11.808429485252049
2458303 zr 4.046825171938619 -1.3229566651210263
2458306 zr 5.3116782962461295 -4.42029592621769
2458325 zr 9.241040096927136 19.076583159968067
2458336 zr 4.789218135959626 -4.42029592621769
2458458 zr 5.733799182678616 -0.1468468469254275
2458462 zr 4.680149871500628 11.502780244150188
2458462 zr 5.061803392830779 6.725524036315051
2458462 zr 4.6120678607410595 -6.23133572053618
2458462 zr 10.360319815751172 18.210034613005462
2458465 zr 5.008295623364454 -1.8610451917819828
2458466 zr 4.400916881862761 0.5839436620178732
2458466 zr 5.811571943244186 2.8089026621678386
2458466 zr 9.049473294004123 -1.6820126465042333
2458477 zr 5.127382169161565 4.129690232834918
2458487 zr 3.3006876613970704 0.5839436620178736
2458488 zr 3.147530689285593 -1.3229566651210258
2458492 zr 3.824462302990178 -2.396168332564869
2458494 zr 2.892435097816703 2.3413050152107937
2458509 zr 7.26329441807863 7.605246499932905
2458527 zr 6.215067710878262 3.278658641797922
2458539 zr 6.479382948891434 -3.8963894922518776
2458557 zr 3.7700856724032783 -1.5026500071562159
2458560 zr 4.264954896648357 3.9399619893520064
2458573 zr 4.03565881475768 -1.5923726266011355
2458582 zr 3.434032726621077 4.605542690893989
2458585 zr 3.010099461046643 -2.839850850645773
2458591 zr 13.25292983191831 13.452899054572923
2458594 zr 11.022577853909608 0.767484193940389
2458597 zr 3.8561560936405073 -3.8087899283154467
2458606 zr 3.0395960314651966 1.0434296975258397
2458617 zr 4.589620583637812 -11.539505156495068
2458628 zr 3.515296164194936 -3.545506622837201
2458633 zr 3.0212095302199913 -2.4850683700900555
2458634 zr 2.800680855888752 -0.8722724816049815
2458635 zr 2.180284516683754 -0.3287046691353404
2458637 zr 2.617579777749431 -0.9625754329136079
2458640 zr 2.7826822820119435 -1.5026500071552165
2458643 zr 3.62246693233961 10.288593784324341
2458649 zr 9.04332220531525 1.2278174140519307
2458652 zr 7.426507108591787 -7.335027671911977
2458655 zr 3.2217031784139842 -6.912093947302216
2458658 zr 3.5658784554121805 0.3092660128575815
2458661 zr 3.015649379258842 -2.6626229936892947
2458667 zr 3.149059351197459 1.5976133771799024
2458670 zr 4.234477083680946 -1.1429320106574203
2458673 zr 4.566671655464296 6.5310184916688705
2458677 zr 6.159943540818348 0.8593813230905435
2458680 zr 6.886316000661796 -6.657397245075291
2458680 zr 8.696315115287058 -8.175074437479399
2458681 zr 7.953589863974909 16.17739178752149
2458686 zr 5.009308728977742 3.656024118232143
2458828 zr 4.6397005948893595 -9.007419604129792
2458828 zr 5.319804699263724 7.998581117151277
2458828 zr 6.007497772405964 6.239931152640738
2458828 zr 7.7052121554384625 -3.896389488362841
2458856 zr 6.689473165605429 -8.175074425520283
2458874 zr 3.0690532918958935 -6.40199579240399
2458881 zr 3.414315526496574 1.2278174459493925
2458887 zr 4.565329259118506 -1.7715701026744477
2458895 zr 3.790406478428347 1.412545153046949
2458900 zr 3.1289918338250584 -4.5942889439854655
2458905 zr 3.2898036134759576 3.090496693580077
2458911 zr 3.461668893749107 -0.05579213517294047
2458972 zr 4.347701915716531 3.6560250612531098
2458986 zr 2.5577609952762668 0.2178768732967419
2458992 zr 2.776023790252255 1.5050385344407191
2458995 zr 2.6706881759972743 -2.30718425630594
2458998 zr 2.76885317485352 4.700978785381069
2459001 zr 6.880575886075104 3.372872326155716
2459009 zr 5.556889539965672 -0.0557887927275858
2459012 zr 3.176654432176411 -0.4195042181752285
2459015 zr 2.92965087521839 -2.5738823367190333
2459018 zr 3.018922104095074 3.467172280963518
2459021 zr 2.6633189774712633 -2.5738813782798595
2459024 zr 3.3550859707068303 -0.5102220629815523
2459027 zr 3.890014492655685 1.5976197320008947
2459036 zr 7.401920876938426 -9.667789469544452
2459040 zr 3.7441617773890767 -6.57233201028293
2459043 zr 3.61215631460885 1.5976242316533245
2459045 zr 2.843491322559992 -2.485056771597504
2459186 zr 8.474025299842367 1.044306264934754
2459186 zr 9.294441595165418 0.9522396990129139
2459186 zr 9.889171718331214 -6.4011192492882785
2459186 zr 16.54732531120393 12.628511626133822
2459189 zr 8.186569044124308 -10.077116576394326
2459189 zr 7.2273655506299805 -4.419342021507882
2459189 zr 7.176769867417357 -0.3277507644263356
2459189 zr 8.005217977013228 -8.424629526141254
2459190 zr 7.19972289204412 -3.6323674645125874
2459190 zr 5.105675150985105 -6.571360731199352
2459190 zr 5.501010556847419 -4.1577235072383765
2459190 zr 4.8425276042081435 4.130671336344559
2459193 zr 6.13783607730961 3.5626195922460653
2459194 zr 5.4111547716618436 5.9507444981356965
2459194 zr 5.665200510100086 -4.332081621814746
2459194 zr 6.376218519131292 -6.656299746673065
2459194 zr 8.363433365821207 4.225782993114384
2459195 zr 7.8231205280032015 3.373998309766117
2459195 zr 4.997513092785523 -6.995707982242385
2459195 zr 5.0463432141076074 -2.8387222544085997
2459195 zr 4.964840175599416 4.702105027207702
2459196 zr 6.5674982986961945 2.903841408414623
2459196 zr 8.128016958999979 1.3212992561417582
2459205 zr 3.5917297590770616 6.435389560214591
2459217 zr 6.285795933362106 -2.837782138732225
2459219 zr 6.577221660911027 14.390802610951484
2459227 zr 3.711514993634037 -3.0140428845517615
2459227 zr 3.7762414991268027 -9.829424134388011
2459228 zr 3.0476842683379437 -4.417512669700027
2459231 zr 3.020062069352752 0.4037565526928417
2459231 zr 3.071714487103793 -0.8692568419580895
2459233 zr 3.0312089098251427 0.7706648871388843
2459253 zr 2.437110814908852 2.8142808886818362
2459260 zr 5.088347752603493 -2.0333056670784084
2459265 zr 2.766304140889201 4.612864597697317
2459272 zr 8.675648120209635 -4.759216418322134
2459292 zr 2.764799375959603 -2.1145825041838164
2459295 zr 3.4116662242988234 -3.9684159774707264
2459297 zr 4.5904975572072 9.402988329774534
2459305 zr 5.470352162013341 -7.5681025257922565
2459307 zr 3.3540534042325185 5.104318319241213
2459309 zr 3.3080340663060563 3.6777706024823886
2459311 zr 2.61733890239525 2.5508989567272393
2459316 zr 2.294256324654215 0.7013708445894831
2459316 zr 2.588570277951066 1.438244276703649
2459316 zr 2.485764378973179 -2.5481873869748672
2459316 zr 2.5790511782128944 1.069128875902329
2459316 zr 2.63426802430756 3.2102334801000647
2459316 zr 2.7369295763928614 -3.079382085433686
2459316 zr 2.680545501564005 -1.9247386906539465
2459316 zr 2.6151700075895703 -1.02709607204492
2459316 zr 2.5766768778676408 0.9770623099804889
2459316 zr 2.494939163579606 -2.192423250615754
2459316 zr 2.4224786617407865 -5.002172902806813
2459316 zr 2.627241083886951 -0.5751648800978804
2459316 zr 2.6491096022504195 0.2435745037516237
2459316 zr 2.641799945229582 -0.030093057347948107
2459316 zr 2.5743047633270706 0.8850805014615513
2459316 zr 2.4915275463623647 1.2535165924270681
2459316 zr 2.586425222671887 -2.1032772335316214
2459316 zr 2.3467956628098343 -0.9368762545378009
2459316 zr 2.338165654897869 -1.297257486744336
2459316 zr 2.5030279149892167 1.715974614139561
2459316 zr 2.424710874856964 -4.915615952915027
2459316 zr 2.4081042097392333 1.6233125555530061
2459316 zr 2.2535919202313055 -4.828979244401872
2459316 zr 2.308209780475095 -2.5481873869748672
2459316 zr 2.2816127632916636 0.15226795145337446
2459316 zr 2.4147139612650044 -1.8353460134052928
2459316 zr 2.390425851660851 0.8850805014615513
2459316 zr 2.478905438509 -2.8141516722691553
2459316 zr 2.6486415255414784 -3.079382085433686
2459316 zr 2.4224786617407865 -5.002172902806813
2459316 zr 2.457342506862264 -0.12114766854873739
2459316 zr 2.5030279149892167 1.715974614139561
2459316 zr 3.030888593571205 -4.915615952915027
2459316 zr 2.715813400085627 2.740909962529279
2459316 zr 3.0078204466065896 3.116195791835288
2459316 zr 2.9458855409809694 -2.014049072108812
2459316 zr 2.735595667579548 -6.120188533850347
2459316 zr 2.791407131238356 2.0874774778770937
2459316 zr 2.688437390173603 1.715974614139561
2459316 zr 2.8162008340498486 -0.3030054907594537
2459316 zr 2.902791674549439 -3.4318845565852816
2459316 zr 2.7837048343165756 1.808722056951289
2459316 zr 2.9353752140021094 3.8709280251686446
2459316 zr 2.8084301241550165 -0.5751648800978804
2459316 zr 2.6549944818216655 -5.949056234344263
2459316 zr 2.87727151345938 -7.055802016363466
2459316 zr 2.821393248619636 -0.12114766854873739
2459316 zr 2.8110179754570743 -0.4845286268341842
2459316 zr 2.3969870797241373 -2.5481873869748672
2459316 zr 2.8977680705090263 2.5537848881372223
2459316 zr 2.8162008340498486 -0.3030054907594537
2459316 zr 2.892435097816703 2.367004193587483
2459316 zr 2.776514378377195 5.013504783060035
2459316 zr 2.884454035612968 2.0874774778770937
2459316 zr 2.617579777749431 -0.9368762545378009
2459316 zr 2.6978834479590796 -1.297257486744336
2459316 zr 2.8291998264816627 0.15226795145337446
2459316 zr 2.805844655254775 -0.6657176927194475
2459316 zr 2.7258372797372217 3.116195791835288
2459316 zr 2.936648095557395 0.7013708445894831
2459316 zr 2.885704835960905 -1.02709607204492
2459316 zr 2.932672878180743 3.776282094888891
2459316 zr 3.1783698306497743 -3.079382085433686
2459316 zr 2.8527494004963163 0.9770623099804889
2459316 zr 2.8951003562006035 2.4603515330208903
2459316 zr 2.489233821149195 1.1612802773268593
2459316 zr 2.4834759593896343 -2.636923815315321
2459316 zr 2.534311301520442 -0.6657176927194475
2459316 zr 2.431419863136685 -4.655466257465357
2459316 zr 2.294256324654215 0.7013708445894831
2459316 zr 2.290034038387384 0.5179992819194221
2459316 zr 2.279512287730193 0.06104545688143713
2459316 zr 2.194386741792111 0.3349651912319085
2459316 zr 2.1306551819770108 -2.5481873869748672
2459316 zr 2.206546939994632 0.8850805014615513
2459316 zr 2.340320177092461 -1.2072866117203422
2459316 zr 2.37287727382333 0.15226795145337446
2459316 zr 2.254456903094457 -1.02709607204492
2459316 zr 2.310336699579993 -2.4593691917140963
2459316 zr 2.3794428425203495 0.42644009142187356
2459316 zr 2.1381086226381805 1.9944734100329735
2459316 zr 2.219432481226053 -2.5481873869748672
2459316 zr 2.390425851660851 0.8850805014615513
2459316 zr 2.299721666667974 -2.9026432512248097
2459316 zr 2.1483902395851797 -1.7458709645306887
2459316 zr 2.206546939994632 0.8850805014615513
2459316 zr 2.0645707253637 -1.4769508287795436
2459316 zr 2.2337879179700044 -1.9247386906539465
2459316 zr 2.241368017703693 2.4603515330208903
2459316 zr 2.1185063249605918 1.069128875902329
2459316 zr 2.235183437249577 2.180567245092852
2459316 zr 2.325280110847782 -1.8353460134052928
2459316 zr 2.3619748930740667 -0.3030054907594537
2459316 zr 2.386942392115104 4.726675609347146
2459316 zr 2.2440986145257606 -1.4769508287795436
2459316 zr 2.23106986710071 1.9944734100329735
2459316 zr 2.132618491919994 -2.4593691917140963
2459316 zr 2.4415503966839878 -0.7561871415147938
2459316 zr 2.0083054413887402 -4.133005432371328
2459316 zr 2.1483902395851797 -1.7458709645306887
2459316 zr 2.190348252759997 0.15226795145337446
2459316 zr 2.3554575234848523 -0.5751648800978804
2459316 zr 2.369419387026865 3.9656611677286757
2459316 zr 2.4303861236527315 2.5537848881372223
2459316 zr 2.3424249924566016 -4.7422627037725045
2459316 zr 2.242032674865378 -1.5666734482244853
2459316 zr 2.303961814651776 -2.725578552011506
2459316 zr 2.320949511041198 -5.605844469969306
2459316 zr 2.3445834394532317 -4.655466257465357
2459316 zr 2.4125441897410322 1.808722056951289
2459316 zr 2.326172609365297 2.0874774778770937
2459316 zr 2.312465578552201 -2.370469154188179
2459316 zr 2.428148685845667 2.4603515330208903
2459316 zr 2.2681683024962385 -4.220282861346782
2459316 zr 2.5066859501802967 -5.0886501675038085
2459316 zr 2.429181473658698 -4.7422627037725045
2459316 zr 2.303961814651776 -2.725578552011506
2459316 zr 2.274444149532549 -3.9582092327757654
2459316 zr 2.146225136053914 -9.312517889395927
2459316 zr 2.3628814759328973 3.68172329660026
2459316 zr 2.441604276295033 3.0222446756083694
2459316 zr 2.4280951031631717 -1.297257486744336
2459316 zr 2.308411188788467 5.49331812170974
2459316 zr 2.338165654897869 -1.297257486744336
2459316 zr 2.1662729195167705 -0.9368762545378009
2459316 zr 2.30391097243806 -6.291005886176571
2459316 zr 2.0607711461593543 -1.6563134681275433
2459316 zr 2.2765399550159096 -3.8706903138751945
2459316 zr 2.3706404644535515 -3.607649389645538
2459316 zr 2.313353158543546 1.5307358025854465
2459316 zr 2.1822935579900795 -0.21211845396228357
2459316 zr 2.1843044505442344 -0.12114766854873739
2459316 zr 2.225573479997729 -2.28148719898352
2459317 zr 2.5532887214099014 -3.343263787031498
2459323 zr 3.45749786231765 -5.084030471352487
2459325 zr 3.0904083518215755 2.746986134901148
2459329 zr 9.229971928371464 17.599187573700103
2459335 zr 9.810578430824398 -2.0888828084401654
2459338 zr 2.865917093445823 1.4555064044107504
2459342 zr 2.5579963876379836 -3.1462450028584983
2459344 zr 3.12442405861618 -1.99046759176785
2459346 zr 3.091582540485946 -0.18624460478497643
2459348 zr 2.6944096346826893 -4.540324450286524
2459352 zr 2.7965538320287346 2.307104549676959
2459353 zr 4.206715738516918 -3.7483866248431013
2459354 zr 4.495139420831382 2.77698482610329
2459356 zr 6.274751508262413 -11.555384909349986
2459361 zr 8.070301432484598 -3.648898780742558
2459363 zr 4.711326109023976 7.680727514877011
2459364 zr 3.2785780393892052 -5.20989790562891
2459368 zr 2.5366465637529183 -0.5165960519065143
2459370 zr 2.5624769073296076 0.4887824313892607
2459372 zr 4.20990315149037 -9.246245790692704
2459387 zr 8.611958511840204 -5.3324139719218016
2459391 zr 6.634374283675222 4.07826091897629
2459393 zr 3.159481878843015 5.132067740456429
2459400 zr 3.1374791324563116 1.3948673744333684
2459402 zr 3.485013218586792 6.317224994462541
2459404 zr 4.577961173632551 -1.321135076235933
2459406 zr 5.645233407201068 -3.0041573993611124
2459410 zr 5.689755685142452 0.8810527761590714
2459415 zr 6.822059788158312 -1.2752167215080004
2459419 zr 15.697613328192631 11.241852213823092
2459427 zr 4.23002726158976 -2.9920100822550113
2459551 zr 7.1778215022070855 4.863541843810314
2459551 zr 5.090423797999029 -2.671566881519833
2459551 zr 5.389567811474991 2.8333735569124667
2459551 zr 4.451146959995458 0.3083118541773229
2459551 zr 4.732555205831532 -1.1932916967780431
2459601 zr 5.829506138497594 10.2621250217368
2459637 zr 4.2492711304451145 12.368776027583653
2459670 zr 2.3706404644535515 9.478462486392736
2459673 zr 3.176654432176411 13.14994803445266
2459675 zr 2.745510972138865 14.28173193249873
2459677 zr 3.8254786777575753 16.53901815663332
2459679 zr 3.2968838947301933 12.301529693271583
2459684 zr 9.946853157490667 17.31627857895881
2459687 zr 10.356474542163749 6.8526966882535625
2459690 zr 4.34382284515431 9.897538301408613
2459694 zr 3.5955599638821703 18.23864077364193
2459699 zr 3.0830519730819526 17.521124674234564
2459699 zr 3.080213684557115 17.430488420970867
2459702 zr 2.8120509402794447 21.413516857701822
2459707 zr 3.9207611348959315 19.622623090702856
2459709 zr 5.001089403727265 19.752064136487476
2459709 zr 4.494747221012945 14.875532422945952
2459709 zr 7.655265855323842 38.09204606749253
2459719 zr 3.0295689843466644 19.86647050777464
2459724 zr 3.153667255252797 27.97927493987149
2459726 zr 3.1620590308421397 22.759194607828096
2459730 zr 3.037951568439206 22.59443653643684
2459730 zr 3.017281769964153 24.854140418322697
2459732 zr 3.017281769964153 25.3188066073309
2459734 zr 2.931243569135851 25.971776803184984
2459736 zr 2.7862699022946207 27.830506229212173
2459742 zr 10.6288870188333 27.082527911249986
2459747 zr 2.9380800399133125 32.59997999322151
2459752 zr 4.071501559036641 31.44482083853404
2459754 zr 3.9586874960980056 33.83304206090493
2459756 zr 2.967998128610105 35.97312211177393
2459759 zr 3.050492582361585 27.44862898882818
2459759 zr 3.097282694407096 31.726015873327032
2459761 zr 2.9150895947360906 32.262760676412185
2459765 zr 3.8014669522806632 32.71409938345124
2459772 zr 8.442905641309272 39.38406640873543
2459772 zr 7.3994004496867785 39.38406640873543
2459774 zr 7.079401305993144 35.494445145910994
2459774 zr 6.531305059586105 38.25525819553915
2459776 zr 3.3580373751927 33.46584001239741
2459776 zr 6.016955292874547 52.13096406710689
2459778 zr 4.261028536454675 40.900335171502014
2459778 zr 3.9745276767811424 51.65271800125054
2459914 zr 7.416379007375457 78.89987622348046
2459914 zr 8.371928955229734 73.92810595499036
2459929 zr 9.718668757670331 74.10191934202821
2459929 zr 7.508082226134947 84.72860065343124
2459929 zr 6.763370709283371 79.451119908304
2459937 zr 3.8668257806144295 78.51083996353412
2459971 zr 4.390074934173244 83.19010199983674
2459994 zr 3.297649015277832 88.67367609458321
2460032 zr 3.3580373751927 53.017188436355134
2460043 zr 6.385734261079318 50.428252509282395
2460045 zr 2.279512287730193 46.051288159143745
2460051 zr 2.814828290472183 38.55960575665245
2460055 zr 2.909248680276029 33.4859631634449
2460057 zr 6.261719635220182 49.05775826807449
2460061 zr 3.2060476537423375 36.60207699350976
2460063 zr 4.147196424483624 38.40482406148021
