jd filt fluxerr adjflux
2458329 zg 8.942498449650703 -12.547510904444222
2458342 zg 4.804754694896834 -3.1248294619081314
2458347 zg 1.9878558009955438 0.8327565669339769
2458382 zg 1.9486564002233326 -2.0311037044402447
2458382 zg 1.6935591912423182 -0.9937175434415231
2458384 zg 7.774738410927647 2.225962463352584
2458385 zg 6.408373308557848 3.881229386094777
2458385 zg 6.474432285088145 4.766394570655386
2458387 zg 8.735361503740343 -16.587993545387498
2458388 zg 6.819362088068011 -0.3479432203647086
2458425 zg 2.030915880798591 2.4010873148810674
2458428 zg 1.7512350401979668 -1.2481941562474859
2458430 zg 2.0869493003491324 -0.6604511714028547
2458443 zg 8.071917612068356 -2.6000689325830244
2458462 zg 4.499494581074362 3.473327900890432
2458474 zg 10.992744455995554 20.403937952563307
2458494 zg 2.527288287818997 0.4316934210683634
2458494 zg 2.6039036341563584 3.0952112162261187
2458495 zg 3.547873732871402 1.1909678386734512
2458539 zg 2.475743513690612 -1.2092419567336385
2458694 zg 2.7811387088779136 -2.7669489376949485
2458698 zg 3.318825239640104 -5.297053797638309
2458701 zg 15.109481102024578 -7.555379840516899
2458705 zg 2.4969338696574614 -0.3338867411596702
2458708 zg 5.442676012459496 -3.614915121796958
2458715 zg 6.423086205673516 -5.406802835382845
2458720 zg 5.03446829004106 -0.3338867411596702
2458722 zg 2.211871629361945 -1.6719659428889848
2458725 zg 2.26954685722216 1.5489537119672434
2458730 zg 2.7054582557390505 -0.7759984729495137
2458732 zg 2.602337645788486 -3.28373743266242
2458734 zg 2.6217625751819233 0.24224260885775095
2458734 zg 2.6640708894531255 -0.7255483499747513
2458735 zg 2.436033043568255 -0.3338867411596702
2458738 zg 4.249847212914455 2.9781879226391226
2458743 zg 10.861123991235251 6.780919292498094
2458743 zg 10.817622921065627 -7.9962515518914135
2458744 zg 9.158962196704453 9.39603020910528
2458749 zg 3.1301248670951134 -2.7013668976609484
2458749 zg 3.082302630430265 -5.491196955213093
2458750 zg 3.756237280018835 -0.08893226186933845
2458752 zg 2.5979475320529146 -1.9632752190807174
2458752 zg 2.4204604256984767 -5.288075739767661
2458756 zg 2.3498537704587035 -3.614915121796958
2458758 zg 2.435979658034523 -4.06622519417888
2458758 zg 2.356316514770315 -1.8572032279882222
2458760 zg 2.394853084763778 -1.1428841622572747
2458760 zg 2.5620839729767226 -0.18125555495626244
2458763 zg 2.30154390307473 -5.3755181360113085
2458766 zg 4.778856007492749 -0.7742140888846833
2458766 zg 4.746064701746905 -5.081749108883553
2458766 zg 4.073127782260898 -9.443805231371229
2458768 zg 7.391765636526544 -4.896993921110644
2458768 zg 6.799072647545838 4.212310858206919
2458770 zg 9.683008738635708 -3.7011081853423065
2458775 zg 5.042550716927257 0.726128308221476
2458781 zg 2.962360896927013 0.11727476663498848
2458790 zg 2.3974721443396128 -2.8030343761050034
2458793 zg 2.8240726193380907 0.8541412069719705
2458796 zg 7.822598443997155 7.743377649505998
2458801 zg 19.099544643024796 -9.644693828809809
2458811 zg 3.107963144704748 3.1892186431718663
2458814 zg 3.6115950844855496 2.287253230926975
2458820 zg 16.33590376497751 14.57637382034856
2458846 zg 2.306403392779362 1.7036930451887713
2458850 zg 3.346775085505769 0.9184134300592284
2458853 zg 7.938670598495092 -3.957318518900781
2458856 zg 6.963830872455417 13.801844459961838
2458859 zg 7.618193169735325 -2.3471533347231848
2458862 zg 2.0977051207942266 2.931529292295032
2458867 zg 2.659336637926537 -2.498115765536971
2458867 zg 2.58403258792226 -4.404512463066508
2458871 zg 2.9470897350802123 -1.4611533880458722
2458872 zg 2.3197911663715183 -1.2092419567336385
2458873 zg 2.306745963329329 -0.5962166905653667
2458875 zg 2.0482377796731783 -2.6945783389199747
2458876 zg 2.364839012856212 -2.008525712773551
2458876 zg 2.28519683611518 -2.3655908309434146
2458876 zg 2.2054739320920143 1.5709982978227828
2458876 zg 2.249518314555775 -3.378662933070931
2458877 zg 2.6522346339353433 0.6623866552132753
2458877 zg 2.503086512786462 -1.786057558993587
2458879 zg 3.8935501866417344 3.4020059323025684
2458879 zg 4.230542370008249 -4.97120243457508
2458879 zg 4.088532053846316 -8.670324020036988
2458880 zg 3.678086271187351 2.5843157609216547
2458880 zg 3.3153951375424557 -3.5283242091469056
2458885 zg 7.419024221304489 -19.548278669035298
2458885 zg 6.849758767284844 6.229335051753097
2458887 zg 8.591883199332027 10.588332781366997
2458891 zg 2.956731866262953 3.3072160103071404
2458892 zg 2.9334854349803217 4.6168213889765966
2458893 zg 2.606680425530052 1.814833537710772
2458895 zg 2.90098522487204 -1.6528893002451888
2458896 zg 3.1473920994148448 -2.2732332993770825
2458898 zg 2.7517425173945225 5.810902135384897
2458898 zg 2.5811719890384017 -5.075421538498329
2458899 zg 2.682913849196773 -0.6362970849258609
2458900 zg 3.1338950400659433 -7.252038194240612
2458904 zg 3.215090395040666 0.8969696203688464
2458913 zg 6.872608974622074 6.5472312875460155
2458913 zg 8.766973253513122 6.7342998122036875
2458914 zg 42.88516500615222 -3.4238873669178496
2458915 zg 10.8992440585166 10.588332781366997
2459084 zg 2.192733608371604 -3.918613942357789
2459084 zg 2.244168850038975 -5.523201325993547
2459084 zg 2.1255614415068496 1.4324401532345912
2459088 zg 2.877510675204181 -3.053474234805143
2459091 zg 3.167532222867561 2.0822669158492264
2459091 zg 3.0567033884325405 -1.866952548825017
2459091 zg 3.253118098903898 -3.5181642652850798
2459092 zg 5.7480292771691595 3.6016024375933298
2459092 zg 5.657821730310481 2.6122304343103457
2459092 zg 5.321873852264072 2.8833950222674836
2459095 zg 8.283319817357322 2.75147946627024
2459099 zg 12.27635070872378 3.6093767141340596
2459107 zg 6.842481339212944 -9.30714779488971
2459107 zg 6.188996954548558 6.4752928516086055
2459107 zg 6.097076370222025 4.4608495553525085
2459109 zg 2.9533916426049855 1.9804174247997843
2459111 zg 2.323558279390913 -1.2179527288111638
2459114 zg 2.499232888494527 1.2692381279499623
2459120 zg 2.43673215466162 10.21329252019953
2459120 zg 5.032044098156956 -4.663108930769469
2459120 zg 5.183921044699718 4.205089392360027
2459120 zg 5.24520731791345 4.058343999288426
2459121 zg 5.512114026236099 10.37585709903515
2459121 zg 5.495358744033375 7.688038007166147
2459121 zg 5.6910978009910655 4.295612681100382
2459122 zg 6.66131480698998 2.71623256219706
2459122 zg 7.423917778089992 12.423856896477751
2459122 zg 7.5559286041992655 5.025772925333584
2459123 zg 8.979876407938747 -0.5309309194497445
2459128 zg 16.8405522629868 8.38661034796996
2459129 zg 5.270329764540917 30.348194896306357
2459129 zg 5.004901544808328 14.796748750449545
2459130 zg 3.849730925640165 26.020267340776915
2459134 zg 2.6546785576035017 36.269665075400866
2459136 zg 1.9975704307587054 41.492690904212495
2459136 zg 1.974239192697885 42.88078346507933
2459136 zg 1.939784880379581 40.0769255197132
2459139 zg 2.7547855146246634 57.96256683245112
2459141 zg 1.6600487984364019 62.786318131105276
2459144 zg 2.0813116901180515 79.64939448052186
2459145 zg 1.6311426202572952 82.1469396614541
2459145 zg 1.5875065330705243 84.92729150659594
2459149 zg 4.528410377670028 115.1816600191002
2459150 zg 4.899710094710463 103.5141076407929
2459150 zg 4.946938830608391 118.68644859325126
2459151 zg 7.745536953325046 118.73044372976214
2459151 zg 7.812238844389163 125.01332558862771
2459152 zg 7.62382879269944 109.85490189465473
2459153 zg 8.996563182348712 136.6908899237392
2459155 zg 7.941394436354853 130.13096149356073
2459155 zg 8.178927116743564 142.4952979061695
2459156 zg 8.061001678036408 154.02535753148265
2459156 zg 7.8805201135831515 144.72912791090866
2459157 zg 6.165001642927383 149.66767132723072
2459158 zg 5.952775841472578 156.93657997674845
2459158 zg 5.593731639254794 155.02637338200552
2459165 zg 2.0053047033112086 185.22441234868003
2459165 zg 2.0816503995883635 187.2787902751358
2459166 zg 2.0757969882080975 192.79838043453807
2459167 zg 2.4185769979484246 193.36189254675054
2459168 zg 2.1617615807342725 194.56401849880586
2459169 zg 2.5077705081317196 196.91442802132727
2459169 zg 2.5271772156663523 193.9676262418429
2459171 zg 2.010456191387754 391.46923364941364
2459171 zg 1.9160215093639694 395.8148335377108
2459176 zg 2.2633927381506913 188.3771977963384
2459184 zg 9.56852220011071 183.80546697048783
2459193 zg 2.152246130043956 170.21109510873433
2459198 zg 2.965675395492082 163.64666270591314
2459200 zg 2.3742585172297015 161.5401400009426
2459202 zg 2.905828180298837 154.5880147506833
2459204 zg 2.497022732379885 150.24927494772453
2459218 zg 2.3790731422960105 139.22467556478466
2459220 zg 2.5386746149342665 135.1704252011833
2459228 zg 3.695638930072387 129.31238393318944
2459230 zg 2.8552094109069928 124.43426840865618
2459232 zg 2.366055391983914 123.98891586669828
2459248 zg 2.545600650744532 106.03986721712329
2459249 zg 6.075305969344401 119.22440705178221
2459251 zg 2.3335918949808456 106.91648231872207
2459251 zg 2.2527860678229987 105.92934281174904
2459253 zg 2.6013164541152043 101.2942333822113
2459255 zg 2.152296506207329 103.77476024927878
2459255 zg 2.302792385466964 97.98952828314016
2459257 zg 3.4391504675973743 100.74838554756602
2459262 zg 3.8917055849912923 99.59762075970167
2459264 zg 4.438683808140235 91.8745460354073
2459276 zg 4.29142553815917 95.14230847084393
2459280 zg 3.098282696844768 86.66085695805258
2459434 zg 2.970344217157701 31.967773570652426
2459436 zg 2.936787169111917 28.586624366887303
2459440 zg 3.0522113061618397 21.332054043991327
2459443 zg 4.250447171873705 18.71689486429941
2459453 zg 5.684806703836929 28.977727021716934
2459456 zg 4.380801849105173 18.801161190134774
2459460 zg 2.2846808118069273 25.066796105349052
2459463 zg 2.387465604429603 24.652443094458487
2459465 zg 2.3514970506946886 26.51865162240691
2459468 zg 1.9865054289640443 21.12627744732189
2459471 zg 2.8034424116257592 20.82035418619681
2459474 zg 1.835782314118016 19.68795430681645
2459477 zg 8.139898831935254 10.324806237929906
2459479 zg 11.005524900663369 28.09035594623377
2459484 zg 5.106718212523586 17.018254874021334
2459484 zg 4.970540511732376 5.678590926987658
2459487 zg 2.709964765793248 14.835741268661447
2459489 zg 2.3288373281436368 19.23928859394386
2459503 zg 2.506755050363866 14.211492990370258
2459509 zg 7.431354209065122 20.46876883729537
2459511 zg 10.304220720044892 -6.982501592747317
2459517 zg 2.3073843974970267 13.75193900243077
2459523 zg 1.8558519230831962 12.905883218385863
2459527 zg 3.9262081201628325 13.787435058583176
2459530 zg 3.2821133067587147 16.86798276705506
2459532 zg 4.489671820678505 17.581204685888302
2459537 zg 3.4288365959835088 2.4845592202058686
2459540 zg 7.447348771198325 20.37246859525957
2459636 zg 3.5247458264451508 6.903644350983169
2459640 zg 3.3979678361475973 8.064152028465095
2459806 zg 7.090001083633487 -1.6882249720843545
2459816 zg 2.4217450843536756 3.1275107937043845
2459818 zg 2.3877281387272005 6.859462782183313
2459821 zg 2.675866367632018 -0.8716648714670696
2459824 zg 2.545022576446109 0.34279840649881255
2459827 zg 2.5058413411202087 -0.6508656694149864
2459839 zg 3.1968410376699783 3.397607748235802
2459839 zg 4.913957587254442 -5.843495262857764
2459841 zg 2.089418974078535 2.6430224113022702
2459841 zg 2.78130675345143 4.139646494578317
2459843 zg 2.1317541814999723 2.125108266353257
2459846 zg 2.2269071039786774 2.4247761150980947
2459850 zg 2.1851118045382454 3.1456394772200755
2459852 zg 2.1270630943512625 -0.8914440319320749
2459858 zg 1.7987881642587464 2.1541928227592377
2459860 zg 5.318262765518206 3.179906653408204
2459862 zg 8.947312621985143 9.046431926633062
2459864 zg 7.812911303020868 0.49819554972646285
2459864 zg 8.933045477533243 -0.857986024877016
2459864 zg 7.711529395492778 1.5766213981295736
2459878 zg 2.814960300755919 -2.74166109565363
2459878 zg 2.8196679431847538 -2.4255513499663146
2459880 zg 2.489348534774011 3.7280795304040133
2459881 zg 2.0067767153452594 -3.822614148162991
2459881 zg 2.2058729942735207 -4.293925273622881
2459882 zg 3.4148145184400938 -2.8191888422755933
2459889 zg 8.710397688031692 1.0912195553374306
2459897 zg 4.205987845312885 -2.9957012446744145
2459901 zg 2.6289597454063767 2.5321910884267647
2459903 zg 3.2978864433541557 4.85499515148635
2459904 zg 2.828850634515225 0.8407046510009346
2459904 zg 2.703557716988438 -6.105119938117581
2459905 zg 2.9521605853902306 -3.3631945098574727
2459906 zg 2.4185264998138467 -2.225956489491405
2459906 zg 2.4691276080740874 -3.3363774684350203
2459908 zg 2.972269584632868 -0.03648457623152346
2459913 zg 3.0320752654896284 -2.9089042111701
2459923 zg 5.709462956595902 -2.8555638610007277
2459923 zg 6.373313648591672 0.3575601438128053
2459934 zg 2.2894211175849617 1.1977125315898445
2459936 zg 2.4802451787505526 2.654243027783904
2459953 zg 3.8958199945913705 -4.7689423110458495
2459972 zg 4.5001975306115956 -6.398559682272889
2458353 zr 5.2753209879758725 -6.157675956414863
2458356 zr 7.00352574074325 5.71094868373266
2458383 zr 2.8359311879582108 2.731046306198216
2458383 zr 3.4484567941045 -2.9995888739007768
2458383 zr 2.9693720645785535 4.328532079216707
2458386 zr 6.193284656953081 -6.59894500264943
2458386 zr 6.745543441204327 -3.7848135507160947
2458423 zr 3.271263449556673 -2.2606754357493912
2458424 zr 7.207151383301297 3.8781082052410696
2458425 zr 4.04541604215824 4.274568351254281
2458428 zr 3.0540905058352332 -2.4773172005063273
2458429 zr 2.5840189173567594 2.9609144874205526
2458432 zr 4.059060590997162 -2.6037534584284785
2458439 zr 5.149681535664925 0.48565395337570294
2458441 zr 5.056934159899906 -3.6179497367685656
2458443 zr 12.126178166692243 -4.364019445693259
2458447 zr 8.333996205529912 -4.1992934406926
2458449 zr 6.870791852518839 -15.541633397862725
2458456 zr 3.1682196671528398 -1.3680456229284914
2458462 zr 8.038466840543773 12.334489518450646
2458465 zr 3.5442881297263678 -5.577916454109946
2458468 zr 3.699671740947523 -0.7305930542560546
2458482 zr 3.980421104451199 5.71094868373266
2458487 zr 3.197502124056062 -3.2352415179957816
2458490 zr 3.151931602237231 5.749177362781481
2458514 zr 2.7344622567907044 5.089266335692855
2458542 zr 3.2557111320338206 -0.7305930542560546
2458542 zr 3.5744998698005843 5.418310150781146
2458557 zr 8.229877289272018 4.112975061757695
2458694 zr 2.871061387140622 -4.809219276269282
2458705 zr 2.953615378518991 0.06451442980394262
2458711 zr 6.295770529706623 3.152735914055036
2458714 zr 4.874184103312061 -1.3680456229284914
2458719 zr 5.1633940294809 -0.3841748380050589
2458722 zr 2.855551229462442 1.0750184945785506
2458725 zr 2.7522631534010147 -0.9275458572018707
2458730 zr 3.186617394867 5.363343162211457
2458732 zr 2.5217266547154478 1.5872938508096155
2458735 zr 2.8621580919387153 -4.1670744714221115
2458739 zr 6.31463179601155 -9.363755273053648
2458739 zr 6.154761247671041 -9.21748294761052
2458740 zr 6.525829118694002 3.489964186276609
2458740 zr 5.928276166424349 10.056909098488816
2458744 zr 9.695227410165401 -0.5824015447653181
2458748 zr 4.692451248638109 -4.691656413778489
2458748 zr 4.1436209608417025 5.2094111223053545
2458750 zr 4.2188737727094905 4.436608756939556
2458756 zr 3.798329654039457 -0.7305930542560546
2458761 zr 3.8140985994090104 2.769857834187505
2458763 zr 3.732105745774797 14.390534375313798
2458766 zr 3.121432447501603 3.152735914055036
2458769 zr 7.761992604153089 10.043053731181764
2458770 zr 9.522267748297647 -0.9071127465896751
2458770 zr 9.573314312454695 -15.572429939150247
2458775 zr 4.251986881420267 3.417874122279521
2458776 zr 4.504281601940906 2.4845893910519194
2458776 zr 4.511302289842527 -0.013111622605109119
2458777 zr 4.625270359921949 1.731535873743816
2458777 zr 4.645228055750013 -7.989951617264005
2458783 zr 3.7508153479445383 -11.286583328157512
2458790 zr 3.8033228474120016 0.7699103984335949
2458793 zr 3.938793316608626 2.731046306198216
2458796 zr 6.384985541590481 5.473327789139994
2458801 zr 10.875194577745308 -6.290483676683898
2458805 zr 4.336705374056446 -8.40328118276458
2458805 zr 4.180559658281694 8.752630896787487
2458805 zr 4.147088670314231 0.48565395337570294
2458812 zr 2.9448597652508686 3.8446431548178737
2458812 zr 3.0449259234620296 0.3491254524220082
2458833 zr 4.294803726465678 2.2480669693263096
2458833 zr 4.3630673395077775 4.925425059613616
2458833 zr 4.383125807437728 -8.664137117093944
2458837 zr 3.484977423281786 -0.23502481598533365
2458846 zr 3.2992504574386157 0.8206447301689934
2458850 zr 10.557137121892579 -19.867607924453793
2458853 zr 8.442651764685541 6.416422450941148
2458856 zr 5.655069756436912 -11.352365755542472
2458859 zr 6.913908283412793 11.543792398221086
2458859 zr 6.254603294851378 10.056909098488816
2458860 zr 5.88216392793051 15.515928321365223
2458860 zr 5.8680207277070835 0.39459304338140555
2458860 zr 5.923235717361071 -13.585843146650355
2458861 zr 5.14875350610099 5.811811708033261
2458861 zr 4.933191841946894 5.660586802524584
2458861 zr 4.7733747803446835 0.26512885873766834
2458862 zr 3.336208460064373 6.081878076051339
2458872 zr 2.6210296464486458 2.62610849872096
2458873 zr 2.6524864823769043 -6.290483676683898
2458873 zr 3.0984965696475313 -0.2381581505920849
2458873 zr 3.21943766981882 -6.879977539092977
2458874 zr 5.252039753027462 3.8982107246313618
2458874 zr 4.88248409601199 -15.310226000064802
2458875 zr 3.3361262575610753 3.2056659201852327
2458876 zr 4.587592958774929 -0.7305930542560546
2458877 zr 3.455651378880796 10.399548968316601
2458877 zr 3.4230661004931333 2.8888159052412945
2458881 zr 4.734670453751453 1.5872938508096155
2458886 zr 6.500752689567773 -6.59894500264943
2458887 zr 4.387137185744156 2.4168119023128014
2458891 zr 3.317064684579203 6.752820704105481
2458891 zr 3.3083792294008014 0.973128395158632
2458892 zr 3.0729390091373805 2.260344698372954
2458894 zr 2.9211505526993706 -0.5329133121202645
2458894 zr 3.0460001648440045 2.731046306198216
2458895 zr 3.2303767757517723 4.166789888239279
2458896 zr 3.5418061609720377 -1.611194527334547
2458898 zr 2.967404368074151 -6.20198597623466
2458898 zr 3.458224468702562 8.289831378360716
2458903 zr 4.869486599117121 -10.23067795876964
2458904 zr 4.301152861388054 -4.074661701862226
2458913 zr 7.267587567751148 1.2793626242097318
2458913 zr 8.031066547460812 12.273155425885825
2458915 zr 5.186683605703799 6.921718243217214
2459091 zr 4.475328382869606 -5.2187822466883365
2459094 zr 8.858087738741547 0.6689315848395745
2459096 zr 7.152172268450615 0.015052877832569068
2459096 zr 8.309858716301738 -18.512585100352194
2459096 zr 8.202913937760817 -3.784236872079643
2459108 zr 3.6698293060708105 6.091266992350675
2459111 zr 2.9038742024478283 5.2165738006940625
2459114 zr 2.512914998977558 -2.777183951328312
2459115 zr 2.663034449652031 -3.5228584953364397
2459116 zr 2.7025689611645434 -2.760904609282364
2459117 zr 2.4041114974359976 5.094688448843661
2459120 zr 2.8943692834557027 -0.9191028991395699
2459123 zr 8.32946185142668 1.720932200359839
2459124 zr 9.02378280289004 3.905538505171311
2459125 zr 6.366302919667975 3.1001329223479464
2459128 zr 11.321392049782077 -2.41646156379188
2459130 zr 3.4388662557221052 3.766450438716044
2459134 zr 3.2992504574386157 1.9729616143206896
2459136 zr 2.7978972663398562 -2.9337167902084373
2459139 zr 3.1611555348821256 0.10805673055818144
2459143 zr 2.4698586826365885 2.400221780566457
2459143 zr 2.4007291530463606 4.122838973920142
2459144 zr 2.20553748160527 3.598090376362676
2459145 zr 2.2334199159025925 7.405993717955979
2459145 zr 2.246258640171405 4.031212385487328
2459149 zr 4.8673428170874535 13.657182921057798
2459149 zr 5.016785519638707 11.61493862598117
2459150 zr 5.089814199078156 10.573238786410304
2459150 zr 4.8812973973733245 6.270911257866519
2459151 zr 6.647071890431932 -1.5999223682121428
2459151 zr 5.830309895944105 5.512120916145291
2459152 zr 7.728155644339074 21.239846891856068
2459153 zr 7.199554935451109 20.564382523651304
2459155 zr 7.936174539856933 13.330749005688588
2459155 zr 7.248771686126048 16.696051452468964
2459157 zr 6.85445965592514 22.367802854053924
2459165 zr 2.378262349801641 41.01965038825913
2459165 zr 2.5798816699990823 44.4828708582837
2459166 zr 2.89852322513507 43.09501716502613
2459167 zr 2.8281060363295056 47.86091954040239
2459167 zr 3.2661977732852407 47.28773235619961
2459168 zr 2.958650177527882 46.032907655471654
2459169 zr 2.9919473066307747 52.602785244388244
2459169 zr 3.141185748786576 52.55209761918657
2459176 zr 3.3202954604903585 76.36040572245608
2459178 zr 3.911371079038141 83.5475803169295
2459182 zr 10.300934705715601 75.08176599155722
2459184 zr 7.723507929390872 97.08541147472582
2459190 zr 2.789302966821596 118.74681561690298
2459193 zr 2.6775027311684756 115.89688513337457
2459195 zr 2.908585956739849 236.38581763633303
2459200 zr 3.101372563709525 118.89649533581874
2459204 zr 3.1781675173752357 118.8435271719413
2459210 zr 7.458860315562364 117.49986231635827
2459216 zr 4.277602059456165 102.38173992198446
2459218 zr 3.4257863741889474 99.1976309891123
2459220 zr 3.034463394991768 96.74537819666277
2459222 zr 2.931539084560508 102.68911829715924
2459224 zr 3.982133186210969 94.9764038938769
2459226 zr 4.122976331157358 106.60674401083395
2459230 zr 2.822128500065494 91.65175489099511
2459248 zr 3.301997435572479 79.48499068572488
2459251 zr 3.539907517483873 72.18757694059892
2459251 zr 3.308451626019263 73.3519325877185
2459252 zr 2.7620514489219508 72.70560961596152
2459253 zr 2.8622348979543535 82.7097202851267
2459255 zr 5.902850167285469 74.30068671066839
2459257 zr 2.7281742471034196 78.68720249331041
2459264 zr 4.602354010605339 76.88516406226151
2459276 zr 3.6741003985911846 68.23633768246998
2459280 zr 3.2481177436820614 66.27551834126314
2459436 zr 2.8293713784292085 19.46775196757286
2459449 zr 16.444601563625763 21.160919523635254
2459451 zr 5.1888804307653285 20.63174495082297
2459453 zr 4.696487404924059 15.410797706068482
2459460 zr 2.7572232582243323 21.297688438463744
2459463 zr 2.975458796189109 15.822174456815143
2459465 zr 2.7200557071469738 16.554372803867484
2459468 zr 2.409904246059376 16.158118110427164
2459474 zr 2.2035070417100644 12.98604197211409
2459477 zr 5.426547565546931 7.0136157622934086
2459479 zr 6.395004248112124 10.342193336692903
2459484 zr 4.672390730250512 8.028583358054732
2459487 zr 4.034079367491868 7.144329603498623
2459489 zr 2.9216740549668128 10.28609172671271
2459498 zr 2.5124533629129666 13.113057321983346
2459509 zr 8.016965542651189 8.926206902181004
2459517 zr 2.1725530227224277 10.703521581466473
2459521 zr 2.541532623609096 6.64075397507302
2459523 zr 2.403254625569235 10.907100339243428
2459525 zr 2.4837350873885256 7.101552806322648
2459527 zr 2.958324869494037 3.762857099313347
2459530 zr 3.044766134960442 10.913404927135328
2459532 zr 4.2982526102166005 7.178259634207352
2459806 zr 7.388222698476723 -7.353276259873287
2459808 zr 6.088238249605192 -1.9660727550897734
2459810 zr 5.07859196545537 7.368936258528899
2459816 zr 2.7167049770748783 -6.453151599800773
2459818 zr 2.8051361214212283 -1.6671295111326545
2459821 zr 2.6021355889130295 -4.600028339653674
2459824 zr 2.619966201266987 -0.655614668718846
2459843 zr 2.7435019459522483 3.8198827474339137
2459846 zr 2.640766016473005 -4.047961208607086
2459848 zr 2.8099312145466997 3.0027769935863726
2459850 zr 2.6660734195225473 3.2514264024105852
2459852 zr 2.4824009757119714 0.3862435456134501
2459858 zr 4.208157012249985 -2.2166592823364297
2459864 zr 8.665994320827226 2.7548795385050044
2459874 zr 2.2473563080354655 0.4572433403532403
2459874 zr 2.1674204480968173 0.6824972393357629
2459878 zr 3.630586025216616 5.1756499261416
2459879 zr 2.625619347670488 -1.6347436385899432
2459879 zr 2.6834506848172075 -1.3757710892994812
2459880 zr 3.6811791014988713 -4.324612368742105
2459882 zr 4.222668104110419 2.9241050139476066
2459882 zr 5.215616491776149 -3.7934535995809178
2459883 zr 3.02609043577527 2.949510891606831
2459883 zr 3.0140539360070826 -0.959923300849727
2459887 zr 4.745601078094039 -4.629101482756869
2459889 zr 6.346414402754579 9.506650238764559
2459897 zr 3.820461093631353 -3.1583068296101797
2459897 zr 4.6654327706785885 8.46597850296482
2459897 zr 4.814412758010947 8.992605918298896
2459901 zr 2.962715543391352 3.681218917979206
2459903 zr 3.571756986693887 6.825116897562993
2459905 zr 4.092232287964698 8.802300990024525
2459908 zr 4.100119660497338 3.2843665455562236
2459910 zr 3.4739598039475523 -2.127146617111454
2459913 zr 3.7129649936319136 -1.0850051668585616
2459913 zr 3.372692381739203 6.142470577106831
2459922 zr 6.2036213399778175 -2.0276659946287032
2459928 zr 3.9263829405108575 1.5043882025816242
2459932 zr 2.9514250836427345 -1.3401877848209471
2459934 zr 3.1682196671528398 -0.9580426167299061
2459936 zr 5.9893593738198705 3.6623882399456353
2459940 zr 4.483326629055506 2.703962241821023
2459957 zr 5.139131804582922 6.7040552438735395
2459972 zr 4.796253186084092 -2.9291583672338217
2459982 zr 5.50886030557941 -4.979429963223254
2459984 zr 4.777454192661195 12.49097192776989
2459994 zr 4.8935598890052106 -6.1644946408185
2460013 zr 5.609030359544757 -2.014875956043974
