jd filt fluxerr adjflux
2458204 zg 4.566158889843472 -8.632506712434107
2458207 zg 7.374701363648842 8.48402734737006
2458207 zg 7.545459747380646 -3.9181319706934374
2458210 zg 13.851863477517567 -18.591598362640667
2458233 zg 4.719474223565963 2.164419130202063
2458236 zg 12.053906127302366 0.8055444466453565
2458236 zg 11.272747128204715 -27.268377989661907
2458246 zg 2.697141013024051 -1.3369161169810013
2458262 zg 4.889373105626182 7.993736561046333
2458269 zg 9.446607261821573 -2.7814843652956824
2458272 zg 2.6534104164433576 -0.45731578324601685
2458275 zg 2.0029296384787925 0.06029190817481833
2458281 zg 2.837947974735231 5.108214999397063
2458284 zg 2.274133044617001 -5.660947943937273
2458288 zg 2.924728287504531 3.0829322953319718
2458295 zg 9.048653044732337 2.775632574388169
2458298 zg 6.301169780976719 -1.8455446518482717
2458304 zg 2.3575647141638374 2.088333622258972
2458307 zg 2.474970195062078 -3.706284481165625
2458334 zg 2.818938009710893 0.06029190817481833
2458337 zg 2.7784617967534686 3.3141511905780305
2458345 zg 3.702302781178011 -0.0879366847373717
2458363 zg 3.4801646143073306 -0.0879366847373717
2458494 zg 3.101429548559794 3.700938589679737
2458527 zg 5.236003991563126 0.730709932345647
2458541 zg 3.1037432328275822 1.708955469959406
2458560 zg 4.442544266963306 -1.4097782606279212
2458568 zg 5.255329720593347 1.0304619850810124
2458574 zg 2.4166617529626184 -0.9715970691387377
2458581 zg 3.0335504317447506 -2.062526458892824
2458584 zg 2.7682443979108293 3.006001195112172
2458587 zg 8.397029606309994 3.9338674611817366
2458591 zg 14.169613369459757 -1.990265793761328
2458606 zg 2.161224722494055 0.4320604423799059
2458617 zg 4.630365627731937 -3.1384803930506004
2458636 zg 2.106007726960252 1.1818548181040618
2458639 zg 2.304899041262492 -2.2766705369240845
2458642 zg 2.0467271958514774 -1.1134793539378085
2458645 zg 5.536005738524162 -3.414272239487357
2458650 zg 9.55540040695835 6.724299493334047
2458657 zg 2.674875993214342 -1.892161075480339
2458665 zg 2.4399495461181595 -2.1606208166836205
2458674 zg 5.204275485722025 0.7578760938758726
2458677 zg 13.21684524694381 11.178214711833549
2458684 zg 2.57495695416922 5.626366889396176
2458692 zg 2.5834759900074626 12.455724579894518
2458705 zg 10.746571466741232 44.61051700433316
2458714 zg 7.229980459689069 72.84343565575448
2458720 zg 4.177167620809458 83.09666898525842
2458723 zg 4.3870924312567965 103.39441793925673
2458726 zg 4.224514300718967 106.10186396430056
2458734 zg 7.155190181040478 117.99276531592878
2458893 zg 6.149287369802197 40.316535403494115
2458913 zg 2.4036079001338404 28.570942939492348
2458915 zg 5.139439775589558 12.02959379518878
2458943 zg 4.540394808596434 18.437241301165685
2458963 zg 2.450021938827004 11.971667166870468
2458969 zg 31.583212904656868 35.733780957269715
2458972 zg 4.847229900096616 19.674241440622257
2458975 zg 11.021372919383218 23.055443364699336
2458978 zg 55.557129094311605 -14.61218811754972
2458986 zg 2.189071567785569 18.005562260497257
2458992 zg 2.2630801056769103 17.19122220388421
2458995 zg 2.5455453933433567 13.434301033099205
2458998 zg 2.1812222886374038 13.500249206085858
2459005 zg 10.209560343667194 21.265652918017633
2459011 zg 2.777701194369862 9.946609826778491
2459017 zg 1.9366893318926715 5.1444755967284355
2459020 zg 1.888318625819271 8.643453735779307
2459023 zg 2.241935860220188 10.675828360376595
2459026 zg 8.324135741835624 17.037873475758033
2459033 zg 7.476282556607279 4.605011951139437
2459036 zg 5.605210358685711 4.589008081780783
2459039 zg 2.321791322161703 12.324813315003317
2459042 zg 2.2681074378305763 7.519027707509551
2459227 zg 3.0800275802396615 -2.6238386448740503
2459229 zg 2.7120872249537316 0.9276038405332714
2459248 zg 5.72157402581635 2.816597216012993
2459256 zg 1.982739657225164 0.7091557190687052
2459269 zg 2.3575647141638374 3.4002824314643028
2459270 zg 7.6014179854515 -4.152771754179266
2459279 zg 4.826523503237766 -6.492158018164625
2459292 zg 2.6404960707127683 -3.9533137431229664
2459295 zg 6.315167550373458 -5.6972010714633
2459306 zg 4.900561733606326 1.10081782309189
2459308 zg 2.7936148844713022 -1.759417804894125
2459310 zg 2.3958074290290416 1.7404317362660593
2459312 zg 2.3477503137641746 0.09456387558141133
2459314 zg 2.3878985334701497 -1.0134513726116747
2459316 zg 1.8084777529900793 2.220980252506228
2459324 zg 2.50247630090698 -2.0202749359571253
2459336 zg 3.864311301106631 2.5388102177319807
2459339 zg 2.0866997320632255 1.1677117146055207
2459341 zg 1.9448014825805893 1.4543018827265786
2459343 zg 2.50966566346473 2.8000636773652046
2459345 zg 2.499083953778838 0.021934498786236656
2459349 zg 1.8786329599589426 1.7828710966712364
2459352 zg 2.3607603764854233 0.27713634306343304
2459358 zg 12.406295161664557 -27.03028378235767
2459361 zg 8.812759098024557 -5.1164777229390435
2459363 zg 4.7238230223519615 2.8438716478950576
2459365 zg 2.2933145305774043 0.43145835896797435
2459367 zg 3.9180692262229284 3.512820164356247
2459369 zg 2.2481391241087083 1.454558867861405
2459377 zg 2.5268580529922677 0.7461745998494754
2459379 zg 2.528225857760199 3.2275558547972354
2459383 zg 5.576897392358705 -1.3341609508366723
2459390 zg 7.266801903204636 6.701646582582512
2459392 zg 3.371784117510045 -0.42360410102846663
2459394 zg 2.6519783438967077 2.2516362204366684
2459399 zg 2.860787012908175 1.704044663112581
2459409 zg 3.2282739712216273 1.4429652653786225
2459411 zg 4.516000076215954 3.028147827297084
2459419 zg 10.485601770641434 -5.693503489570371
2459428 zg 4.132156719984869 -1.4205245620744162
2459435 zg 3.015576737941135 -4.007332681564745
2459438 zg 3.9397132986133747 -2.385292332566166
2459440 zg 7.913341683501448 -6.095892443587341
2459443 zg 12.847042405524963 -7.522533232022957
2459453 zg 3.5733216036621402 -4.123423172647581
2459455 zg 4.437042804794981 -2.4994359141582194
2459641 zg 2.2123998623407344 -2.9352476443193742
2459682 zg 5.814226357705673 -9.509817300404809
2459684 zg 9.107512359774292 5.54578396518605
2459696 zg 2.711974024804771 -2.95739576704159
2459698 zg 2.6996263160488154 -1.226129890593778
2459702 zg 2.5432019387592324 0.7673358658312754
2459710 zg 5.730492070710364 -2.675603491704171
2459712 zg 7.753069252225084 6.332620040801595
2459723 zg 3.0639790089675905 0.6867347078343559
2459725 zg 2.6642193197549795 2.194704777387727
2459734 zg 2.8311437450723798 -3.607423739287446
2459736 zg 3.098574341454898 3.651092392671325
2459738 zg 4.3842538170885295 7.695578569160822
2459750 zg 3.249154661748609 1.5823251143233175
2459755 zg 2.687222659819732 -1.604327204274867
2459760 zg 2.804170587227245 4.112189826747893
2459764 zg 3.2620137373754847 5.922116457199224
2459766 zg 3.5156026800495273 0.7522913129705237
2459771 zg 7.531857603592745 -0.2890604765450662
2459784 zg 3.841403749510109 -5.986123073699801
2459791 zg 5.627675147551123 -3.120934833100667
2459794 zg 4.403284886360635 3.408489296315564
2459798 zg 9.747109839943555 -0.2932019783897774
2459806 zg 3.7144600243879533 -5.783140930817097
2459810 zg 5.056451715520398 2.7139865429345846
2459815 zg 4.263613204332152 6.874601554587086
2459970 zg 3.751265462220903 -3.631540127296461
2459993 zg 3.392125668750965 -6.820040907069863
2460016 zg 9.05747283914871 -0.5282538338494377
2460045 zg 4.370487903059359 1.333471644927561
2460049 zg 2.871881631925201 -0.528906405632624
2460051 zg 2.0656653294247453 -0.3815288137284464
2460055 zg 2.7040571666712423 8.486007950051137
2460057 zg 3.3873475658604932 -0.5290395612518705
2460063 zg 2.9714370624472015 2.2424286365569617
2460067 zg 9.982284989731347 -3.065424921327853
2458198 zr 3.4516739503804406 5.489822942910848
2458198 zr 2.9986185526538076 -2.4158792429682023
2458219 zr 3.529499873383547 2.221446742430487
2458219 zr 3.6819278751762394 -3.6956897807701523
2458224 zr 5.438583310942546 -13.428486598305227
2458243 zr 4.496386371222522 0.03067746520113701
2458257 zr 3.632803753464314 0.32103425488810444
2458257 zr 3.39179632242676 2.6632443114174293
2458262 zr 5.367900161369624 4.442692656135478
2458272 zr 3.8856167291527877 -6.779815261271864
2458278 zr 3.6361512307053196 0.46641334429466497
2458281 zr 3.1414099123039887 -2.4158792429682023
2458284 zr 4.527431699074293 -3.8372371963537546
2458288 zr 3.1183482154405096 -3.5540119351425687
2458291 zr 5.532042724610749 0.6119263944723343
2458295 zr 6.866622406309985 -2.1300333306813
2458304 zr 4.57576405923164 2.810781649765488
2458331 zr 4.866490375655786 2.6632443114174293
2458337 zr 3.9597310865528006 1.7808682202879424
2458473 zr 5.996333589978565 1.3415053812888118
2458473 zr 6.001858961450337 1.4878247923044228
2458473 zr 7.15582581608739 11.449049324907548
2458473 zr 8.727501978639868 11.76045891725363
2458477 zr 9.655543652861864 -0.9813696263660745
2458477 zr 7.524852803828461 9.285170319257816
2458477 zr 7.555654751687987 3.4022917515328572
2458477 zr 8.227018585125995 -15.665946632455274
2458482 zr 7.35990033417673 2.3685769827334866
2458482 zr 8.97907840769561 2.3685769827334866
2458482 zr 6.8851664318832855 8.672026766658206
2458482 zr 7.066425536501375 5.790245117912775
2458494 zr 4.064994480897726 0.17578900292795652
2458542 zr 3.5753056124790983 4.293652964169837
2458560 zr 5.099997618396606 0.7575735288603377
2458581 zr 6.396629834619289 7.908767093742752
2458584 zr 4.121923495456643 -3.1281946148172497
2458587 zr 8.61568785086457 9.5925902278691
2458591 zr 8.939020967089997 15.861420064403088
2458597 zr 4.48811134535834 -0.25914489694408394
2458606 zr 3.0826287439925344 1.9275935213231485
2458617 zr 4.240559718850753 -3.978630168210088
2458628 zr 3.6428554417118613 0.7579891863703191
2458633 zr 2.982166756316458 4.44406408936927
2458636 zr 3.3878534046151154 9.749236680964145
2458639 zr 3.0348129221106332 7.305975269926887
2458642 zr 3.0628182321782864 0.9134001859361204
2458650 zr 9.138647017611603 -2.3661244724384423
2458653 zr 5.835600133581255 9.372165815419049
2458657 zr 3.5165206386272736 1.8112271092914913
2458660 zr 2.6667016770663485 3.6958588855314822
2458668 zr 3.5533823236695192 -2.113740074529029
2458674 zr 4.825807269403919 -5.43323042078915
2458684 zr 5.263851793712478 4.50986766686996
2458692 zr 5.567824344493183 17.66250145741499
2458698 zr 5.8259987152355155 15.172127849631075
2458720 zr 5.360063975600208 73.82274800155906
2458723 zr 6.358498972240876 66.6803218219106
2458758 zr 8.339767447073147 48.21120762946782
2458758 zr 9.908566801456264 52.947435460296674
2458758 zr 13.71593866064339 51.496983117019425
2458758 zr 10.808863224688652 36.13269325135224
2458850 zr 5.844695907530852 25.594699685231763
2458899 zr 3.522327755394422 25.09959343363042
2458912 zr 3.342821376070332 8.392942188680262
2458916 zr 4.392380216969481 21.138833212297587
2458943 zr 5.086462755479019 21.213691581798265
2458966 zr 3.268320287542028 13.202066963663562
2458975 zr 9.210764718866725 36.42824170990498
2458978 zr 8.726762953692766 8.937903630501692
2458981 zr 3.7850818642073545 8.87596210928057
2458986 zr 2.7660213623053744 8.541432401353998
2458992 zr 2.6252727704385306 8.449251801586136
2458998 zr 3.0320190429392473 14.329860153254604
2459001 zr 5.1689749764495465 5.448237885273723
2459008 zr 5.804522994275904 10.755999251769598
2459011 zr 3.119760274471936 10.296705458519096
2459014 zr 3.1660751835800367 12.533330862555284
2459017 zr 3.0826287439925344 8.06493843201388
2459020 zr 2.688898655848569 10.72823536931907
2459036 zr 6.114513669962175 13.764577942963669
2459039 zr 2.8322522116740307 1.4213403110835907
2459042 zr 3.3855541537212956 7.360298392327551
2459045 zr 3.0235783271053953 3.7440654838536434
2459120 zr 9.890432551269269 10.37647992088278
2459120 zr 9.743511929495742 -15.633847043990905
2459120 zr 9.52450640944324 9.314782600771473
2459120 zr 10.08210044049072 3.8152640955982737
2459122 zr 10.222574344023002 1.4515786275769127
2459205 zr 5.523073795207687 20.218798541911934
2459205 zr 4.897449576950594 -4.22787252397514
2459205 zr 4.221076116746692 -3.385985662516607
2459205 zr 5.0883953372705815 6.338029741595772
2459205 zr 5.2211543952866615 -10.798071670067703
2459225 zr 5.069683485737979 5.542774002072548
2459227 zr 5.0253923382148376 -0.4747118029757529
2459231 zr 3.7538358439655592 0.3539834295214961
2459248 zr 7.239323913531178 3.8681020741691414
2459254 zr 3.2985616828247752 6.205460003407445
2459255 zr 3.598430926717937 6.198335428556707
2459262 zr 3.6381054000204407 -4.715416966821625
2459265 zr 3.4231802273934817 4.935167669501762
2459268 zr 4.102607411731819 2.4053400441405084
2459272 zr 9.89463934398509 -3.232666197116611
2459283 zr 3.420028813391158 4.677147349102504
2459291 zr 3.1719126844832104 7.181309390952837
2459295 zr 4.703442821796242 -2.084348396679026
2459297 zr 5.009343879386804 3.1225814148867466
2459306 zr 4.841510142355075 -2.280415233960782
2459308 zr 3.529499873383547 2.775460208635412
2459310 zr 3.128392410919211 4.838584447478966
2459312 zr 3.0487458606732942 0.7117873849449878
2459313 zr 3.9963700271909754 3.78579676076605
2459313 zr 3.722847761019693 -1.4553259001871024
2459313 zr 4.272675661829921 3.0474296951259308
2459313 zr 3.9688068196515576 -3.0224250374367156
2459313 zr 4.535479242592019 7.22642607626786
2459313 zr 4.673730032903864 6.773504174900854
2459313 zr 4.198169414504259 5.871406150022171
2459313 zr 4.267987940847955 -2.4544069491125353
2459313 zr 5.194813653195291 4.230451905781496
2459313 zr 4.391604118134392 2.019411690010276
2459313 zr 4.099207728222395 -3.4470674042627363
2459313 zr 4.2024245688376665 0.41728641631484076
2459313 zr 4.003738397267643 4.082096988999144
2459313 zr 4.177011713021302 11.04984188648935
2459313 zr 4.3237438797756225 10.740718412102911
2459313 zr 2.954826087155583 3.49004183532752
2459313 zr 4.2923974366125295 3.78579676076605
2459313 zr 3.714000326752305 4.378943525436728
2459313 zr 3.08546925789398 2.6060388494058375
2459313 zr 3.2057127887064376 1.289160426566116
2459313 zr 3.131275094132281 4.974279553841331
2459313 zr 3.2428079098317166 10.740718412102911
2459313 zr 3.862560339822397 4.378943525436728
2459313 zr 3.125512381533179 4.6763373773431915
2459313 zr 3.4644138404899993 6.622808098729212
2459313 zr 3.536007444273038 3.0474296951259308
2459313 zr 3.558878575349016 4.082096988999144
2459313 zr 3.5862613654973345 -1.1686890742719922
2459313 zr 3.9126885272466163 6.472250754874256
2459313 zr 3.7955548942614 1.5808574423011694
2459313 zr 3.771162762960825 0.5622643629069902
2459313 zr 3.887457849135508 -0.5938289745630353
2459313 zr 4.742593140490166 -0.8815237572023701
2459313 zr 4.3273615674125905 -0.30560375014543373
2459313 zr 4.89161093596974 9.050680405057552
2459313 zr 4.643694309590154 5.7215405543268965
2459313 zr 4.643183728421362 -4.152202477712063
2459313 zr 4.475727352420474 -0.16129191671113252
2459313 zr 4.353751356449639 -4.433348527581085
2459313 zr 4.873089970438132 -9.948868745536526
2459313 zr 5.304011166409556 3.0474296951259308
2459313 zr 6.1031103058200475 0.8526211525939577
2459313 zr 5.151930233923712 2.9001638804393397
2459313 zr 4.7846690913506675 5.42222313922797
2459313 zr 4.9817375713886385 2.165865928263759
2459313 zr 4.77766691602662 0.2724419378730435
2459313 zr 4.801543259382361 -3.588354319874395
2459313 zr 4.52963932833641 1.7269075710946598
2459313 zr 4.55474033308159 2.6060388494058375
2459313 zr 4.628624046557877 0.12773080470809683
2459313 zr 4.407813225562828 2.6060388494058375
2459313 zr 4.808569183059657 1.289160426566116
2459313 zr 4.531603538678449 -3.164102883064299
2459313 zr 4.653965758652303 11.51459608501138
2459313 zr 5.039297211842325 -0.5938289745630353
2459313 zr 4.911519456694996 4.6763373773431915
2459313 zr 5.185253260962345 3.9338786492387103
2459313 zr 4.9771513338856455 2.019411690010276
2459313 zr 3.714000326752305 4.378943525436728
2459313 zr 4.579980435091153 3.49004183532752
2459313 zr 4.888953074621639 3.9338786492387103
2459313 zr 4.857534220556642 2.9001638804393397
2459313 zr 4.4346936374085315 -1.598446432975447
2459313 zr 4.519099538242222 -3.588354319874395
2459313 zr 4.543841603761532 7.529070018901297
2459313 zr 3.7850818642073545 1.1435132921781874
2459313 zr 4.857534220556642 2.9001638804393397
2459313 zr 4.26481234700512 2.75303364013634
2459313 zr 3.5003636939180414 1.4349417687183919
2459313 zr 3.8305901986520094 -2.8806166415802577
2459313 zr 4.069114652613737 -4.573727462912483
2459313 zr 4.275857110723855 -2.169612194590638
2459313 zr 4.268742193822503 2.9001638804393397
2459313 zr 5.3565544701317425 -3.8705380603919193
2459313 zr 4.8530623259023775 2.75303364013634
2459313 zr 4.59214791919313 -5.83133659341571
2459313 zr 4.125342018318544 3.0474296951259308
2459313 zr 4.4366166759718615 -6.386936502343399
2459313 zr 4.0296348432228415 5.123456579670336
2459313 zr 4.061252206265504 0.5622643629069902
2459313 zr 3.6428554417118613 1.289160426566116
2459313 zr 3.6563009694991244 1.873092278994665
2459313 zr 3.7691371233095676 6.773504174900854
2459313 zr 3.260091316142351 -3.0224250374367156
2459313 zr 3.404315208347868 3.78579676076605
2459313 zr 3.5003636939180414 1.4349417687183919
2459313 zr 4.027726387486256 -0.7377426100498038
2459313 zr 3.894711356430452 5.7215405543268965
2459313 zr 3.8553667105548954 -1.8842923452623492
2459313 zr 4.581966475101161 -1.4553259001871024
2459313 zr 3.639501792507072 1.1435132921781874
2459313 zr 3.6664176727340747 2.3124551179937956
2459313 zr 3.4364748563258707 -1.4553259001871024
2459313 zr 3.562157933619628 4.230451905781496
2459313 zr 3.608387508000702 6.321832015618629
2459313 zr 4.050046040738142 0.12773080470809683
2459313 zr 5.796447681155402 0.41728641631484076
2459313 zr 6.019372493174734 -1.3120734877934237
2459313 zr 3.659670098445327 2.019411690010276
2459313 zr 3.7331485941024503 -1.0251725379901697
2459313 zr 4.42653214915562 -1.8842923452623492
2459313 zr 3.673177687969024 2.6060388494058375
2459313 zr 4.106387793462163 2.3124551179937956
2459313 zr 3.8590044280879297 4.230451905781496
2459313 zr 3.887457849135508 -0.5938289745630353
2459313 zr 3.5272962577703932 -3.7295111653361457
2459313 zr 3.562157933619628 4.230451905781496
2459313 zr 3.5468427765296386 -2.8806166415802577
2459313 zr 4.051965072185735 6.021409840616702
2459313 zr 3.671768374821805 -3.588354319874395
2459313 zr 4.925109252827918 5.123456579670336
2459313 zr 5.584758910382763 11.51459608501138
2459313 zr 5.4611678587462515 -0.8815237572023701
2459313 zr 4.422457039324997 -2.0270179672453534
2459313 zr 3.9198161065799493 0.7073759006338097
2459313 zr 3.851817421347578 -2.0270179672453534
2459313 zr 4.1904432189287135 5.571812926400316
2459313 zr 4.271920713842713 -2.312075148262448
2459313 zr 4.584200696165289 3.6378511979636587
2459313 zr 4.2805534747650835 3.342368547471341
2459313 zr 4.797122910567735 -3.7295111653361457
2459313 zr 5.263851793712478 -2.4544069491125353
2459313 zr 4.877315457076375 -1.1686890742719922
2459313 zr 4.5631382071895725 2.9001638804393397
2459313 zr 4.441195865497315 9.356687845294989
2459313 zr 4.436323254353505 3.6378511979636587
2459313 zr 4.371426530054233 1.289160426566116
2459313 zr 4.148202608769876 3.9338786492387103
2459313 zr 4.140568370729938 3.6378511979636587
2459313 zr 3.873247746852356 4.825239861875691
2459313 zr 3.5468427765296386 -2.8806166415802577
2459313 zr 3.748365548664518 5.871406150022171
2459313 zr 3.4231802273934817 4.6763373773431915
2459316 zr 2.504671939693402 3.034411899165716
2459322 zr 4.05377798935592 0.23433710446687628
2459324 zr 5.065016284345389 4.779045341231318
2459328 zr 6.470984871984788 6.410272530276215
2459334 zr 5.603837402270299 3.1101345265077045
2459339 zr 3.012459547017761 -1.2714759561907394
2459341 zr 2.943960133670692 2.790347648790571
2459343 zr 3.1082877989263142 3.6690664120267376
2459345 zr 3.0180881808547206 6.800807989017866
2459349 zr 2.7660213623053744 1.0067132521603395
2459352 zr 3.2985616828247752 5.7249383495998885
2459358 zr 10.393463079584729 1.8543128196260898
2459361 zr 8.871872372462509 -8.899606588515294
2459367 zr 3.5435775175460336 -3.213794241583293
2459371 zr 2.87694741963304 -0.9401748131405516
2459375 zr 3.6765623681078616 2.539898178197119
2459377 zr 3.253303719859237 3.4194953385626463
2459379 zr 3.649572013712885 1.3573667637922315
2459383 zr 7.066425536501375 6.088322845384525
2459385 zr 6.648358696100061 3.2516462553080006
2459390 zr 7.9226766855238315 14.870433057950619
2459392 zr 6.15391111759773 1.9109901626594197
2459394 zr 5.386237826669971 -3.2818369486803247
2459396 zr 3.1414099123039887 -2.1481660407810708
2459399 zr 3.3583134103333134 16.442122318200752
2459401 zr 3.326823533463474 -0.1469799711943981
2459403 zr 3.135628547864161 -2.448533959371323
2459405 zr 3.615040529206956 6.3397443761161485
2459407 zr 3.738022727617709 5.135085358197404
2459409 zr 3.4112470307227385 -2.887752770993832
2459411 zr 5.997384877863229 5.576319516327918
2459415 zr 6.482680314500569 2.744652684885755
2459423 zr 7.717419446042552 7.060262679677789
2459426 zr 4.1865854549318335 5.09956271365949
2459428 zr 3.90908646700076 5.995746643253407
2459430 zr 4.707776848313707 -2.3564721410063036
2459435 zr 4.367402151008486 0.8058767480309956
2459438 zr 4.4346936374085315 -1.9408325413800243
2459440 zr 8.157440985267684 -7.147782902842111
2459447 zr 11.386413409852642 -4.6487885035470295
2459450 zr 8.996839148598733 17.153744926379442
2459465 zr 6.691803293274478 -5.932993909814307
2459487 zr 9.264765371633686 -17.613830491238897
2459601 zr 6.515000340036299 -0.20995441679346527
2459637 zr 4.556414063587827 7.489027327945124
2459673 zr 3.668708201977305 8.546224048367012
2459678 zr 3.3607001468302395 1.22135296504086
2459684 zr 7.231023731975621 9.617363142096897
2459696 zr 3.375395054640402 9.154106588431508
2459698 zr 3.7503800250909114 -0.8151244153742689
2459700 zr 3.649572013712885 1.0709750437244
2459702 zr 3.5262505804502626 2.0958006474021182
2459717 zr 7.216775016001404 5.809104748773747
2459727 zr 4.304274169790384 3.7162286604325385
2459730 zr 3.1777609483704627 6.863029905109596
2459732 zr 2.740662326027974 -0.8205298793821123
2459736 zr 3.3607001468302395 1.2114396767838158
2459738 zr 4.012914995449822 -1.827805622094919
2459743 zr 9.438041940665768 2.6784572710404455
2459752 zr 3.87673123233716 -1.5426369606100625
2459760 zr 3.4453215845346303 5.203172611874818
2459762 zr 3.6853206182478746 -3.541009679180126
2459764 zr 2.817445538817971 3.5632992003315858
2459766 zr 3.8519024224291702 3.414871207779978
2459773 zr 6.4261553364244 8.683899135890798
2459773 zr 12.160304174065438 -10.739061298640465
2459775 zr 5.501785482411862 4.007662820847596
2459777 zr 3.3949217213654106 2.8222679602751755
2459779 zr 3.539265727749663 2.6745423260066232
2459779 zr 3.4810733196561463 0.041975479790330984
2459782 zr 5.156677522898181 2.5268641399368175
2459786 zr 3.8911258461480913 5.050888985674723
2459789 zr 3.941624755821021 7.159416116504713
2459794 zr 6.59104998780538 5.199934424888435
2459798 zr 6.630575420004292 13.966118360512969
2459806 zr 5.1689749764495465 -1.5477209964082426
2459808 zr 5.161429186301592 2.6721345829150316
2459852 zr 11.866674234806275 5.646144873908087
2459859 zr 14.579523198455862 16.506931803808115
2459860 zr 16.51730368136311 16.667172143622686
2459933 zr 13.440812856626806 -3.8340729980040433
2459933 zr 6.743291491428455 -11.017749713833094
2459933 zr 10.59802132519764 0.1789532012776678
2459936 zr 7.250086135961623 6.546812849649922
2459936 zr 9.351513452049364 1.198407385087376
2459936 zr 11.683876232013994 -0.8341039361527176
2459936 zr 13.661274820234718 -16.184249282687336
2459937 zr 6.464792730825481 2.0775132585080014
2459937 zr 9.988850683844754 -14.745819053774161
2459938 zr 7.681961124564781 6.094257312033387
2459938 zr 6.812366568165727 -6.498979313627307
2459977 zr 7.5221703831884 12.700336502023939
2460016 zr 6.268320867235532 4.593463208208662
2460043 zr 6.8119575557317535 -9.52857444624549
2460045 zr 4.1673498420442385 4.146004406231031
2460049 zr 3.403491025424764 10.519468140929403
2460053 zr 3.6867351330725655 2.6644180149950705
2460055 zr 3.3607001468302395 1.1964751363586517
2460059 zr 3.891039979511497 -0.9802527035443707
2460063 zr 3.3421794531871685 0.32211485827013436
2460067 zr 8.883350228258438 11.761504382210173
