jd filt fluxerr adjflux
2458207 zg 7.363166454891445 8.51906589096351
2458207 zg 7.627003410395721 10.166564377818952
2458210 zg 12.957337808302746 12.97777621029604
2458233 zg 5.023038836162578 5.340653303780173
2458236 zg 11.835664723215155 11.252219337780174
2458236 zg 10.873940387784343 14.238462051657146
2458246 zg 3.230823035113131 7.2410147490109065
2458262 zg 5.291294333531765 -0.04646569543443131
2458269 zg 9.405095122461097 0.40333810449611346
2458272 zg 3.093949142822342 0.3002845879590962
2458275 zg 2.506429710422491 5.033094183501997
2458281 zg 3.2797590387029403 -0.45935792679668097
2458284 zg 2.6432115574865827 0.6973162039943497
2458288 zg 3.382791860248597 1.054857228929537
2458295 zg 8.678670087296018 -1.7940021488734148
2458298 zg 6.656898471032239 -1.770415906968398
2458304 zg 2.6849235525393436 0.4088156051529396
2458307 zg 2.9889910165417044 -3.807276195260916
2458334 zg 3.4203872345867996 -2.4062020982523022
2458337 zg 3.180630144395803 -0.7375703437333229
2458345 zg 4.009589636826489 1.641042525404503
2458363 zg 3.639652830349385 1.6788704383472788
2458494 zg 3.4185500102502946 -0.03740476373770939
2458527 zg 5.5075012631232125 -3.4200461099753605
2458541 zg 3.3376587982488397 -5.372000366813943
2458560 zg 4.393088711949223 -1.5661549971650615
2458568 zg 5.404579632917972 -1.6058106779133374
2458574 zg 3.030572023536287 -0.02867725242478339
2458581 zg 3.6127835069550436 2.5969370470594466
2458584 zg 3.2130180894071763 2.394505038527932
2458587 zg 7.692056727038144 -9.285246064907334
2458591 zg 14.495244131868443 7.256410287890586
2458606 zg 2.6286449168012513 -0.1277326011863511
2458617 zg 5.083543403898055 -7.934527062453014
2458636 zg 2.581401332467836 -0.26887208727795403
2458639 zg 2.7984736607138188 -0.2870802555078319
2458642 zg 2.6100902833168984 2.186597312990531
2458645 zg 5.641135556742412 -2.5360920168810805
2458650 zg 9.866883974240361 1.564621691564537
2458657 zg 3.2071049392468463 -5.189623338108833
2458665 zg 2.887494885640746 -0.7503281495399066
2458674 zg 5.3272570525190295 7.290334787064297
2458677 zg 11.159235050790999 11.931624728268424
2458684 zg 2.9561373574518552 -1.6977393211528062
2458692 zg 2.8062168218409904 0.9241538665499335
2458705 zg 10.421998820444834 -2.3785813736469867
2458714 zg 7.033958260344627 11.9650044759045
2458720 zg 4.520805980572281 -7.140918604296371
2458723 zg 4.707279364474995 -6.83310875160895
2458726 zg 4.39189458199684 -3.471473253563075
2458729 zg 13.402111433080742 9.439088677758416
2458734 zg 6.704141410818527 2.6080078290343667
2458893 zg 6.049989284199658 -2.025264581039771
2458913 zg 2.7197684065274577 -0.5005897933904107
2458915 zg 5.076471125127066 -1.2891251325341881
2458943 zg 4.670687875409187 -0.255584471352449
2458954 zg 3.490323594587873 3.6231607908254775
2458963 zg 2.6676688929045786 2.7866077175892663
2458969 zg 28.303510484918622 1.0041832405325086
2458972 zg 4.906479326615731 1.404527355468048
2458975 zg 10.709351973763598 8.192282794131895
2458986 zg 2.6076874080606234 -1.010252936540375
2458992 zg 2.7222745597522158 5.8244623379270575
2458995 zg 3.1019140860570893 2.471510277506532
2458998 zg 2.7856158421900847 -0.7356595369616181
2459011 zg 3.3223236490478842 2.5683511974026487
2459017 zg 2.541297620946054 3.3414954696741304
2459020 zg 2.414206606523325 -0.3383644992058532
2459023 zg 2.548329195774621 1.3887033258645478
2459026 zg 9.259765083680588 8.821773495928342
2459033 zg 8.022202463061893 9.585260402536823
2459036 zg 5.621934554817378 6.434588502038739
2459039 zg 2.6221379126723745 0.8638361751751602
2459042 zg 2.895484361642351 -0.42020557086244303
2459227 zg 3.4629158454881708 6.532754483469015
2459229 zg 3.333306712722228 4.67001964316235
2459248 zg 5.711513653707661 5.817446003292128
2459256 zg 2.4995137483518923 8.124654623203515
2459269 zg 2.6750501273116356 8.387356930962756
2459270 zg 7.4455312156517595 12.799187881491736
2459279 zg 5.130580851880199 5.233137137677083
2459292 zg 3.1421706301624606 14.47221490996426
2459295 zg 6.502873002717924 10.981123512540538
2459306 zg 5.087278641561362 12.03883998776509
2459308 zg 3.3489847555450716 14.073003141372693
2459310 zg 3.003514721553935 12.799551646357695
2459312 zg 2.752461314134016 13.063761800791388
2459314 zg 2.575917351878245 16.360100011126757
2459316 zg 2.339776819510319 12.666648048592391
2459324 zg 3.093355010940711 11.468050550779743
2459336 zg 4.22885879220927 16.188987117385246
2459339 zg 2.765166098309453 12.715779656230318
2459341 zg 2.4208865303014258 16.99786757882985
2459343 zg 2.8321824263999513 18.502474650939842
2459345 zg 2.813981407698751 18.064063627307377
2459349 zg 2.3832765183218623 16.822264035724174
2459352 zg 2.679982293046429 15.222445647417132
2459358 zg 12.251272928713146 27.166041368057428
2459361 zg 8.837939406356014 5.428746876887166
2459363 zg 4.938123193551275 13.913395945850736
2459365 zg 2.699802061389073 16.940714302121112
2459367 zg 4.161631506435983 12.694499409805434
2459369 zg 2.6213917277466816 19.25287953406145
2459377 zg 2.8557568268538307 21.603968643339215
2459379 zg 3.3243992116686436 18.36240802683553
2459383 zg 5.71966225471954 7.924248496888998
2459390 zg 6.746400275252999 25.899170054055446
2459392 zg 3.7227656078258797 24.090662608820303
2459394 zg 3.168325297333391 20.994053110739504
2459399 zg 3.1191033487222657 24.58221049879168
2459409 zg 3.3121742054808947 20.86628754455451
2459411 zg 4.506630039947582 25.246088956638822
2459419 zg 10.601810111095977 26.267102782407793
2459428 zg 4.242441562260427 24.096131615714015
2459435 zg 3.503283445866759 24.227779056641914
2459438 zg 4.321314439641324 25.721914569350695
2459440 zg 7.1494413044972065 21.91553312471328
2459443 zg 12.827538336368121 10.361223627855967
2459453 zg 3.6649300763563306 28.81869475374121
2459455 zg 4.594644423510708 30.388540546246453
2459641 zg 2.6021475848066133 51.55095544376005
2459682 zg 5.751148815129325 48.08652585318919
2459684 zg 8.524047565560332 63.88783045177583
2459696 zg 2.9650345952047443 47.20884289949731
2459698 zg 3.009052499049149 49.948283712710015
2459702 zg 2.912893522393387 53.24919789191426
2459710 zg 5.601260688550473 56.58934904526961
2459712 zg 8.285021093054352 52.143965814797596
2459723 zg 3.313156400412295 54.13570586997307
2459725 zg 3.087662085420245 50.36599669556334
2459734 zg 3.2757682606015415 56.939262571701484
2459736 zg 3.464776913264728 56.56874006562759
2459738 zg 4.39189458199684 53.06642116443175
2459750 zg 3.480769596857774 54.169338116347426
2459755 zg 2.96978226752798 59.79580786980352
2459760 zg 3.3091249847341153 57.75000780985678
2459764 zg 3.3987026540088365 59.472549867582224
2459766 zg 3.675070655665491 60.645232508628844
2459771 zg 7.296182504439263 63.547101885752674
2459784 zg 4.002210498289414 59.67530989289646
2459791 zg 5.586784509015439 62.1547394039161
2459794 zg 4.530862117346183 60.72605957862086
2459798 zg 9.121225218465733 47.50316313404885
2459806 zg 3.827063718949716 60.29149746503017
2459810 zg 5.605371869726391 56.0509105020225
2459812 zg 6.9936721986485635 61.6963667060934
2459815 zg 4.108313936511246 62.84314099676943
2459970 zg 3.9071488814692503 -5.310030603191631
2459988 zg 6.643543559532847 2.255878911284551
2459993 zg 3.688635087582019 -0.008822034054457861
2460016 zg 8.517566269744322 -3.0275609176710883
2460045 zg 4.483979545102943 0.7170795394212836
2460049 zg 3.2272288624177916 6.239528746123205
2460051 zg 2.6659716689538278 -2.1907693196797418
2460055 zg 3.1888182358547756 3.1472844724102234
2460057 zg 3.6530865375193455 6.281149647479207
2460059 zg 3.1466028929516856 -4.27935966798701
2460061 zg 3.487110367729226 1.1656177982562355
2460063 zg 3.3101062754470316 -5.257472873985536
2460067 zg 9.89463934398509 -2.671788728508743
2458198 zr 3.6667658250299517 -2.0980780520497393
2458198 zr 3.91782723782736 0.35862419850062965
2458219 zr 4.512250357253882 -0.007388498488869678
2458219 zr 4.596139354642908 1.4132791045688673
2458224 zr 6.083197610657085 5.328925559709493
2458243 zr 5.029801549335349 -1.8352307937166121
2458257 zr 4.413602205774879 -0.9373035861310519
2458257 zr 4.1689814681760335 2.2628039576141616
2458262 zr 6.010795112509826 5.077755786391712
2458272 zr 4.893526129205771 -3.70991876923727
2458278 zr 4.270020545013154 -4.947211559604674
2458281 zr 3.9613688412376655 -0.6009436168699333
2458284 zr 5.090387576731109 -0.565170529701737
2458288 zr 3.9395378847374425 2.651656287392522
2458291 zr 6.060827514980681 0.4302570777066985
2458295 zr 7.713922599745443 -14.239582763603343
2458304 zr 5.0865335290682445 0.7395947373780852
2458331 zr 4.947911369049578 3.948093014325384
2458337 zr 4.642941246697253 2.5352893296177506
2458473 zr 6.4642958379919015 -4.266802474557371
2458473 zr 6.828488931153327 -2.95363899909789
2458473 zr 7.636830836557488 -1.8336394496853896
2458473 zr 8.893238926874757 6.507803136442659
2458477 zr 9.87761073798519 9.942167743118832
2458477 zr 7.569059820584911 -5.623478435742957
2458477 zr 7.896632694263568 2.2470536963666308
2458477 zr 8.021247881778036 0.5248548494366331
2458482 zr 7.3456421078060155 -11.173855786785703
2458482 zr 7.211569029499537 -3.705069759483429
2458482 zr 8.991314394197891 -11.46641921209879
2458494 zr 4.975330229084699 9.826350106259673
2458542 zr 4.458922917087842 4.704796944320379
2458560 zr 5.556156040116669 -3.4945298280948087
2458574 zr 6.5301209256736685 -8.098867295204593
2458581 zr 6.778359675130708 -1.779791916989497
2458584 zr 4.970749890245205 1.2114301406506292
2458591 zr 9.124796415985626 9.876194713744153
2458597 zr 4.7162105776230865 -1.4379354826721618
2458606 zr 3.994342315876289 -3.6609359944661843
2458617 zr 4.711868786929941 -0.2196282758032329
2458628 zr 4.353413950449112 1.1960185790761984
2458633 zr 4.09869197324345 1.171255584058103
2458636 zr 4.389650713608414 0.9177868562405298
2458639 zr 3.968672677327363 -3.133414190241359
2458642 zr 4.031301510276361 -3.1950408441936853
2458650 zr 8.860535303155748 23.156597110043045
2458653 zr 5.979371400854171 -2.9458543062896867
2458657 zr 4.475001528547674 -0.6170455639380701
2458660 zr 3.728062417683904 4.466363313964158
2458668 zr 4.353413950449112 -9.864264797474728
2458674 zr 5.281421758385531 5.695106015606267
2458684 zr 5.816416930112271 1.902022610756011
2458692 zr 5.834107591607667 -1.1096077117056549
2458698 zr 6.072002261012023 0.1848602261097211
2458720 zr 5.628263659631559 16.379650717925173
2458723 zr 6.822202555852303 10.533634361876333
2458758 zr 13.224229710833423 3.6090742219716523
2458758 zr 9.925901777532077 3.2054811557121567
2458758 zr 8.516476654919918 2.711585251825244
2458758 zr 8.951584731299079 0.8105183719645007
2458850 zr 6.265156510281063 -12.03699144645075
2458899 zr 4.357425439951102 -1.236585730754008
2458912 zr 4.0090851574354 -3.4121113185332343
2458916 zr 4.642941246697253 0.6132935263821018
2458943 zr 5.170717969058522 9.476311073197188
2458966 zr 4.005394353486327 7.527906873034427
2458975 zr 9.54603854569686 -3.5706799892954626
2458978 zr 7.766796703508134 -5.516004930659484
2458981 zr 4.575022012514094 -3.7954625334332004
2458986 zr 3.7109335267871835 -4.815540574894591
2458992 zr 3.697287095525841 -1.4583049129245613
2458998 zr 3.7903836932465125 -0.21523336245176894
2459001 zr 6.139484745130459 -8.569833011883457
2459008 zr 5.930011422252105 -3.706293491168015
2459011 zr 3.91782723782736 5.407319676677122
2459014 zr 3.7418224385333834 -1.1961084680595668
2459017 zr 3.932287667519046 2.5118476204411095
2459020 zr 3.7006939914788304 0.16456475388753455
2459036 zr 6.25362628847951 -5.345353314257063
2459039 zr 3.4142444655766635 -0.680049605268264
2459042 zr 3.7556332466692783 -0.1479827032085722
2459045 zr 3.7660247946662406 5.312522489845655
2459120 zr 9.356209264491117 10.229045915603068
2459120 zr 9.265388258160677 7.2473777299837145
2459120 zr 9.671635637227928 3.1928174024209373
2459120 zr 9.732472464306015 -8.331352461541593
2459122 zr 11.922351459522496 25.22402291672966
2459205 zr 5.968367130111258 10.569859590816744
2459205 zr 5.335201792443841 8.716345046156032
2459205 zr 5.133598644337942 4.2383980591691985
2459205 zr 5.233001392660111 4.975485338965671
2459205 zr 5.821776515881017 0.9278326182961076
2459225 zr 5.54593064328876 3.731077051114234
2459227 zr 5.701307089579867 -0.16778696517480718
2459231 zr 4.401796539114882 2.1832467802436577
2459248 zr 9.31673242439023 -6.2457140547503505
2459254 zr 3.762557754521498 2.9366691052178933
2459255 zr 4.516790679409504 8.374191807243996
2459262 zr 4.301599417097543 2.060368430133018
2459265 zr 3.9650190775122147 1.8992231846489487
2459268 zr 4.685901853113668 -2.682527959544
2459272 zr 9.577752777556539 -3.484965341968361
2459283 zr 4.250401582708416 6.566300600788712
2459291 zr 3.9723296437824476 1.7614752312457669
2459295 zr 5.325383033738904 -0.852241019610525
2459297 zr 5.5510409872182445 11.578984185600003
2459306 zr 5.242649821261677 11.220970220213125
2459308 zr 4.418043266065084 15.043544041745758
2459310 zr 4.04618076566888 6.435151944866984
2459312 zr 4.04618076566888 8.135980790688432
2459313 zr 4.613103387500032 10.35213565158592
2459313 zr 4.979914788515545 8.831682679827582
2459313 zr 4.596139354642908 -0.07421807265500568
2459313 zr 4.844198285174343 4.6579918519270205
2459313 zr 5.597246507720286 -1.529552122046466
2459313 zr 4.984503572426797 3.140761239956173
2459313 zr 5.030624616131293 10.921983342079491
2459313 zr 5.035260127035092 9.141024656793071
2459313 zr 5.091220557704992 -6.278464345169217
2459313 zr 5.204162516416243 4.508404574402923
2459313 zr 4.943356272287246 4.302051084506074
2459313 zr 5.049192304074381 3.975287139561855
2459313 zr 4.8438779075974 7.232781620294599
2459313 zr 4.737979616558141 12.535926076215004
2459313 zr 4.711868786929941 6.363809877373429
2459313 zr 4.016476971233387 5.982223187760614
2459313 zr 4.8438779075974 7.403001064173003
2459313 zr 4.317476323391968 10.753100348802775
2459313 zr 4.027590253730354 6.801537825174522
2459313 zr 4.246488620441315 10.162987222098023
2459313 zr 4.057376236277755 14.389586139410687
2459313 zr 3.762557754521498 -1.0746448638094988
2459313 zr 3.6769114837143264 11.010527132947942
2459313 zr 3.7246303260836333 0.8893700401014666
2459313 zr 4.038734285824229 -1.4741431815432762
2459313 zr 4.064857087511681 0.5582090552054924
2459313 zr 4.345402047097572 1.4517693344392875
2459313 zr 4.21143366677029 7.073448717988962
2459313 zr 4.381572121114158 -1.4290720097638072
2459313 zr 4.273955190967929 11.185504606047369
2459313 zr 4.3135016114468145 8.65901027075273
2459313 zr 4.943356272287246 7.965178619814408
2459313 zr 5.305799693593989 0.9063027968258126
2459313 zr 5.007510995559038 7.592636741303851
2459313 zr 4.947911369049578 7.952195551402472
2459313 zr 4.957034158437359 -4.807957938159259
2459313 zr 5.049192304074381 5.850374104488267
2459313 zr 4.989096584711177 0.7275218091504376
2459313 zr 5.1659577543086925 7.8435959138021705
2459313 zr 5.365058156785122 2.3027176706747756
2459313 zr 5.9190979922568205 10.562185767863397
2459313 zr 6.105650272811328 4.269612607968078
2459313 zr 5.643836631782246 1.1117209787453213
2459313 zr 4.961601858801675 2.760264899181249
2459313 zr 5.571529496036703 6.38279003424172
2459313 zr 5.434685713940015 -2.4175328009360886
2459313 zr 5.233001392660111 8.603134943306372
2459313 zr 5.281421758385531 -1.0678644133584507
2459313 zr 5.132758729832236 -0.018722744797920576
2459313 zr 4.961601858801675 6.7412411411597155
2459313 zr 5.072498316825273 3.609919142054409
2459313 zr 4.975330229084699 8.932918592621395
2459313 zr 5.066999370297061 -6.358171964361386
2459313 zr 5.189802731889629 9.91904223748804
2459313 zr 5.592093626525855 7.701770241682381
2459313 zr 5.3697102320992265 -1.4201607243969656
2459313 zr 5.6334498700039175 14.678388656417527
2459313 zr 5.257155829615177 14.66457586303632
2459313 zr 5.247480704554632 10.824437064684407
2459313 zr 4.979914788515545 18.382687848496637
2459313 zr 5.38456780682543 7.762753756127563
2459313 zr 4.668670114233324 6.875210520950688
2459313 zr 4.844198285174343 5.593695042144991
2459313 zr 4.975330229084699 9.526286302870522
2459313 zr 5.204162516416243 4.85387414651315
2459313 zr 4.389650713608414 7.100158097682427
2459313 zr 5.0167436726953305 5.130083435746078
2459313 zr 4.579237704608495 12.95724447939442
2459313 zr 4.446619463437378 1.4668955919163755
2459313 zr 4.566602267777507 4.691045621810914
2459313 zr 4.817502088409931 13.349408424197783
2459313 zr 4.929716127367787 9.737653965080723
2459313 zr 4.947911369049578 7.525003468044178
2459313 zr 5.773717490109715 13.007515460500526
2459313 zr 5.469540598762347 8.587341674401658
2459313 zr 5.118595968935552 9.927809658836718
2459313 zr 4.690219716359632 9.304764940279096
2459313 zr 4.966173768111511 1.800470782916701
2459313 zr 4.385609557196744 -2.841841260824106
2459313 zr 4.258238327459959 2.105001835910252
2459313 zr 4.341401626451466 6.6644668333102555
2459313 zr 4.117610675807682 3.0943548174022193
2459313 zr 4.345402047097572 2.9142906566543085
2459313 zr 4.989096584711177 9.743779744541186
2459313 zr 4.129003787477565 1.9269874599079344
2459313 zr 4.270020545013154 8.25775573946881
2459313 zr 4.44252586102406 4.439283229542295
2459313 zr 4.329422447918381 6.778624762513349
2459313 zr 4.393695593777281 4.677512885116904
2459313 zr 5.0167436726953305 11.629655374663491
2459313 zr 4.385609557196744 -2.3826965642393247
2459313 zr 4.4507168379347135 8.559538822115076
2459313 zr 4.0798601942217605 6.732781194701871
2459313 zr 4.608856518318795 9.041036692726705
2459313 zr 4.236871390306335 3.435033890645092
2459313 zr 4.566602267777507 12.022621977081434
2459313 zr 6.440524307683027 0.18198833586398333
2459313 zr 6.238145927545443 10.712769887661695
2459313 zr 4.242579260486477 -0.06891003542518881
2459313 zr 4.579237704608495 6.3402931055697085
2459313 zr 5.030624616131293 6.349936400401751
2459313 zr 4.26216211659234 8.116916153713449
2459313 zr 5.002901030783608 6.31271727670417
2459313 zr 5.007510995559038 17.007948752169877
2459313 zr 4.3374048886326895 5.267449789236383
2459313 zr 4.042455811131318 8.500941819488068
2459313 zr 4.2857808958722 4.4513617632266
2459313 zr 4.409912420697836 13.330064143597024
2459313 zr 4.353413950449112 9.841548243450813
2459313 zr 4.638666908483979 7.023223629396099
2459313 zr 5.652694698539648 9.430247427117807
2459313 zr 5.940944974055534 6.789433005909006
2459313 zr 5.897331349632419 8.422573866782281
2459313 zr 5.175482570147842 13.85872994575927
2459313 zr 4.630130033430557 3.215441237827
2459313 zr 4.596139354642908 6.473525259549591
2459313 zr 4.943356272287246 10.272166523107828
2459313 zr 4.23477133425128 -1.7142644929970565
2459313 zr 5.0167436726953305 11.167751255746534
2459313 zr 3.9759899799796887 6.759580657025457
2459313 zr 4.434349958562119 1.201662369027538
2459313 zr 4.377538401935657 1.7208272923666206
2459313 zr 4.562398207992813 6.904479395350483
2459313 zr 4.600374505487876 8.693868889558148
2459313 zr 5.128033460738222 8.995945150042587
2459313 zr 5.27170197497678 7.314421276658061
2459313 zr 5.162046490753719 16.85911471309927
2459313 zr 5.330290152238788 0.565863516522155
2459313 zr 5.223370720761302 -7.238867817417233
2459313 zr 5.897331349632419 6.66262003658515
2459313 zr 5.394495688386359 9.656162811201392
2459313 zr 5.257155829615177 11.359954508321504
2459313 zr 5.266848793339695 10.073480697570812
2459316 zr 3.3767166098217523 14.118855206681523
2459322 zr 4.7075309933328 2.4942381581137667
2459324 zr 5.354893653704515 4.3793316885061415
2459328 zr 6.399291957343795 18.68002052581491
2459334 zr 6.072002261012023 10.252349782013164
2459339 zr 3.49377243555794 7.262993225586057
2459341 zr 3.7764450952763187 9.047889274584398
2459343 zr 3.9613688412376655 13.776245438914057
2459345 zr 3.7383776793200973 6.459761171663898
2459349 zr 3.7764450952763187 9.461790904764847
2459352 zr 4.04618076566888 6.42163313843232
2459358 zr 10.046524989110518 9.480957379550075
2459361 zr 8.52432423318468 12.583166464133164
2459367 zr 4.273955190967929 5.00745384365775
2459371 zr 3.653281814222006 6.804681654581152
2459375 zr 4.273955190967929 6.192229297058125
2459377 zr 4.038734285824229 9.23526980601744
2459379 zr 3.9468014696578146 8.469326763769473
2459383 zr 6.955440018695641 12.866349903172452
2459385 zr 6.428829746949112 9.733992984077732
2459390 zr 7.352410810836822 0.7832176458676656
2459392 zr 6.139484745130459 6.892243817304161
2459394 zr 5.763091699170356 10.804692117816291
2459396 zr 3.957721965407173 12.549003435572548
2459399 zr 4.020177987352782 11.632902436934923
2459401 zr 4.422114308787598 16.314290389194667
2459403 zr 4.094918676362276 7.469237058622884
2459405 zr 4.277893462534944 10.841432364051004
2459407 zr 4.409912420697836 13.475353444251454
2459409 zr 4.357425439951102 18.581337973470617
2459411 zr 6.158224680030315 14.137699127440932
2459415 zr 7.06691332808882 0.5703836987814963
2459423 zr 7.9770430827293755 22.862013219487984
2459426 zr 4.664372089766906 12.33942188557849
2459428 zr 4.28183536305505 12.88489527426756
2459430 zr 4.984503572426797 16.869198434817374
2459435 zr 4.844198285174343 6.493076487357752
2459438 zr 4.970749890245205 10.89000437200707
2459440 zr 8.481363816473893 9.547708450221057
2459447 zr 11.096090068055286 25.16466945994572
2459450 zr 8.804403278467433 -5.3637071388448
2459465 zr 6.4762144850879535 16.0946769767995
2459487 zr 8.845042557527249 15.814248023865186
2459601 zr 6.5301209256736685 29.593273135180556
2459637 zr 5.374658196264814 28.435178042373927
2459673 zr 4.3135016114468145 19.497846073059158
2459678 zr 4.083619615339281 17.96828672297987
2459684 zr 7.525115509042996 21.084415858427494
2459696 zr 3.9613688412376655 27.251103182664078
2459698 zr 4.55819801850767 27.80251582470914
2459700 zr 4.072351731682691 21.066846757183423
2459702 zr 4.475001528547674 26.370444592787756
2459717 zr 7.293116829612272 35.60958060792021
2459719 zr 5.454744763482612 24.199859043210765
2459727 zr 5.01212520822485 31.310900242377297
2459730 zr 4.087382500606675 28.450537175687277
2459732 zr 3.697287095525841 23.205361376075466
2459736 zr 4.0798601942217605 26.90458547141685
2459738 zr 4.625867489348537 18.789678052170956
2459743 zr 9.639702318851606 16.103702742343245
2459748 zr 4.975330229084699 31.661869339842163
2459750 zr 4.920643613333367 26.755004328404393
2459752 zr 4.737979616558141 27.437486457758805
2459760 zr 4.012779362306483 23.52263519845542
2459762 zr 4.23867349952755 31.33799938126233
2459764 zr 3.6836908470782754 30.301017578522508
2459766 zr 4.258238327459959 29.404440716065075
2459773 zr 11.718864306349628 25.49927880169231
2459773 zr 6.860007803977869 26.397546350309288
2459775 zr 6.001440847640311 33.14263940772812
2459777 zr 3.7418224385333834 32.18678686069305
2459779 zr 4.293682871788684 26.90442524498821
2459779 zr 4.020177987352782 29.11489016116328
2459782 zr 5.469837622209203 36.510060151911844
2459786 zr 4.353413950449112 28.035910621790848
2459789 zr 4.630130033430557 27.568775143845677
2459794 zr 6.322971491038035 26.08703112861879
2459798 zr 6.614868631046754 23.508199176154516
2459806 zr 5.291159462797768 24.334141445874145
2459808 zr 5.6960584091715525 29.274650669267274
2459852 zr 11.431034238376501 28.143235470970186
2459852 zr 12.211300545622656 20.001680161493375
2459859 zr 15.180005652530056 31.520059174304535
2459859 zr 13.346592001799685 6.534438893312551
2459860 zr 14.356869759136673 22.66762427107415
2459860 zr 14.95351071728039 12.203109854696237
2459933 zr 6.828488931153327 14.885714485009593
2459933 zr 7.828440893666138 2.327956835667847
2459933 zr 13.224229710833423 -0.5173906935288474
2459935 zr 11.024781051744592 -10.063275649347249
2459936 zr 12.284864892420806 5.193075983274422
2459936 zr 12.04768636235269 -0.3567176627097738
2459936 zr 7.021497813733027 -3.2262869246029777
2459936 zr 9.69732402396909 8.547714297550419
2459937 zr 6.666910266478749 -4.794690478940811
2459937 zr 9.932347536223022 7.884347816187954
2459937 zr 13.898578505686622 1.4266413781128604
2459938 zr 7.0392211530781745 5.913963997296316
2459938 zr 7.969699336973021 8.736999520219042
2459970 zr 5.007510995559038 6.537495594897733
2459977 zr 7.8531146448832345 -3.1332548124700876
2459985 zr 6.995677252255647 -0.7159594527420594
2460016 zr 6.410932786451895 -0.8161230099585421
2460032 zr 4.357425439951102 -2.1799773765100245
2460043 zr 7.178434879568337 2.603998644276303
2460045 zr 4.554001695759017 1.5703763668668604
2460049 zr 3.932287667519046 1.6352068008694887
2460051 zr 4.020177987352782 2.9102281465061504
2460053 zr 4.176668093311163 -2.096648521601521
2460055 zr 3.9468014696578146 1.4084812846974235
2460057 zr 7.272993017976817 -9.545361044268285
2460059 zr 4.604613558847844 1.462591573647377
2460063 zr 3.759093906168638 -2.311003315661316
2460067 zr 8.346414076746232 0.4518766178581932
