jd filt fluxerr adjflux
2458204 zg 4.669662849489655 9.914810505948811
2458207 zg 7.848320531200703 3.8508315698948605
2458207 zg 7.7420002199986975 16.7648218391227
2458210 zg 14.216994460637357 22.470025253397715
2458233 zg 5.061576273390057 12.408342016354053
2458236 zg 11.705355311984174 23.009139412997584
2458236 zg 11.100548492733015 12.503584585779135
2458246 zg 2.8295226232211745 7.358733009880005
2458262 zg 4.635381952664384 13.13910781972975
2458269 zg 9.74391863213807 24.297404692294663
2458272 zg 2.610505483242175 10.448644159107774
2458275 zg 1.930287114561393 12.890498476414553
2458281 zg 2.686765512055811 9.329509932580917
2458284 zg 2.339136306897146 16.47205681497367
2458288 zg 3.096529892946881 12.53047963440777
2458295 zg 8.286984597163011 -0.6674331228303672
2458298 zg 6.472995015254415 19.469006021994375
2458304 zg 2.5451959510153257 16.597637352890644
2458307 zg 2.6129109552372762 14.313456330397655
2458334 zg 3.028832640854559 15.355350913861656
2458337 zg 2.8243152475738547 17.06975850442845
2458345 zg 3.6032958942746602 25.37915640769128
2458363 zg 3.5290972220522137 16.921009223464743
2458494 zg 3.0010641362926176 48.639988270419565
2458527 zg 5.15887025348736 60.79556542132871
2458541 zg 3.2965957401592045 70.66386572402124
2458560 zg 4.40118853833891 81.12088418601101
2458568 zg 5.025175333537958 77.30670429292985
2458574 zg 2.475832295318528 77.5412263989947
2458581 zg 3.0428130971131 79.1197172739455
2458584 zg 2.850448314804302 82.09387786592085
2458587 zg 8.167363838862565 92.79138706127628
2458591 zg 14.78004853298091 77.26921423878535
2458606 zg 2.096884135976233 87.73756784773792
2458617 zg 5.0105544461075 98.0735253537919
2458636 zg 2.0377497583994675 102.74299983601888
2458639 zg 2.3155572868064533 106.0628472115496
2458642 zg 2.1957072407357603 107.32987500498595
2458645 zg 5.6441661119548865 106.41800367597511
2458650 zg 10.25171517552488 120.6443098338741
2458657 zg 2.7766721847544416 117.6504208637924
2458665 zg 2.4351848016596493 115.86602545725752
2458674 zg 5.05557298545024 114.73861936840784
2458677 zg 13.324437692611577 109.79262329603
2458684 zg 2.681171595249577 123.18234603602565
2458692 zg 2.5312318389785653 131.26949179134266
2458705 zg 11.038039289443997 133.31693903366022
2458714 zg 7.066945856118999 127.71434918171569
2458720 zg 4.139814162821404 136.27785408707294
2458723 zg 4.467902147889002 136.25126122044674
2458726 zg 4.1974047145185835 140.2393051390889
2458734 zg 7.060788118934636 136.75487227678056
2458893 zg 6.311461284138774 163.82580064068344
2458913 zg 2.4554546900532737 180.18077327455342
2458915 zg 5.235647323568245 179.1520006645501
2458943 zg 4.550966650508239 173.3167063131359
2458963 zg 2.49420373138282 164.3433800046687
2458969 zg 31.67438582428788 167.35140339485454
2458972 zg 4.997604917462971 159.94745182736563
2458975 zg 10.56901283654583 182.15454329945305
2458978 zg 55.63609273038347 123.13946047854827
2458986 zg 2.4284654248292687 149.17139199968187
2458992 zg 2.321964255513232 147.13924972297468
2458995 zg 2.6468212319872757 143.65673864734853
2458998 zg 2.3579355193509786 139.62941022128436
2459005 zg 9.645295137741424 146.18766817257543
2459011 zg 2.8874413439861195 136.31043165134838
2459017 zg 2.0547114937670465 134.25698727328805
2459020 zg 2.1396899672071465 138.37569839864068
2459023 zg 2.234469515577167 135.2050157809362
2459026 zg 8.920650644732254 123.31456688404242
2459033 zg 7.83054367034936 102.47106004519867
2459036 zg 5.540059674230082 128.62359371834657
2459039 zg 2.3907376699028893 123.51242784987865
2459042 zg 2.518399414802715 116.79711230365504
2459227 zg 3.1715771255072096 69.06465679581197
2459229 zg 2.8954306718420892 67.17195975042563
2459248 zg 5.5995690628071575 70.34921353070918
2459256 zg 2.159605545741521 60.82503922106455
2459269 zg 2.292215948541654 59.012180300267
2459270 zg 7.4547273466477435 60.521606745274035
2459279 zg 4.906388347745831 59.32474306626132
2459292 zg 2.6468212319872757 54.42420323030268
2459295 zg 6.1499549331192425 56.81578241600169
2459306 zg 4.9829414667211145 53.33440372433967
2459308 zg 2.9738096790801594 55.574816443665796
2459310 zg 2.5381730217122342 51.93608320582323
2459312 zg 2.528901561595952 57.661908687216005
2459314 zg 2.356435353926247 54.702010047423144
2459316 zg 1.8196723164275905 51.43022187319938
2459324 zg 2.7216342709369927 46.905052115506265
2459336 zg 4.186050176118687 42.8038363837366
2459339 zg 2.285891063989011 46.72366955945446
2459341 zg 1.9338461117807497 47.02467990100807
2459343 zg 2.491907542446921 50.77452983183826
2459345 zg 2.715967756453201 49.23632877033177
2459349 zg 1.9020499227451297 43.67906235643249
2459352 zg 2.3929406350180753 44.076431141189836
2459358 zg 12.745102168777207 65.37321523379285
2459361 zg 8.583845712082933 58.50635937613865
2459363 zg 4.644122352632035 48.88198248399267
2459365 zg 2.3841409355212915 41.752298106804645
2459367 zg 4.040320981550457 44.97878486206741
2459369 zg 2.2670209309196663 41.31918371910979
2459377 zg 2.6177285508964743 39.8786119435417
2459379 zg 2.826374882585844 43.84469222559011
2459383 zg 5.530950693165465 37.66484705249217
2459390 zg 7.1762190819434295 53.27588720946674
2459392 zg 3.508325877543247 40.08289215352355
2459394 zg 2.6917192782154347 35.54566430685614
2459399 zg 2.8715287620216903 37.75927055808047
2459409 zg 2.9438330086474984 39.80799598793885
2459411 zg 4.1390784035912 27.850297922270144
2459419 zg 11.637874329829307 35.71389380663176
2459428 zg 4.236242822159766 39.69560427343942
2459435 zg 2.9168437853977256 35.59168993147422
2459438 zg 3.7741214266174916 27.479938014808972
2459440 zg 7.853185652689423 32.27864134883218
2459443 zg 12.7279927179787 21.89685426556195
2459453 zg 3.689972959871545 35.25298378673208
2459455 zg 4.423891120569147 34.92278665676523
2459641 zg 2.157500228179003 24.937239078145407
2459682 zg 5.795084335711458 21.781918163333696
2459684 zg 8.833153576820793 1.8604401961744994
2459696 zg 2.8010003987645327 11.047196368227393
2459698 zg 2.688590190594268 16.926124575925623
2459702 zg 2.584191000817729 11.589800500346593
2459710 zg 5.658551496124417 1.8427928969811251
2459712 zg 8.025681171166804 19.758779454216175
2459723 zg 2.9087953725889437 14.719339115720567
2459725 zg 2.785029277000957 14.513177432695862
2459734 zg 3.010522917535425 13.41294104403015
2459736 zg 3.1466028929516856 19.240832710205197
2459738 zg 4.423891120569147 15.925790300240543
2459750 zg 3.2394083186122815 12.291156617231321
2459755 zg 2.7436241045211016 17.23550400916194
2459760 zg 2.9007691676711245 12.870761122676898
2459764 zg 3.1279924281182456 7.277090865976801
2459766 zg 3.6631943466685297 23.463684799573826
2459771 zg 7.600318004463109 16.51278459286204
2459784 zg 3.9374574063341576 10.31853675156239
2459791 zg 5.801538335342249 11.758481980368943
2459794 zg 4.295174830133073 17.58845012464166
2459798 zg 9.443413796116413 10.080286538781529
2459806 zg 4.0032790961407 11.744143563571582
2459810 zg 5.426934818669474 13.817083960572017
2459815 zg 4.191504852629148 9.769107898098449
2459970 zg 3.7378613136703813 11.202370902020718
2459993 zg 3.415544596700072 7.948763623525325
2460016 zg 9.068083723678665 4.6657794184800245
2460045 zg 4.271504281230531 11.074374081076481
2460049 zg 3.0188528026277046 5.719197409484569
2460051 zg 2.0528199057868393 5.6902073914507065
2460055 zg 2.97469153510963 3.714898790272871
2460057 zg 3.347032737864045 4.282787493963915
2460063 zg 2.9546984929227107 8.080747783715598
2460067 zg 10.50242904944533 -1.6978509847335417
2458198 zr 3.2819497298081415 -3.540524497790874
2458198 zr 2.7717295395261914 -4.685511933694788
2458219 zr 3.6151075626903824 5.814431767545372
2458219 zr 3.6755405944803634 8.93892369981593
2458224 zr 5.440212560417531 -1.9426535410514045
2458243 zr 4.54637958717938 2.5593307744464235
2458257 zr 3.5984976522104826 6.342251653344025
2458257 zr 3.1178522433177345 -1.5396987133581455
2458262 zr 5.248843485225947 4.339822067821999
2458272 zr 4.173622554293602 9.762454255451697
2458278 zr 3.651919735006902 10.045016457408734
2458281 zr 2.986419758830767 12.11321418133104
2458284 zr 4.335527423525351 9.818068019084471
2458288 zr 3.246799944662994 7.26621971176854
2458291 zr 5.765219790969935 11.568499784875506
2458295 zr 7.236877467258346 9.177877120078222
2458304 zr 4.521424433818068 11.405853698894783
2458331 zr 4.434812642417312 9.45592565901015
2458337 zr 3.9086768351815238 9.18298237317116
2458473 zr 5.885785486015264 15.628587942105398
2458473 zr 6.1461680364293345 23.481553555211335
2458473 zr 7.2338647488026195 20.769952205968977
2458473 zr 8.935023287730575 17.766785727958265
2458477 zr 9.644164698262628 29.02284688390088
2458477 zr 7.682710045536668 24.005052783079744
2458477 zr 7.830155457990327 36.349600539093075
2458477 zr 7.989102790399023 15.662282048549113
2458482 zr 7.541535168237692 17.3077667857537
2458482 zr 8.979908950603619 34.301451795349834
2458482 zr 6.563899459616283 17.471788725754266
2458482 zr 6.904971975125189 26.729658189152985
2458494 zr 3.959403521041847 27.852708132572126
2458542 zr 3.67049477144023 29.251841145956135
2458560 zr 4.8383794714439405 32.157885978770594
2458581 zr 6.809038435178815 34.839891524561956
2458584 zr 4.030075391436461 37.35530038613686
2458587 zr 8.486784339511388 47.51910396839779
2458591 zr 9.308719758446694 36.718930960556015
2458597 zr 4.406215086162898 34.46281843194337
2458606 zr 3.126479100389736 37.50709649912443
2458617 zr 4.53801255517496 43.267056004894734
2458628 zr 3.7147073898899223 46.05772105321196
2458633 zr 3.0477155720666786 47.4535527760019
2458636 zr 3.3863506356296433 47.98726658280957
2458639 zr 2.7417124969222724 50.735618997930175
2458642 zr 2.8970157100457117 50.24446774369928
2458650 zr 9.421714121236644 43.0161444881254
2458653 zr 5.285084157932464 46.49820064710596
2458657 zr 3.4588515628891416 55.66018422765389
2458660 zr 2.7619887900500757 55.84716060035024
2458668 zr 3.4365385786765517 47.51397282532719
2458674 zr 4.87820402592161 60.05510054117472
2458684 zr 4.962078411480278 46.43713963837801
2458692 zr 6.021485612541605 50.72856487734702
2458698 zr 5.3389014857312445 56.207571074403674
2458720 zr 5.597189017222189 52.378716084661015
2458723 zr 6.239789993301679 72.80241326207621
2458758 zr 8.41972697560761 71.21359572397924
2458758 zr 9.809642476692106 62.16168107957873
2458758 zr 13.363770852907544 68.31521597494591
2458758 zr 10.85558367702506 81.08861823373971
2458850 zr 6.0196324307681905 81.78299303187647
2458899 zr 3.3062213391862243 77.01771389539681
2458912 zr 3.2738255209025846 84.8636833654835
2458916 zr 4.200251319382498 73.22457729526008
2458943 zr 4.959332008779336 72.3293377366574
2458966 zr 3.3062213391862243 66.66549005878375
2458975 zr 9.388080061700684 63.903596956978475
2458978 zr 8.278338226521438 71.6444589293652
2458981 zr 3.89071809641612 67.37739181712773
2458986 zr 2.8180639891852164 62.57465184472461
2458992 zr 2.5374248454887742 64.94053552750513
2458998 zr 3.0421066401148034 63.479076739985175
2459001 zr 5.465323440666307 59.16170925401769
2459008 zr 5.805029481682777 52.96118461845983
2459011 zr 3.033712590981782 60.25888046107681
2459014 zr 3.09296092981504 63.222745664664984
2459017 zr 2.9976052039945262 56.867107046853874
2459020 zr 2.8336802960117335 56.43575986902282
2459036 zr 6.341128235960878 48.89969153636041
2459039 zr 2.719079537517582 56.31763073676099
2459042 zr 3.3614907816110815 53.73346916654887
2459045 zr 2.8077009589016217 50.017230895318875
2459120 zr 10.02251660878 49.47373174948663
2459120 zr 9.716183062846161 53.920572037447926
2459120 zr 9.61457125722015 38.54562881640527
2459120 zr 10.01328977960904 49.297979074293124
2459122 zr 10.256518529329549 17.364480894128192
2459205 zr 5.6652081181765395 34.38838223347649
2459205 zr 4.8201434169205095 34.90411333403476
2459205 zr 4.525490870414755 29.97790429705573
2459205 zr 4.732601388841631 25.181532544716376
2459205 zr 5.056187651636304 30.98635281474411
2459225 zr 5.0636493378159395 23.260263375689693
2459227 zr 4.811272557490063 32.27461107529895
2459231 zr 3.6671156771916547 26.29147676274321
2459248 zr 7.651919359418442 36.88764735374227
2459254 zr 3.0674283988719298 28.147151098216124
2459255 zr 3.545857053985835 26.359376607701442
2459262 zr 3.6603668183146842 23.04566394911621
2459265 zr 3.3614907816110815 24.61876589164744
2459268 zr 4.2368387707436215 25.873964057571534
2459272 zr 9.789351902579362 21.66942687832873
2459283 zr 3.3553043863897827 22.738839641869625
2459291 zr 3.0421066401148034 23.428555825871037
2459295 zr 4.7230569650722085 10.543606692671485
2459297 zr 5.101097479583253 18.110504017614815
2459306 zr 4.745259423232856 22.74953720005154
2459308 zr 3.613471300659209 16.92288350801624
2459310 zr 3.249791735483086 24.145435207261805
2459312 zr 3.240824623304959 23.481196905814095
2459313 zr 4.140396545959323 18.027081183124874
2459313 zr 4.190269324458106 20.193028433045395
2459313 zr 4.302048249648054 17.861541566799797
2459313 zr 4.475748688705932 18.19277333730731
2459313 zr 4.53586332914566 14.095909484703963
2459313 zr 4.620191324458245 17.36583654133069
2459313 zr 4.311634492979915 25.463850731473354
2459313 zr 4.414339114511448 15.72334378094693
2459313 zr 5.117091510481514 23.4056611026579
2459313 zr 4.317926812552419 18.524615821599706
2459313 zr 4.142621710802381 11.204035212029577
2459313 zr 4.248561777371221 22.724637496722448
2459313 zr 3.6806507478321797 19.858115448050494
2459313 zr 4.158274649814356 26.32816626262392
2459313 zr 3.781201007662127 16.707023532839383
2459313 zr 3.103527013500092 15.55992500834746
2459313 zr 4.113788289986495 16.871499308918043
2459313 zr 3.6151075626903824 25.119237470024427
2459313 zr 3.132243595391911 17.200905673444833
2459313 zr 3.115834875393278 26.154984584234068
2459313 zr 3.2369196913826626 13.933988944416523
2459313 zr 3.2527862831137253 24.089198319677802
2459313 zr 3.6234694974985096 17.03612664256853
2459313 zr 3.0003673722477173 19.190137437669716
2459313 zr 3.2081563821776604 21.53886677962232
2459313 zr 3.3398881630757256 19.52381882770508
2459313 zr 3.5312186518597786 12.48339559577202
2459313 zr 3.3957204070778735 22.554773263006137
2459313 zr 3.503654100011129 19.35690129971375
2459313 zr 3.59518483923096 24.089198319677802
2459313 zr 3.4684219388202804 26.50150752071134
2459313 zr 3.930336775118361 23.74711493073597
2459313 zr 4.637244131474442 18.027081183124874
2459313 zr 3.98210924850686 18.358618169903348
2459313 zr 4.569828763031686 9.302583129485168
2459313 zr 4.42247812166502 16.050633215666135
2459313 zr 4.46349730523 24.603506369466157
2459313 zr 4.542194144596994 20.86470804481051
2459313 zr 4.533834815366018 20.52855891912297
2459313 zr 4.869674431319057 20.52855891912297
2459313 zr 5.440810785740937 28.769532719675464
2459313 zr 5.857383412612778 10.092301638751206
2459313 zr 5.124643075738647 17.696154347902688
2459313 zr 4.61168845136174 17.03612664256853
2459313 zr 5.028323189349727 20.193028433045395
2459313 zr 4.883148445488964 21.033014953870985
2459313 zr 4.612112867965977 10.885665323035294
2459313 zr 4.72345693662437 21.37009417830468
2459313 zr 4.205735319071291 20.86470804481051
2459313 zr 4.492268367931658 18.857070145691107
2459313 zr 4.6522783718089356 25.291464750618825
2459313 zr 4.72345693662437 21.37009417830468
2459313 zr 4.637244131474442 18.027081183124874
2459313 zr 4.410275229710657 15.55992500834746
2459313 zr 4.869226313342535 27.022490244302514
2459313 zr 4.8786529701226975 20.86470804481051
2459313 zr 5.150189198342308 24.603506369466157
2459313 zr 4.833925210843545 19.190137437669716
2459313 zr 3.606821167418026 16.214504155425583
2459313 zr 4.287873235486989 24.43191243024732
2459313 zr 4.586273607652614 16.050633215666135
2459313 zr 4.513003736592297 19.690890163241573
2459313 zr 4.051629876693854 29.472867616297645
2459313 zr 4.097445357619557 23.576309394052867
2459313 zr 4.488132740679656 18.690766433213934
2459313 zr 3.7352924477856604 22.554773263006137
2459313 zr 4.469510483544998 11.52299210051238
2459313 zr 3.97478068412095 18.027081183124874
2459313 zr 3.701047080782736 20.86470804481051
2459313 zr 3.993127438161474 18.857070145691107
2459313 zr 4.302048249648054 17.861541566799797
2459313 zr 4.1327766739827805 17.696154347902688
2459313 zr 4.402255826318536 22.04611825842353
2459313 zr 5.20742691760595 26.675008505543456
2459313 zr 4.654359879223347 18.690766433213934
2459313 zr 4.32754843804622 26.154984584234068
2459313 zr 3.9094275636024656 15.070570806423188
2459313 zr 4.331536093556621 26.32816626262392
2459313 zr 4.182557667991114 19.858115448050494
2459313 zr 3.959403521041847 25.119237470024427
2459313 zr 3.6368434731048462 17.696154347902688
2459313 zr 3.572080385971452 22.894658253249712
2459313 zr 3.4715324061455357 17.696154347902688
2459313 zr 3.3306724488828072 19.023527100107327
2459313 zr 3.1554080553267676 18.524615821599706
2459313 zr 3.857665879305051 28.594103494874002
2459313 zr 4.026365263667739 20.360716417340495
2459313 zr 3.9448433766480298 24.43191243024732
2459313 zr 3.724985699192607 22.04611825842353
2459313 zr 4.459289758255516 17.530919386136514
2459313 zr 3.439789960438966 24.9471687435891
2459313 zr 3.5165858452621763 20.02549482398855
2459313 zr 3.4208334057716696 23.918077857601087
2459313 zr 3.75253377435311 23.4056611026579
2459313 zr 3.6502668111312877 18.358618169903348
2459313 zr 4.030075391436461 20.52855891912297
2459313 zr 5.735626280186735 21.37009417830468
2459313 zr 5.722291444737063 15.72334378094693
2459313 zr 3.398849421896977 22.724637496722448
2459313 zr 3.575371909160306 23.064835676818273
2459313 zr 4.2368387707436215 22.21551378775423
2459313 zr 3.3925942728611576 22.385065408005072
2459313 zr 4.086139324754635 23.064835676818273
2459313 zr 3.985778596202233 18.524615821599706
2459313 zr 3.93109166370224 16.050633215666135
2459313 zr 3.461953447538429 17.200905673444833
2459313 zr 3.6418430357612945 26.50150752071134
2459313 zr 3.600183272899244 15.886913137134325
2459313 zr 3.7698546832681243 24.26047646212832
2459313 zr 3.6151075626903824 25.119237470024427
2459313 zr 4.706520198426548 14.420198311849287
2459313 zr 4.992291396096242 25.119237470024427
2459313 zr 5.037594239295576 20.52855891912297
2459313 zr 4.223895553721871 29.296790894346497
2459313 zr 3.8692764935455877 20.86470804481051
2459313 zr 3.9014834137903307 22.385065408005072
2459313 zr 4.260317220655458 23.235169911789523
2459313 zr 3.9231034913691607 23.4056611026579
2459313 zr 4.686787650588717 33.9279068359625
2459313 zr 4.622380507582663 24.089198319677802
2459313 zr 4.580002268362563 22.385065408005072
2459313 zr 5.17487575118138 31.95504590927781
2459313 zr 4.61168845136174 17.03612664256853
2459313 zr 4.463398807901402 17.696154347902688
2459313 zr 4.294130878320127 17.530919386136514
2459313 zr 4.252476649966014 22.894658253249712
2459313 zr 4.767601270530509 16.707023532839383
2459313 zr 4.178707163511386 19.690890163241573
2459313 zr 3.960163992392782 17.36583654133069
2459313 zr 3.8408713875370846 19.52381882770508
2459313 zr 3.8692764935455877 20.86470804481051
2459313 zr 3.7663841172895767 24.089198319677802
2459313 zr 3.4208334057716696 23.918077857601087
2459316 zr 2.4346131566712677 26.797372850321754
2459322 zr 4.015255361271469 19.189395077170563
2459324 zr 4.851320424783415 25.513519572067384
2459328 zr 6.70943246313041 14.783287605515241
2459334 zr 5.582334660075303 20.346875260218983
2459339 zr 2.986419758830767 27.066198444241053
2459341 zr 2.8731007156639814 19.690905271968482
2459343 zr 2.8546367356008266 18.374612476032247
2459345 zr 2.716576325662299 20.264671689038305
2459349 zr 2.674372584647287 17.131159697016454
2459352 zr 3.205202921280822 18.610465132469795
2459358 zr 10.521602803929397 13.553486209084468
2459361 zr 9.20228519661579 19.887584274736028
2459367 zr 3.606821167418026 12.484538428058553
2459371 zr 2.8916841219768896 18.913946825492555
2459375 zr 3.5786664653505853 19.00700120439996
2459377 zr 3.14756301856848 23.718106548751475
2459379 zr 3.4715324061455357 13.223773655431032
2459383 zr 6.485775625922115 9.54458928439022
2459385 zr 6.599116351822592 8.132884591750916
2459390 zr 7.588752422540834 24.697932372467733
2459392 zr 5.796555164343053 12.78291375171419
2459394 zr 5.553679918894902 10.199932773727625
2459396 zr 3.0722427631605185 8.297162434498297
2459399 zr 3.033712590981782 15.555245511890252
2459401 zr 3.6084544181175473 19.015847331666194
2459403 zr 3.0533348455750415 16.51321925978391
2459405 zr 3.4270561781266986 9.413115179574326
2459407 zr 3.4239855611723424 17.994696300824426
2459409 zr 3.4716179450706335 20.47027596973277
2459411 zr 5.8555807351875595 13.54387759342762
2459415 zr 7.2338647488026195 14.333616094294175
2459423 zr 7.654457969938825 15.938352655151867
2459426 zr 4.174860203844657 12.4109303090412
2459428 zr 3.6925061190242108 21.90445712170503
2459430 zr 4.442989397959886 16.427846272133653
2459435 zr 4.274401139096318 9.133581665578506
2459438 zr 4.461099785501189 24.231101232313733
2459440 zr 8.104280100467667 25.92427354505825
2459447 zr 11.502992632882444 13.710263925682387
2459450 zr 9.177095952840078 21.51423441176275
2459465 zr 6.8102322079243915 14.051367404209703
2459487 zr 9.236250195583507 13.935609745505841
2459601 zr 6.499583470966172 9.900981183833691
2459637 zr 4.701754623342538 5.521999419427965
2459673 zr 3.59518483923096 8.204020735515758
2459678 zr 3.506882571229512 3.524659788460502
2459684 zr 7.425307485736465 1.2323594521954204
2459696 zr 3.367688583095837 4.638750933489501
2459698 zr 3.8232241865048917 2.2540332427770284
2459700 zr 3.6084544181175473 8.296335466278599
2459702 zr 3.586944109975071 -1.287296504915675
2459717 zr 7.184553562205556 -12.645846185929909
2459727 zr 4.030075391436461 3.5065097875670386
2459730 zr 3.327606198467895 1.777607174464884
2459732 zr 2.7896572703369205 -0.7388981743339871
2459736 zr 3.3123172367674587 0.8344819066910212
2459738 zr 4.15062187546697 8.752146078768352
2459743 zr 9.92349415974255 16.78645990762661
2459752 zr 3.8586000443482495 2.8771475399831115
2459760 zr 3.150463366697454 10.620337079646625
2459762 zr 3.5101140173495646 2.0331150116847505
2459764 zr 2.9893339471516747 0.832684043137613
2459766 zr 3.5165858452621763 2.299631132458683
2459773 zr 6.738551253521282 7.9662223567947485
2459773 zr 12.554071595503217 -24.739909842407126
2459775 zr 6.050683406899946 2.820740202680577
2459777 zr 3.383233127318366 3.9683406445866156
2459779 zr 3.4208334057716696 5.977032948788827
2459779 zr 3.753442480805431 -2.544388228106219
2459782 zr 4.9211162320482655 -7.421523323261407
2459786 zr 3.6268083736116865 -0.8522383660985016
2459789 zr 4.044950121309043 3.1010775594650744
2459794 zr 6.395666148673852 -10.600174981778839
2459798 zr 6.8278785202097545 0.7841367486651194
2459806 zr 5.371104756010209 7.96864701031438
2459808 zr 5.38830173295334 2.643955795454227
2459852 zr 12.255062239108085 -5.704164465765927
2459859 zr 13.82918325468461 11.629896593539822
2459860 zr 16.236400531947833 10.7330283419294
2459933 zr 13.450351955374279 15.660124562037886
2459933 zr 6.914401678622063 -11.066379801910578
2459933 zr 10.462410694588252 4.535037890799976
2459936 zr 7.290577320817183 16.177072466656785
2459936 zr 9.571429054661595 0.6025937128031158
2459936 zr 11.58919257035771 27.99941132251816
2459936 zr 13.621652050715193 -24.378693642918574
2459937 zr 6.435266487638271 -2.5697617238804074
2459937 zr 9.979199128129718 18.920378747053416
2459938 zr 7.681742775074169 -0.4213807565285217
2459938 zr 6.832354384782009 -9.218499418557826
2459977 zr 7.470584895571321 2.2587985794722987
2460016 zr 6.1390850914480755 -2.2457672345384725
2460043 zr 6.487892615194858 7.798304331081865
2460045 zr 4.232938294537054 1.2368072878343894
2460049 zr 3.3522154595664855 -0.6430400565266976
2460053 zr 3.673876979383298 -1.3386562676310652
2460055 zr 3.398849421896977 1.849089250446266
2460059 zr 4.063620762755572 1.1446811662142837
2460063 zr 3.2587836589701116 3.5049260130548276
2460067 zr 9.083738396446423 -3.421281287758929
