jd filt fluxerr adjflux
2458203 zg 3.82678819327824 -2.4260577520012205
2458203 zg 4.27161316113138 -2.159695721412916
2458206 zg 6.13213831240615 -6.86968236652347
2458206 zg 6.2156607007166045 -4.359470900373324
2458233 zg 4.547192304471988 -5.879447839996416
2458236 zg 11.579357087979098 -4.256638023471126
2458236 zg 14.059301133892316 20.63280849156056
2458236 zg 13.048352484271062 5.455522046468069
2458267 zg 12.261170301466889 6.429223551605084
2458270 zg 5.93435007020612 6.983269370438542
2458273 zg 2.715562236620014 3.962550497268758
2458279 zg 2.5296460617050287 -0.4256217234995958
2458282 zg 2.790602692798548 1.7010854283400505
2458288 zg 3.404414866940811 -1.4613863417754303
2458294 zg 7.202974853268503 0.9651361640350018
2458300 zg 2.6538239248496605 -3.635646909853385
2458305 zg 3.4709030129059557 -0.31553575032145886
2458332 zg 3.644868823247083 1.7010854283400505
2458336 zg 3.5101843249144493 5.576451470947212
2458349 zg 8.875605014485336 -12.66199198181036
2458487 zg 3.732080645089165 -1.4073231173411855
2458488 zg 3.678169712777434 5.334815177177326
2458493 zg 3.7009696292628282 -7.260696898684657
2458494 zg 2.812287785590415 6.245559854709406
2458495 zg 2.613797470120145 -3.3748680891407403
2458540 zg 3.387239182484911 -4.410816347991293
2458540 zg 3.3532398480615986 6.062402938895907
2458544 zg 7.030837175331885 1.9293098766249415
2458544 zg 8.103346709927067 0.9651361640350018
2458558 zg 3.73621417631196 6.36794592381991
2458568 zg 4.438054734834955 2.445899504079975
2458568 zg 4.007139164525764 0.2935752903144717
2458573 zg 3.1736128108957455 -1.730956812523047
2458574 zg 2.7432144553319504 4.615224736343528
2458581 zg 3.3826197428503035 1.0777863689364722
2458581 zg 3.3577872780361773 0.6284279339018255
2458582 zg 6.681712588590613 1.8721749144380269
2458584 zg 4.017876020738636 -4.20515050695338
2458584 zg 3.9407304676678265 3.7268490952289355
2458585 zg 3.790474841447951 6.245559854709406
2458588 zg 5.47702140703347 5.94057918269467
2458588 zg 11.942856183507974 -6.771477731482612
2458597 zg 3.733904382087627 -6.078956690266075
2458597 zg 3.3957047528156536 3.4334408479665015
2458598 zg 2.7803406475341683 1.473700243066503
2458606 zg 2.4637678676617267 -3.2178233755597816
2458617 zg 5.741444638945337 11.51889976653667
2458633 zg 2.8580638924113355 1.9293098766249415
2458633 zg 2.7945074552566656 -1.7847220965361572
2458634 zg 2.8765500395524244 2.33073146137626
2458635 zg 2.448896240619134 1.7010854283400505
2458636 zg 2.703604535389017 1.0214353278191979
2458639 zg 2.8620163143424087 0.7965494593109739
2458642 zg 2.890532112423902 -0.9185068146671256
2458645 zg 5.336858726525885 -5.979294142326012
2458649 zg 9.563450113191548 -1.1362588213297116
2458652 zg 6.210520571082628 8.673231153704528
2458661 zg 2.942359192811183 -0.9730200482853775
2458665 zg 2.8508725250419413 -1.730956812523047
2458668 zg 2.5369648071377275 1.0777863689364722
2458677 zg 6.360499576096635 5.636999769583973
2458678 zg 7.538616300989022 3.316455361322845
2458679 zg 11.234845881872763 1.473700243066503
2458680 zg 8.015949267760647 -11.5114945492317
2458680 zg 7.807134101964896 5.576451470947212
2458683 zg 4.4753348388693395 -8.985042541056494
2458683 zg 3.454955662148319 -0.5903709263142005
2458686 zg 4.084280126913588 -1.7847220965361572
2458690 zg 3.5962167912136684 -0.9730200482853775
2458716 zg 3.9476046209272897 -2.213066304092443
2458720 zg 4.8610266789218635 -6.277731875059807
2458726 zg 6.540452473761836 6.859750876972889
2458853 zg 3.3885608242861385 -3.5314794710873514
2458874 zg 2.608987109113941 -3.4793237511885877
2458882 zg 2.985826845385702 -1.1905715902698333
2458887 zg 7.235827374944321 -7.406586158822748
2458891 zg 7.735330537769564 -4.513365479343676
2458896 zg 3.7984887251265076 0.5166047159104465
2458900 zg 2.768675802084924 -1.1905715902698333
2458904 zg 2.481188505857054 -1.5693635230264604
2458911 zg 3.239235164443709 -4.308078140065604
2458913 zg 2.895155756321422 2.7347494676077773
2458914 zg 2.5888950355971816 2.33073146137626
2458914 zg 10.086930207127491 9.182084808760855
2458939 zg 15.222462016163265 -22.9084839112177
2458939 zg 11.452216071160525 16.14997482970673
2458940 zg 4.0643576359631535 -4.9725060628042
2458941 zg 3.058820136886178 -3.8434070195261896
2458943 zg 4.5577554565541964 11.584923783592536
2458943 zg 5.355814592846314 1.0777863689364722
2458944 zg 7.5563470932035175 3.962550497268758
2458955 zg 3.035133502212427 2.0437377919695487
2458963 zg 2.495252174424581 0.07136602377113048
2458963 zg 2.839224846114537 5.455522046468094
2458963 zg 2.6638224368477967 -4.513365479343651
2458964 zg 3.0519527001482802 2.388288964308255
2458965 zg 2.676174589462443 4.436566385079681
2458966 zg 2.824047084324647 1.1906442744244898
2458969 zg 8.366792836423013 -2.6382659540951967
2458972 zg 4.736103466477786 -1.0274830964738384
2458980 zg 6.196340403510392 4.55561709406095
2458992 zg 2.5888950355971816 2.33073146350325
2458995 zg 2.861934965349069 7.417380307073605
2458998 zg 2.66931475369495 1.5304680445629735
2459001 zg 6.844290379698122 8.042414091248595
2459012 zg 2.2582415015222788 -3.1128840045424635
2459016 zg 2.395994328221317 3.316460552458664
2459019 zg 2.678817740020415 0.46078274157480964
2459022 zg 2.6034135825051674 -1.2448052229720963
2459025 zg 2.743741336714882 1.9293766098209766
2459028 zg 4.146125831086125 11.321341634421776
2459033 zg 6.927719154341461 -7.162668248218168
2459040 zg 2.6342668132409743 2.046739547342335
2459043 zg 3.0924001720654917 2.0497449228391393
2459218 zg 7.780771290680324 120.2599144390838
2459229 zg 2.769128862727386 121.57352004243552
2459232 zg 2.772668886230936 118.66863747314295
2459253 zg 2.430918420363944 107.34126630603552
2459255 zg 3.7445528881811647 103.02606119205649
2459257 zg 2.7675661426381537 105.26398074279881
2459269 zg 4.1595453583240305 106.53306512768609
2459279 zg 4.722716933252198 97.5902784303232
2459290 zg 2.411650907002406 86.8591907656614
2459295 zg 5.097161884458351 77.33510414208126
2459305 zg 6.586931923401912 82.09067479947473
2459307 zg 3.1694054365245172 86.62988223382854
2459311 zg 2.49574257008038 77.79759775276051
2459313 zg 4.335108473981204 86.61560350525747
2459317 zg 2.57700014338791 80.03792262769831
2459320 zg 2.7844739954598166 79.72800464749204
2459322 zg 3.033229510213239 79.34136468843775
2459324 zg 3.0067547724171364 81.90361423583681
2459334 zg 3.1542052912871865 72.89463863153037
2459339 zg 2.7716804995551545 72.72736244222992
2459343 zg 2.64642603638823 71.1603579985173
2459345 zg 2.860869244888625 71.42901825335903
2459348 zg 2.5724276341358996 65.24907518159077
2459349 zg 2.6518146546828856 66.72249365013954
2459352 zg 3.856392370695191 55.62770905403922
2459352 zg 4.021156906221607 69.05631520546636
2459356 zg 6.352777492474224 51.13101915137181
2459356 zg 6.830075968784299 82.58627823736728
2459363 zg 4.25598382709955 68.39937121128807
2459363 zg 3.9492604984843256 54.67777672942958
2459366 zg 2.62828183365214 58.56402206386769
2459373 zg 2.6589200112680897 54.96925247358223
2459375 zg 3.4862640510489062 52.194188885840035
2459377 zg 2.953284408343349 59.98052905762143
2459383 zg 6.584027546713782 52.07018968705725
2459387 zg 12.870943032091263 57.40752817713967
2459391 zg 4.051583455707989 54.77224165260814
2459393 zg 6.29349563887214 70.7658581783764
2459397 zg 4.098697477578528 60.38467149649131
2459400 zg 3.577793622442942 51.96075591595264
2459408 zg 3.863597851880091 42.659672370848654
2459410 zg 4.781750894917851 53.8375011557983
2459415 zg 12.419049681918278 36.20354820178661
2459423 zg 3.855510612879732 52.12772522850296
2459425 zg 4.55953815861071 44.51272358314049
2459427 zg 7.3115049823599305 55.46279346075995
2459430 zg 4.2486001928362755 55.061672583125954
2459435 zg 3.6678438782234712 42.65724356168407
2459600 zg 6.67974553240001 22.394791498979934
2459641 zg 2.5278026588256983 13.472140955699587
2459675 zg 2.786583781118997 13.140683173489453
2459679 zg 3.7151532374765988 13.755672384897428
2459682 zg 5.887584096817374 17.92491946447079
2459695 zg 2.5698894571502353 14.543309993058463
2459697 zg 2.3787632443224003 13.910202536386723
2459699 zg 3.6391501011283824 8.74212877475237
2459699 zg 3.5577606850082018 9.950604372711116
2459700 zg 3.150957013373348 6.540716643576603
2459701 zg 3.1775321686104783 13.784543312092534
2459701 zg 2.9887919771058664 12.271411076230695
2459711 zg 6.456912597617271 14.757910607011
2459712 zg 7.773231131759343 5.2998595514280975
2459712 zg 7.959318066993792 17.01151991500643
2459717 zg 7.489105776362329 9.346554552756665
2459723 zg 3.0435243773061083 8.915535501173656
2459726 zg 2.3920041030373715 15.711016177164304
2459730 zg 2.8780324661499663 8.442321373098043
2459731 zg 3.2983263053319085 8.284465077770998
2459737 zg 3.715624038804568 16.35577966911613
2459743 zg 9.017240591127312 2.8479237419793773
2459747 zg 3.56135515394545 9.223103676515422
2459749 zg 3.1723185052495637 10.067432539655323
2459749 zg 3.2213838598055706 5.158131367246776
2459751 zg 3.330288846870163 6.044681322201978
2459751 zg 3.1423400403661175 6.410108396731953
2459754 zg 3.0697660066139285 13.504260663103876
2459755 zg 3.6091087541239557 5.342331109018502
2459759 zg 2.7559548922854185 7.853690660698826
2459759 zg 3.040114606210897 8.124505412204423
2459760 zg 3.183683762977591 8.734895362533734
2459761 zg 3.194139949406146 7.872728117223641
2459763 zg 3.0026538745180837 11.69893226986372
2459766 zg 3.644537963138868 11.683678204475502
2459770 zg 6.717766552853514 14.411703708196253
2459782 zg 3.742101139676317 1.6668590232048288
2459785 zg 3.5351743839532856 4.532867884933902
2459787 zg 4.402666421226896 6.303423995177125
2459791 zg 8.116959139671216 5.454523950693489
2459978 zg 3.6986435448673767 6.859631283761228
2459993 zg 3.505368249723321 -5.677444642917026
2460016 zg 6.487655653503911 2.7789517108749133
2460032 zg 4.470817557744732 2.3018721589477216
2460043 zg 6.8065287681665945 10.672019778232745
2460045 zg 3.5516631061287094 5.438350186625211
2460049 zg 3.054428212747719 -0.644755634627797
2460051 zg 2.802177804339342 -1.5032869352615363
2460057 zg 3.2481177436820614 -0.0964726454956315
2460061 zg 3.097253729840445 1.0445835119836042
2460063 zg 3.2965007533106894 1.6793844766385946
2460065 zg 6.335775341018808 1.8237679969827756
2458217 zr 3.7922295156412935 -2.324034209999752
2458218 zr 4.1829548314309415 1.8358896859697893
2458219 zr 5.455341114803464 -6.438234073758565
2458231 zr 4.773423475453031 -6.438234073758565
2458243 zr 4.531534400716853 1.8358896859697893
2458246 zr 4.403979424268619 -8.81726846994701
2458256 zr 4.159902722771737 -0.24981939463998515
2458256 zr 3.5277835349781492 6.3946617207998315
2458256 zr 3.4697799164525733 0.09699885678008968
2458262 zr 6.188343809343441 -3.356851077016586
2458270 zr 6.367580352662522 7.4544602728292375
2458273 zr 4.569253795356544 4.986144484575277
2458279 zr 3.799221498439863 -1.6339024947766916
2458282 zr 3.4379687829685786 -3.356851077016586
2458288 zr 4.256799304781946 8.517191205843233
2458300 zr 6.153905888627259 16.400926600134767
2458305 zr 4.925269108608422 5.337787458472178
2458336 zr 4.485855514727544 -1.9791272610773376
2458462 zr 6.454394848312949 -7.799560157385656
2458462 zr 5.953205171042157 3.582806870541731
2458465 zr 5.262513076486427 4.2838294168871585
2458465 zr 7.5669562616254 14.595115505066417
2458466 zr 5.551647866324117 0.09699885678008968
2458466 zr 8.787026529531817 4.986144484575277
2458468 zr 4.611532580180441 8.517191205843233
2458468 zr 4.916204778745089 4.634825236722861
2458468 zr 4.603045642398859 7.80837769684382
2458469 zr 4.760252224104602 -7.459698677398421
2458469 zr 4.69061690709303 -12.860097592346506
2458469 zr 5.166461387956319 -2.668623634132132
2458469 zr 5.9313131041094245 2.1846298313737975
2458472 zr 5.806986953624046 -5.755687979225286
2458472 zr 8.373618499919187 2.1846298313737975
2458472 zr 4.751491586778894 -8.13910875748968
2458472 zr 4.848751920438404 -0.5963183617049594
2458477 zr 6.013825888625716 7.4544602728292375
2458487 zr 4.889111756869986 2.533691326286828
2458488 zr 4.125562539562295 -3.356851077016586
2458492 zr 7.107571277750067 -9.155880157584932
2458494 zr 3.764390026377581 -5.071883429598643
2458504 zr 10.8505538652237 -8.478344765751046
2458509 zr 7.08160868061363 7.80837769684382
2458509 zr 6.850652281608125 -4.72950850919824
2458523 zr 3.450658088251957 -1.9791272610773376
2458527 zr 6.324927181825227 -15.197861886399892
2458527 zr 6.5261271335003395 -3.7004896795969557
2458540 zr 5.582412333279458 2.1846298313737975
2458540 zr 4.473477746276651 -3.0128958257885756
2458543 zr 5.597858438340838 3.2327795493511644
2458560 zr 5.572138615091433 1.487470594234935
2458561 zr 7.391364330242269 -11.85357547665518
2458573 zr 4.970842062567395 8.872087892117236
2458573 zr 4.911678871387332 4.2838294168871585
2458583 zr 4.853219843233693 -0.24981939463998515
2458584 zr 4.535710020789559 2.1846298313737975
2458584 zr 4.485855514727544 -1.9791272610773376
2458585 zr 3.823795115505694 0.7915943897900206
2458586 zr 4.795456597125687 -4.72950850919824
2458597 zr 4.598808032478488 7.4544602728292375
2458597 zr 4.586118595471594 6.3946617207998315
2458598 zr 3.4221727512523468 -5.071883429598643
2458601 zr 3.785250400695628 -3.0128958257885756
2458606 zr 3.866291672993999 4.986144484575277
2458617 zr 5.485571897716492 -4.386818104579902
2458628 zr 4.194528745347695 2.8830744668175043
2458632 zr 4.102826717691179 -5.413943156216703
2458633 zr 4.163735899743088 0.09699885678008968
2458633 zr 3.8343752621450298 1.8358896859697893
2458634 zr 3.4954406211230786 2.8830744668175043
2458635 zr 3.1027332400701493 -2.324034209999752
2458636 zr 3.4729771740227204 0.4441366867646934
2458639 zr 3.5342879413417245 7.1008686687391105
2458642 zr 3.498661523963024 3.2327795493511644
2458645 zr 5.936778561913554 2.533691326286828
2458649 zr 11.226694563171044 4.2838294168871585
2458655 zr 4.573464172279249 5.337787458472178
2458658 zr 3.5277835349781492 6.3946617207998315
2458661 zr 3.788738351167967 -2.668623634132132
2458668 zr 4.256799304781946 8.517191205843233
2458677 zr 6.990881242246157 2.8830744668175043
2458678 zr 5.505818764648186 -3.0128958257885756
2458679 zr 6.7504375616926415 -10.169845992295052
2458680 zr 6.965173268864291 1.487470594234935
2458681 zr 8.34122363150546 17.12558275628487
2458682 zr 5.639257315397117 6.04204577787192
2458684 zr 5.171222066783582 -2.324034209999752
2458685 zr 4.952562496515295 7.4544602728292375
2458686 zr 5.660071424588908 7.4544602728292375
2458690 zr 4.662783824947239 12.797601358322652
2458693 zr 6.159910952254224 -5.071883429598643
2458716 zr 5.190308690204549 -0.9424983383511858
2458828 zr 7.180123670605869 13.156442264141674
2458828 zr 6.13160873227686 -6.779035924290383
2458828 zr 8.632034563828796 13.875116351280155
2458874 zr 3.4633942288845745 -0.5963183617049594
2458878 zr 3.8449846832353862 2.8830744668175043
2458882 zr 3.8343752621450298 1.8358896859697893
2458886 zr 4.110391368964875 -4.72950850919824
2458888 zr 5.195091343326861 -0.5963183617049594
2458896 zr 4.9026395526229525 3.582806870541731
2458899 zr 3.4221727512523468 -5.071883429598643
2458899 zr 3.869854299620903 5.337787458472178
2458900 zr 3.743644612807346 -7.1195240292245785
2458904 zr 3.088477475762471 -4.043811925038028
2458905 zr 3.8414449518264173 2.533691326286828
2458905 zr 3.855623459776954 3.933156727318533
2458908 zr 4.4899890436107475 -1.6339024947766916
2458908 zr 4.615781915241152 8.872087892117236
2458912 zr 3.5342879413417245 7.1008686687391105
2458913 zr 5.953205171042157 3.582806870541731
2458916 zr 5.119094985242142 -6.0971181885278725
2458916 zr 4.535710020789559 2.1846298313737975
2458941 zr 4.751491586778894 -8.13910875748968
2458944 zr 6.502128227379458 -5.071883429598643
2458955 zr 4.510713891388344 0.09699885678008968
2458956 zr 5.936778561913554 2.533691326286828
2458962 zr 3.837908479129627 2.1846298313737975
2458964 zr 3.785250400695628 -3.0128958257885756
2458965 zr 3.4922226834785612 2.533691326286828
2458966 zr 3.476177377732449 0.7915943897900207
2458966 zr 3.7093226726952375 -10.507212483520561
2458967 zr 3.444307591970879 -2.668623634132132
2458972 zr 4.527362624761788 1.4874705942349369
2458980 zr 4.288280399385001 11.365538220506037
2458986 zr 3.511574841960778 4.634825236723513
2458992 zr 3.4697799164525733 0.09699885678716975
2458998 zr 3.1170548059961165 -0.5963183616346938
2459001 zr 6.586512644388583 -0.24981939442597276
2459005 zr 8.889457888330886 -5.413943155304344
2459012 zr 3.0714569911452845 -6.097118178047244
2459016 zr 5.860718342354727 -2.3240341699737748
2459019 zr 3.082793526723656 -4.729508402684002
2459022 zr 3.8485276763593257 3.2327798264927927
2459028 zr 4.82647392899801 -2.324032456219873
2459033 zr 7.259742616056872 -1.288352000169747
2459037 zr 4.795456597125687 -4.7294849262624785
2459040 zr 3.806226372816669 -0.942444726326206
2459043 zr 3.8769894043355175 6.042164944576253
2459193 zr 9.291069165343815 89.73793672556724
2459194 zr 6.354121719222648 78.7764163616553
2459194 zr 6.142913982290569 86.20886709986698
2459194 zr 6.361718294415104 99.40685395713396
2459194 zr 8.281579411804696 90.32685802731751
2459194 zr 10.985399842117499 77.10812340199496
2459195 zr 7.062068480930273 98.61087416597103
2459195 zr 11.103295732648235 91.96027043812846
2459195 zr 6.38345101248196 80.00969610469319
2459195 zr 5.833790787551335 87.81945965631034
2459196 zr 8.971711029455088 89.44355393627663
2459199 zr 10.428532133197347 90.90514277961353
2459200 zr 6.1146898562964775 81.88178979007112
2459200 zr 6.901316176503914 87.70222268637944
2459200 zr 10.060583817995806 77.15645076077787
2459217 zr 6.978015416599322 84.82778984260696
2459219 zr 6.251358913240896 82.29645912547866
2459228 zr 3.8414449518264173 80.9198564850537
2459231 zr 3.788738351167967 74.59508592475662
2459253 zr 3.1084539532689788 67.87502095437624
2459260 zr 6.777281579547809 77.8600879070511
2459264 zr 3.511574841960778 70.56330561855722
2459264 zr 3.4922226834785612 68.46217170812119
2459264 zr 3.788738351167967 63.25985674770223
2459264 zr 3.4221727512523468 60.85659695223572
2459264 zr 3.409588196752165 59.4902463080758
2459264 zr 3.4379687829685786 62.571629304817776
2459264 zr 3.4474813778557216 63.60444617183461
2459264 zr 3.498661523963024 69.16125993118553
2459264 zr 3.5148106118127265 70.91462486640964
2459264 zr 3.5083420509909513 70.21230979872152
2459264 zr 3.891299104404874 73.3829406546636
2459264 zr 3.5180493632917305 71.26626784030654
2459264 zr 3.4284824360728074 61.54166227725446
2459264 zr 3.743644612807346 58.80895635260978
2459264 zr 3.4729771740227204 66.37261706859906
2459264 zr 3.5148106118127265 70.91462486640964
2459264 zr 3.9020660293834504 74.4456715876776
2459264 zr 3.7922295156412935 63.60444617183461
2459264 zr 3.489007708299661 68.11311021320816
2459264 zr 3.553873204528459 75.1557919827288
2459264 zr 3.788738351167967 63.25985674770223
2459264 zr 3.7817656612654362 62.571629304817776
2459264 zr 3.8273185833261505 67.06785264243987
2459264 zr 3.8027223226964564 64.64012076359208
2459264 zr 3.8202748914249924 66.37261706859906
2459264 zr 3.8627323261568556 70.56330561855722
2459264 zr 3.760924491216913 60.51453722561766
2459264 zr 3.5342879413417245 73.02934905057347
2459264 zr 3.157507845891856 70.21230979872152
2459264 zr 3.450658088251957 63.949353120757024
2459264 zr 3.4474813778557216 63.60444617183461
2459264 zr 3.4825866344321454 67.4159509760693
2459264 zr 3.4825866344321454 67.4159509760693
2459264 zr 3.0856341924655264 61.54166227725446
2459264 zr 3.1458965590107706 68.81155484865187
2459264 zr 3.457020293360415 64.64012076359208
2459264 zr 3.1546010125447803 69.8616371091529
2459264 zr 3.1199270420788023 65.67866098719438
2459264 zr 3.8097336517730316 65.3321620201294
2459264 zr 3.5083420509909513 70.21230979872152
2459264 zr 3.511574841960778 70.56330561855722
2459264 zr 3.5051122361608673 69.8616371091529
2459264 zr 3.4954406211230786 68.81155484865187
2459264 zr 3.7817656612654362 62.571629304817776
2459264 zr 3.466585602309781 65.67866098719438
2459264 zr 3.450658088251957 63.949353120757024
2459264 zr 3.0970230551146045 62.915584556045786
2459264 zr 3.4729771740227204 66.37261706859906
2459264 zr 3.099876832773791 63.25985674770223
2459264 zr 3.444307591970879 63.25985674770223
2459264 zr 3.175005181480334 72.3231421026342
2459264 zr 3.082793526723656 61.19897187263612
2459264 zr 3.453837725854421 64.29457788705767
2459264 zr 3.105592279426761 63.949353120757024
2459264 zr 3.5018853947306803 69.51128725237609
2459264 zr 3.4697799164525733 66.02547923861445
2459264 zr 3.453837725854421 64.29457788705767
2459264 zr 3.4474813778557216 63.60444617183461
2459264 zr 3.4697799164525733 66.02547923861445
2459264 zr 3.457020293360415 64.64012076359208
2459264 zr 3.4954406211230786 68.81155484865187
2459264 zr 3.4825866344321454 67.4159509760693
2459264 zr 3.4284824360728074 61.54166227725446
2459264 zr 3.5310342404651367 72.67608296645702
2459264 zr 3.498661523963024 69.16125993118553
2459264 zr 3.8734202090597587 71.61823483854786
2459264 zr 3.778284129921249 62.227990702237406
2459264 zr 3.823795115505694 66.72007477162438
2459264 zr 3.8027223226964564 64.64012076359208
2459264 zr 3.823795115505694 66.72007477162438
2459264 zr 3.7922295156412935 63.60444617183461
2459264 zr 3.8734202090597587 71.61823483854786
2459264 zr 3.760924491216913 60.51453722561766
2459264 zr 3.4922226834785612 68.46217170812119
2459264 zr 3.859176256090046 70.21230979872152
2459264 zr 3.9309236994362506 77.29401860234034
2459264 zr 3.7713306796800876 61.54166227725446
2459264 zr 3.7922295156412935 63.60444617183461
2459264 zr 3.855623459776954 69.8616371091529
2459264 zr 3.8132441625407587 65.67866098719438
2459264 zr 3.431641639736079 61.884668456796334
2459264 zr 3.7922295156412935 63.60444617183461
2459264 zr 3.479380530296501 67.06785264243987
2459264 zr 3.8308452978753595 67.4159509760693
2459264 zr 3.855623459776954 69.8616371091529
2459264 zr 3.5051122361608673 69.8616371091529
2459264 zr 3.8027223226964564 64.64012076359208
2459264 zr 3.4284824360728074 61.54166227725446
2459264 zr 3.7817656612654362 62.571629304817776
2459264 zr 3.8202748914249924 66.37261706859906
2459264 zr 3.891299104404874 73.3829406546636
2459264 zr 3.8027223226964564 64.64012076359208
2459264 zr 3.8734202090597587 71.61823483854786
2459264 zr 4.229442986547838 71.97052615970628
2459264 zr 4.556645907009127 69.8616371091529
2459264 zr 3.8132441625407587 65.67866098719438
2459264 zr 4.15607307466149 65.3321620201294
2459264 zr 3.887716735475897 73.02934905057347
2459264 zr 3.880561888475964 72.3231421026342
2459264 zr 3.8485276763593257 69.16125993118553
2459264 zr 3.959994785949614 80.16343052408709
2459264 zr 3.891299104404874 73.3829406546636
2459264 zr 3.8097336517730316 65.3321620201294
2459264 zr 3.852073934203748 69.51128725237609
2459264 zr 4.190667220174274 68.46217170812119
2459264 zr 4.117969967683295 61.884668456796334
2459264 zr 4.213889810352934 70.56330561855722
2459264 zr 4.481725791212438 63.60444617183461
2459264 zr 4.144605271025306 64.29457788705767
2459264 zr 4.102826717691179 60.51453722561766
2459264 zr 3.8343752621450298 67.76437006780415
2459264 zr 4.245053568441682 73.3829406546636
2459264 zr 4.121764505368636 62.227990702237406
2459264 zr 4.221659235950076 71.26626784030654
2459264 zr 4.12936407348614 62.915584556045786
2459264 zr 4.245053568441682 73.3829406546636
2459264 zr 4.140789705902348 63.949353120757024
2459264 zr 4.148424352032498 64.64012076359208
2459264 zr 4.163735899743088 66.02547923861445
2459264 zr 3.8343752621450298 67.76437006780415
2459264 zr 3.837908479129627 68.11311021320816
2459264 zr 3.8027223226964564 64.64012076359208
2459264 zr 3.743644612807346 58.80895635260978
2459264 zr 4.175256636355801 67.06785264243987
2459264 zr 4.221659235950076 71.26626784030654
2459264 zr 3.8343752621450298 67.76437006780415
2459264 zr 4.268577540670202 75.51134301534935
2459264 zr 3.81675790809783 66.02547923861445
2459264 zr 3.852073934203748 69.51128725237609
2459264 zr 3.806226372816669 64.98598204348318
2459267 zr 5.2142660665986735 65.77600776890574
2459269 zr 5.311206510460222 72.17093542908762
2459273 zr 11.911596495296102 56.01711764329956
2459278 zr 4.875621288205004 63.1245009206233
2459292 zr 3.5212910991452357 63.314675969433694
2459295 zr 4.565047294549011 61.43458307785022
2459297 zr 4.961693861492454 64.41884489728213
2459301 zr 11.60956289886271 60.52249670528818
2459305 zr 6.863283279472158 50.0897920876126
2459307 zr 4.152246952163639 52.67308472757788
2459309 zr 4.416164896214123 45.30295906205813
2459311 zr 3.4825866344321454 54.08183563142757
2459315 zr 4.920734856537817 56.578742671263264
2459317 zr 3.4633942288845745 50.50257453703938
2459328 zr 6.401113529885994 37.62249228928692
2459334 zr 4.911678871387332 51.37248257277725
2459336 zr 3.8273185833261505 47.77741975052227
2459339 zr 3.466585602309781 45.72039165415978
2459341 zr 3.0742872107421415 39.774620116818475
2459343 zr 3.5440670439231816 53.25723594965614
2459345 zr 3.498661523963024 47.89587015333802
2459349 zr 3.1604173577647 48.447216272865894
2459350 zr 4.148424352032498 42.31390044979961
2459352 zr 4.152246952163639 42.242518421183696
2459352 zr 3.8202748914249924 43.629153446299576
2459353 zr 4.206134683393041 46.911051502306634
2459354 zr 5.286803733184797 48.81381195721758
2459354 zr 5.577273108574589 44.60765586531545
2459356 zr 6.309202025089561 46.29562684715927
2459356 zr 6.515900352664156 58.7633967199755
2459361 zr 7.958473324980309 40.41378521281597
2459364 zr 3.887716735475897 47.86494832821016
2459366 zr 3.1314424772668503 41.513368024452355
2459369 zr 3.5018853947306803 43.37866467416567
2459371 zr 3.498661523963024 42.647818667224705
2459373 zr 3.5277835349781492 45.43252632293012
2459375 zr 3.476177377732449 39.45589377401135
2459377 zr 3.479380530296501 39.43368118628171
2459379 zr 3.823795115505694 38.71945340832369
2459383 zr 6.920411586939399 36.26294732185955
2459387 zr 8.979978087221495 34.86288964153857
2459393 zr 3.409588196752165 29.020805524922636
2459400 zr 4.194528745347695 37.168637750460206
2459402 zr 4.594574323744242 41.05834295341318
2459404 zr 4.573464172279249 38.97031232774968
2459406 zr 5.21907079544475 34.450057254426945
2459410 zr 6.550214617925871 30.352180912936937
2459415 zr 7.415171904976788 38.64769750779816
2459423 zr 5.495686007158181 26.99597365019301
2459426 zr 5.475476402003755 25.18501997158417
2459427 zr 4.82647392899801 27.787752427339054
2459637 zr 4.198393828755629 14.204282749003392
2459641 zr 3.434803754473863 7.06203888564634
2459675 zr 3.788738351167967 6.470906581653049
2459679 zr 4.072707074381909 0.8263404822653762
2459682 zr 5.953205171042157 12.419874798566541
2459684 zr 8.136352672846556 16.2069636059446
2459688 zr 8.90106428532629 18.524535364279473
2459697 zr 5.4352798722635365 0.4226558060614032
2459699 zr 3.5148106118127265 13.129679558855255
2459699 zr 3.8132441625407587 7.8937156796399925
2459700 zr 3.799221498439863 6.470574932375278
2459702 zr 3.8132441625407587 7.777103819263672
2459707 zr 4.808725256263408 4.135779346702533
2459707 zr 4.461134131656903 3.7924571012614603
2459709 zr 4.984595999782723 17.700022672531727
2459709 zr 6.008289500280932 14.86215004967843
2459710 zr 6.332488853925113 13.061844539807833
2459710 zr 6.598656630643169 8.168193768100348
2459711 zr 7.442540792238682 15.849632556212274
2459712 zr 8.033654876895973 -5.54484418474492
2459712 zr 7.612452745633338 6.707644887907134
2459719 zr 4.498267531510609 6.454472157222115
2459719 zr 4.198393828755629 10.629750044924466
2459721 zr 3.7505470164273813 0.8879525579121408
2459723 zr 4.1829548314309415 9.091969806093434
2459726 zr 3.8308452978753595 8.63964682076332
2459730 zr 3.0970230551146045 4.003052630946659
2459735 zr 3.7367549121811807 -0.950253378619216
2459737 zr 3.5083420509909513 11.067593092683882
2459743 zr 8.009949259193935 8.078344222518062
2459747 zr 3.485795692859118 8.301226696175856
2459749 zr 4.83092132355274 4.424340969837437
2459751 zr 4.2255493189742825 12.0319459495322
2459752 zr 4.194528745347695 9.194847833467982
2459753 zr 3.4158746786023797 0.5258131512700093
2459755 zr 3.859176256090046 10.505220949623336
2459756 zr 3.450658088251957 4.212425520684679
2459759 zr 3.485795692859118 7.938782140010026
2459759 zr 3.5018853947306803 9.685699324581968
2459760 zr 3.8414449518264173 8.60731336916583
2459761 zr 3.547332753984955 14.561683222956287
2459765 zr 4.4899890436107475 4.2954598553729575
2459765 zr 3.837908479129627 8.113992181523447
2459772 zr 7.549611607419374 1.6893249672331603
2459772 zr 7.612452745633338 4.790638553920003
2459774 zr 7.180123670605869 18.834717023089453
2459775 zr 4.133169110365055 2.9824172454490157
2459775 zr 7.528780052755162 0.579157449982505
2459776 zr 6.047151515949452 15.206800251604982
2459777 zr 4.26464784543415 14.82427594890531
2459778 zr 4.136977653426866 3.2460862358852385
2459778 zr 4.81315629615601 2.2132693688684046
2459779 zr 4.581896568760158 11.585451069115653
2459779 zr 4.15607307466149 4.947086929538774
2459782 zr 7.408345423454114 11.858687872893848
2459785 zr 3.923689335527679 16.037266379464157
2459787 zr 4.871132742415101 6.473617743405097
2459789 zr 5.526140361367074 3.6492979681051487
2459791 zr 6.894962755711443 2.9086096983090304
2459798 zr 8.002575219681951 6.198847810128309
2459924 zr 8.795123408229326 8.098513216085063
2459924 zr 9.092011163223884 -21.31435409851075
2459924 zr 9.743162071682994 -9.092849719042295
2459924 zr 10.239999297348897 9.50832834223554
2459924 zr 14.406894786071447 -10.09937183473362
2459933 zr 6.484186981306713 -3.4532994336436156
2459933 zr 6.13160873227686 -4.135217169406126
2459935 zr 5.893195523926628 2.368699853231117
2459935 zr 5.780306272127016 -4.841179429527319
2459935 zr 6.063883518542777 13.27000193983785
2459952 zr 7.598442996879726 0.7791154328202192
2459970 zr 4.0952759881937135 -3.8841387835032877
2459977 zr 6.580449034880691 1.5434250237642364
2459996 zr 4.229442986547838 7.994993248289617
2460016 zr 6.939559832905147 1.8709084287679605
2460032 zr 4.159902722771737 1.3927518260518332
2460045 zr 3.466585602309781 1.2932334666793857
2460049 zr 3.434803754473863 -2.1868274042073317
2460055 zr 4.144605271025306 -0.16327980657981556
2460057 zr 6.490161889344521 -4.29913812750595
2460059 zr 4.083975941244377 -5.676912346723729
2460061 zr 3.8485276763593257 4.661586441220561
2460063 zr 4.175256636355801 2.5545064640901574
