jd filt fluxerr adjflux
2458207 zg 9.16040009781356 -5.228883876932247
2458207 zg 8.530109485006722 -0.35682183939834355
2458223 zg 2.6244921689734126 -0.19653425036941738
2458229 zg 3.0621179237931546 -0.6287263204575981
2458243 zg 2.8289805698176997 2.4699395746978765
2458246 zg 2.7799050637059284 -2.516071100756478
2458249 zg 2.891966034739528 0.055031528222452455
2458267 zg 10.717412733276042 -8.204946894313897
2458270 zg 6.096097539825836 -6.781013767756606
2458274 zg 2.4026094171911394 -2.400805616661417
2458277 zg 3.0143466032224513 -2.0705878484986084
2458280 zg 2.371827908687844 1.2216051786467907
2458283 zg 2.543579295722964 1.6931502861787582
2458286 zg 2.6231913079929536 1.7769803548907996
2458289 zg 6.344769786995276 9.08197435314162
2458293 zg 7.587586462472715 2.6977237171217325
2458299 zg 5.316988158551464 0.8828193767074974
2458302 zg 2.8030443200563293 -2.8917759526323623
2458305 zg 4.1165360648410525 -2.5716014227932575
2458338 zg 4.328372307111278 -0.47254714277222337
2458472 zg 11.856429972674974 -9.981036940040587
2458472 zg 11.584990680596892 3.494049524466137
2458472 zg 4.220085244511432 -1.0255140165696595
2458488 zg 2.7722345043040377 5.637788593869757
2458492 zg 3.5610201738693634 -5.821019165295594
2458495 zg 2.7671325601358183 0.961762574336904
2458502 zg 9.093753259174644 6.652716312084301
2458539 zg 10.381786777522034 -3.5230653905095575
2458543 zg 2.782466630353727 1.8880776451237526
2458547 zg 2.997734651089509 0.07770084376379482
2458568 zg 4.869024250818897 -4.156561593521423
2458581 zg 3.1508077976601268 0.1637046565474375
2458587 zg 6.744982791350643 -6.273520272980813
2458597 zg 3.3446513282223513 0.7934593663187952
2458600 zg 3.1276771091052447 3.7766815261292193
2458606 zg 2.3674628618103344 3.1708585463221173
2458617 zg 6.444895335106043 11.059600014345161
2458634 zg 2.7594972437530543 13.484070309763752
2458634 zg 2.926800954505198 -1.5187561590409948
2458635 zg 2.1942929819437325 1.0788133057943023
2458637 zg 2.5040631735975705 1.440875188205414
2458640 zg 2.8786786577763364 3.9592854188598956
2458643 zg 3.7278251147406913 5.204307107768306
2458649 zg 10.020097173444265 -2.27863702216377
2458652 zg 6.567209123202703 5.968955653097073
2458658 zg 2.6244921689734126 1.620542626772084
2458667 zg 2.7569568229526107 4.478756182119885
2458679 zg 7.7761014919129 0.7395813522968382
2458683 zg 5.1531795767234 6.57631841405343
2458686 zg 4.734925723620669 -0.9742436512580785
2458692 zg 4.566986890374025 -0.5199650341578401
2458831 zg 8.530109485006722 27.26741275632112
2458872 zg 3.3415722087111 8.425437035752616
2458882 zg 2.7141257452294116 13.816173326825213
2458884 zg 5.763680877161291 8.41043320546344
2458887 zg 7.48521759362846 -1.9098103098319505
2458896 zg 3.7936348816246754 13.496157340484908
2458911 zg 3.4290548661520326 9.54810198624004
2458915 zg 5.673135853549637 10.220279258665892
2458937 zg 2.494854836739491 12.330039569736986
2458944 zg 8.747012771164552 11.887571427448504
2458956 zg 7.510788377511506 21.23110323205163
2458963 zg 2.921414550491338 17.60088692616435
2458963 zg 2.8760285173724776 14.138993455841126
2458966 zg 7.844522914740799 28.419297573947233
2458972 zg 5.508837481777991 16.289972629657704
2458986 zg 2.5600313355988527 19.470952603467293
2458992 zg 2.7594972437530543 17.296963352222946
2458995 zg 2.8786786577763364 17.953790975349555
2458998 zg 3.292690042574544 18.583380140840124
2459012 zg 2.3652833517883325 15.207990591096323
2459018 zg 2.478821653595284 19.00144373631009
2459024 zg 2.3457578318289336 16.472271414971495
2459027 zg 4.455671563756224 16.012417421810408
2459033 zg 7.102388585431003 20.329157014389306
2459039 zg 4.546003491651701 18.39999027983797
2459043 zg 3.633912233963187 12.429543463631225
2459218 zg 6.964429165143521 22.706458852735427
2459225 zg 3.400747864718003 13.675696936403721
2459227 zg 3.3788929605611124 6.637699697610745
2459231 zg 3.32928405126451 13.578299914808028
2459250 zg 4.450714791782093 13.299725661670166
2459252 zg 2.8786786577763364 6.041522180013932
2459255 zg 4.296596890070695 11.797068133974607
2459256 zg 2.7696823574539495 11.905340103566736
2459265 zg 3.2355703747929625 7.285443321229304
2459269 zg 3.931261422013059 11.93998428126541
2459290 zg 2.7417633363354783 10.659320656253593
2459292 zg 2.709130742823883 7.39184537781161
2459305 zg 7.0811476987716695 0.8713511996564121
2459306 zg 4.468000063871218 7.407188871102126
2459308 zg 2.782466630353727 7.148284549996401
2459309 zg 2.736717470467089 7.9192566617647335
2459316 zg 2.140398382464181 13.077971640487268
2459319 zg 3.448056980057286 9.708444536645572
2459324 zg 3.5633257799635247 5.1556123582732045
2459334 zg 3.200006425130211 9.126756424211386
2459336 zg 2.7291660780841336 10.75611426427676
2459338 zg 3.250505089073993 1.222444544986562
2459340 zg 2.474259698371089 2.4169268330799216
2459342 zg 2.5365608272378384 6.913755393810856
2459344 zg 2.2860365774346887 4.40892536294007
2459346 zg 2.709130742823883 9.065139188616511
2459348 zg 2.5365608272378384 5.310621408285121
2459356 zg 8.942516715699835 10.52282611497731
2459362 zg 4.761164323306336 -1.3116714953916437
2459366 zg 2.9620554751999726 0.3686982785552724
2459368 zg 2.709130742823883 9.542433348065988
2459370 zg 3.179961863261402 1.2648138362824106
2459374 zg 2.5365608272378384 3.804404545536084
2459376 zg 3.245053876200226 6.503914784632267
2459378 zg 2.910671463189603 5.234530636007501
2459382 zg 8.038059549957032 6.937231828466395
2459387 zg 14.781407205702877 -0.7840596428108579
2459391 zg 7.449097402018868 -4.687262873748049
2459399 zg 4.008038869377706 8.347519005480072
2459401 zg 3.6970517515290404 8.498429978614276
2459405 zg 4.336352811611943 -0.6398726508464545
2459407 zg 5.486124929585255 4.167406097249414
2459409 zg 5.2007465913180315 2.2256584155916754
2459419 zg 10.987274022393617 5.023519656437137
2459600 zg 7.069372171760213 5.859200337028479
2459673 zg 3.2325916762999434 4.090852202893568
2459675 zg 2.865452330764789 4.935132240277508
2459677 zg 4.237645370703581 -1.0448130405959288
2459679 zg 4.239564272957052 1.5937831195825283
2459682 zg 8.49905000613144 3.8319441588065732
2459687 zg 12.200012556492657 -2.0989452478087296
2459694 zg 3.9240264365691493 3.4394152290034645
2459696 zg 3.5906612431806533 4.0548182014077625
2459699 zg 3.32009759687281 4.450532906676831
2459701 zg 3.1741095488708906 6.1767322953001695
2459711 zg 8.090249592853972 11.36770811248036
2459715 zg 10.956753795751496 -14.322692517719736
2459722 zg 3.3446513282223513 2.7158972603619085
2459724 zg 3.646326299850026 1.1028506967770946
2459726 zg 3.0990023930113355 4.179140658842609
2459730 zg 3.096149420370152 4.220417734602678
2459732 zg 2.9187250669966107 2.946794127200234
2459734 zg 3.4194074243741945 -2.5808587555036193
2459736 zg 3.7038682488284667 1.3112098259694045
2459742 zg 13.77506378256219 -4.718647118928689
2459753 zg 3.3787094797152397 2.236444178292915
2459756 zg 3.4735570330816246 -5.805181877173659
2459758 zg 3.5446587723676424 -1.5280753252002148
2459760 zg 3.223672024043165 2.13900921372922
2459762 zg 3.0904513520953896 -1.083295431295583
2459764 zg 3.147907132444566 -0.3821117820408355
2459770 zg 6.586457703745684 6.763122031518298
2459770 zg 8.82794788384743 3.95663558784106
2459935 zg 4.939412277687735 -10.473374500445297
2459938 zg 3.9059971727915412 -1.57256504300301
2460036 zg 5.322004983797784 4.506016590378794
2460045 zg 3.899918487451257 0.22825158196358117
2460051 zg 2.7468185055984042 0.3430209184082409
2460055 zg 3.347733285013885 -3.7710573484610697
2460057 zg 3.1161755205240937 -0.9664107115782826
2460059 zg 3.244522948870045 -0.26553254579023794
2460061 zg 3.7786087385755596 7.822954965302556
2460063 zg 5.290052234005783 1.9119215788663277
2460065 zg 6.671207202456585 -5.095918949745307
2458218 zr 3.862157359030864 3.7770166365334705
2458219 zr 4.003409031797269 4.146655390794962
2458219 zr 3.890719885118234 -0.43225170760364584
2458231 zr 4.516706926379229 1.6287652442684004
2458243 zr 4.369401079060182 1.8179154560940352
2458246 zr 4.301235167477251 6.235006347880184
2458256 zr 3.629487301272783 -2.177185649999617
2458256 zr 3.612811321895503 1.8218457029701538
2458270 zr 5.803917408585357 6.739975231601648
2458274 zr 3.592901252933792 4.755956910966022
2458277 zr 3.31347100805124 1.596730395527775
2458283 zr 3.390651662664278 4.253259538656386
2458286 zr 3.963053768312337 -3.5716604282933755
2458289 zr 6.021877610512414 2.4576054320253014
2458293 zr 8.831121681332299 10.601874951949352
2458296 zr 7.142363309546981 2.4005896304268797
2458305 zr 5.053292462615921 -3.3188856037290444
2458450 zr 10.958889198823439 1.0527657677539544
2458450 zr 9.271926351432764 -4.190705389613671
2458450 zr 8.563511933413137 -3.7779384360319925
2458451 zr 7.785126846253983 11.543208582287251
2458451 zr 8.398914953428832 3.8594822315078074
2458451 zr 8.044516130351703 -19.021036867471963
2458451 zr 9.367331049027106 -0.37406241193764794
2458457 zr 7.600911800608817 -1.9962696599074616
2458458 zr 11.364523194102102 -10.623336915000014
2458469 zr 4.088774768846851 4.081580578204366
2458474 zr 12.922739965264524 21.468717370692453
2458477 zr 6.246399616082904 -7.213327388338701
2458539 zr 5.73483891626649 -2.45556065514579
2458557 zr 4.525034675795566 4.690449725683972
2458560 zr 5.476863594233931 3.5954882876512406
2458573 zr 4.537555098300378 1.2210536678673432
2458581 zr 6.160695800397234 -3.110319828839369
2458584 zr 3.963053768312337 -0.23171791080820314
2458587 zr 5.030074692749529 -0.5061304434487255
2458594 zr 12.323986654086838 3.4693819730642583
2458597 zr 4.191728910624607 -4.547676492742717
2458606 zr 3.8161897842570607 -9.733774817259876
2458617 zr 5.983030595076664 -2.1103039396884715
2458634 zr 3.3441301778071306 6.390647205273883
2458634 zr 3.0711046395385084 0.49938304653543164
2458637 zr 3.040147214020901 5.9589077238683705
2458640 zr 3.862157359030864 6.743108448667682
2458643 zr 3.90867863213992 2.6423780935995946
2458649 zr 9.327834800927047 0.851899175762826
2458652 zr 7.992082535751552 8.290710222625739
2458655 zr 5.687637704812691 6.357067528058156
2458658 zr 4.422032311303129 1.7562167654318144
2458661 zr 3.6261459589119696 0.5679786227011279
2458667 zr 3.8161897842570607 -3.5718624150106164
2458670 zr 4.491815522325264 5.198478139712696
2458676 zr 8.265395182846808 5.1248005371881655
2458686 zr 5.609600389959337 10.271480266344199
2458873 zr 5.463306048369438 5.132451134231222
2458885 zr 4.874997912233211 6.100523753692322
2458888 zr 5.299751786102109 -0.15250911530831956
2458899 zr 3.3410515380721715 7.559287882621579
2458905 zr 3.8764123150455965 4.6258354995830135
2458911 zr 4.195591414101535 3.7900240019318447
2458915 zr 5.403255819572057 6.812381472064305
2458940 zr 6.042682349689845 13.117584290176021
2458941 zr 4.491815522325264 11.145166690715438
2458944 zr 6.77706947168886 4.959054291913547
2458956 zr 3.53708324681377 7.522161915034877
2458966 zr 5.142501582873826 3.190544339034838
2458980 zr 3.048559067260385 9.954471381633727
2458986 zr 3.0541798959762683 5.1027729727448445
2458992 zr 3.334902758672772 12.477644668964107
2458995 zr 3.3441301778071306 8.576479011948217
2458998 zr 3.0852802144776352 8.491014359794521
2459012 zr 3.0824398746114396 7.792951802044699
2459015 zr 3.356473131281228 11.294712584343161
2459021 zr 3.274033923498672 9.771338332183804
2459024 zr 3.5796888686043427 7.658646920491415
2459027 zr 4.9153092880316995 8.903250206569288
2459033 zr 7.093740167580456 0.7624768697150337
2459036 zr 7.225622643791006 19.14633402492948
2459043 zr 4.257877749557775 7.883390014612154
2459180 zr 14.634496952226309 2.152886042433364
2459182 zr 12.038444766581325 21.969348808381866
2459184 zr 14.272168221289713 -31.818926932872166
2459184 zr 13.717404119010363 -4.6166164923499045
2459185 zr 14.75926119166339 18.692854090993947
2459185 zr 10.160232660014694 -5.905283929373398
2459185 zr 9.848743933639936 -7.766174133295881
2459185 zr 9.99010316968944 4.318295310687353
2459186 zr 9.40701653200988 6.437217267826082
2459186 zr 9.353644201546093 9.978952120940036
2459186 zr 11.769315884880044 -1.748270915827299
2459186 zr 13.34681984895139 22.687056874424222
2459189 zr 6.875640651684632 8.317673261279051
2459189 zr 7.07416649362754 7.9528874997971695
2459189 zr 8.791513002956982 11.727558675929933
2459189 zr 10.18834524141236 4.806881655906469
2459190 zr 5.461751348825228 7.4195392027114835
2459190 zr 7.713752374310739 11.731633461535564
2459190 zr 5.772074456409817 1.7184760448686935
2459190 zr 5.761309729984353 5.133645105925076
2459190 zr 5.86842047487445 6.459127711631451
2459218 zr 5.5224516800854 6.177684242834633
2459224 zr 4.947370487477136 11.51903784923319
2459227 zr 4.13421623387631 -3.5197506229973436
2459228 zr 4.471177504666248 3.03406492962158
2459232 zr 3.530573696046859 4.8597695582631175
2459250 zr 5.428196115255705 8.697094094386774
2459256 zr 3.3410515380721715 9.996083312747116
2459260 zr 6.074696848093939 3.5533719229901584
2459269 zr 5.112761448845054 4.125977605251866
2459273 zr 14.367387279980383 25.969225480417933
2459278 zr 4.983958690772909 -5.329496837506844
2459290 zr 3.0796021495905714 8.576323472759196
2459292 zr 3.3043281864040086 4.14429297537605
2459295 zr 3.9339602252186703 6.258330665142673
2459297 zr 5.503709845269376 -1.9094156294242657
2459307 zr 3.616140376944117 4.815887715092688
2459307 zr 4.069988555240395 6.119423315073775
2459308 zr 3.6833694459500452 8.555177556499583
2459309 zr 3.8728436510440107 2.3448088985318085
2459309 zr 3.926720272971536 2.992063099209975
2459311 zr 3.2680084814747037 9.58344199471637
2459313 zr 3.6028425340350005 2.2044964495318675
2459316 zr 3.609485331608317 6.495929095492746
2459319 zr 3.8373372070295333 4.675878793386321
2459322 zr 3.7258894475790787 8.748668339203071
2459324 zr 4.821152291944152 4.850022000449718
2459328 zr 6.884017055008352 13.474994489982969
2459334 zr 5.719014842580732 3.4714514278397157
2459338 zr 4.107647695675448 5.061970046234378
2459340 zr 3.0317585715092936 6.468098739297252
2459342 zr 3.310420593455026 0.5346833821286969
2459344 zr 3.316524233477347 2.574677353727549
2459346 zr 3.5078844662611064 5.47828169167161
2459348 zr 3.0289675042036746 4.623941825842035
2459350 zr 3.8835595112042705 -0.22571103895767397
2459354 zr 5.039348972057299 0.7127608829120162
2459354 zr 4.993147942976918 -2.8902369652979973
2459355 zr 6.374259867908078 -1.8758695764916156
2459356 zr 7.326141067576471 2.4112749172115215
2459362 zr 4.454735384096229 1.51770903798766
2459364 zr 3.592901252933792 -0.7658226317107415
2459366 zr 3.5208318255017637 3.4882411092130816
2459368 zr 3.040147214020901 0.6604355554929247
2459372 zr 3.8373372070295333 -0.6636058987584215
2459376 zr 3.6261459589119696 3.88497753811964
2459378 zr 3.566525070942694 0.2696186152549793
2459380 zr 5.40669566677513 3.517242376483
2459387 zr 8.938478971624944 15.684127069924315
2459391 zr 7.063857630550579 -7.875366832190412
2459393 zr 3.334902758672772 2.4536482110637112
2459396 zr 3.2619941285085794 -0.38087827484081105
2459403 zr 4.100088093782637 -4.983465910710602
2459405 zr 4.454735384096229 5.558567350435322
2459407 zr 4.426107029764584 2.9509664050324003
2459415 zr 6.682103076144343 13.495042364874402
2459600 zr 6.281014051149012 -0.19081948882871735
2459670 zr 3.042948582963151 0.5027419563424669
2459673 zr 3.7430873718695947 0.040408994074662474
2459675 zr 3.5208318255017637 -6.385786551829671
2459677 zr 4.677587406708863 -5.646269207727525
2459679 zr 5.203020414522235 0.6473716340854831
2459690 zr 4.450634310085067 2.8161173261775168
2459699 zr 3.286118156540359 7.725412809341643
2459699 zr 3.5534096812782856 -1.5914870232444778
2459702 zr 3.596211961683724 -0.9711194955505653
2459709 zr 4.222728778116009 -3.169197759845374
2459709 zr 5.304635286475605 -10.488729071753804
2459719 zr 3.5273234145416756 4.818955336814919
2459724 zr 3.6194724995781855 4.659488131455604
2459726 zr 3.6833694459500452 3.610702628782822
2459730 zr 3.390651662664278 -5.175064339497161
2459732 zr 3.9231052949600143 -3.038898171856654
2459734 zr 4.2110770521799346 -4.869651809827646
2459736 zr 3.788174398034034 4.217440278734366
2459738 zr 5.016195266710696 3.189135288363842
2459742 zr 9.13231421841736 -6.050476009803985
2459750 zr 3.517590512460174 -2.0431247901340788
2459753 zr 3.599525721113768 2.144270482729847
2459756 zr 3.2770508092951367 -3.7009405117572496
2459760 zr 4.214957384162861 -8.601099054882768
2459762 zr 4.2110770521799346 4.165212161284493
2459772 zr 8.528322654350848 9.710329157926461
2459772 zr 7.678480344816961 -1.4275257165490263
2459774 zr 7.376357172026373 -5.046686974519212
2459774 zr 7.8462105899200285 6.218352285829687
2459776 zr 3.569811475140298 4.805478247147479
2459778 zr 4.430185502909253 -3.1405283085391478
2459910 zr 8.615165459904661 0.41070528768639253
2459914 zr 8.375739926014115 3.4495650607249013
2459936 zr 4.157126000809616 0.5014281377002541
2460030 zr 3.090968748386098 0.23706106251206896
2460036 zr 5.11416144771919 6.076144211142405
2460043 zr 6.257916513593593 8.602017655070156
2460045 zr 3.0796021495905714 1.2232689231446658
2460051 zr 3.2680084814747037 3.7895748199668553
2460055 zr 3.316524233477347 0.4267155005573568
2460059 zr 4.214957384162861 -4.342264528183989
2460061 zr 3.616140376944117 1.3750392504674274
2460063 zr 3.9375852055959846 -2.3052638561324534
