jd filt fluxerr adjflux
2458203 zg 4.374763756078407 -5.103121363058978
2458206 zg 6.226526839696091 12.55197576057763
2458206 zg 6.435761908317677 -2.0967615973258544
2458233 zg 5.165301646115074 -0.43061501503916144
2458236 zg 13.319613999948029 2.4481084062780414
2458237 zg 11.521576256455193 -20.211114624939952
2458244 zg 3.50821164386227 6.837939935986443
2458247 zg 2.5366465637529183 0.46910974055768495
2458262 zg 4.8138212080854474 2.109599900504342
2458267 zg 13.773832099933776 0.16605463228980044
2458270 zg 6.158087627609755 8.265963618100935
2458273 zg 2.5020727142707093 5.174455881722252
2458279 zg 2.5743047633270706 3.0698586232915703
2458282 zg 2.826595236785439 3.3500675692008395
2458295 zg 7.2741126311855036 -5.740445788460762
2458298 zg 5.882700411792147 11.800637013965428
2458304 zg 2.671160148863355 4.619492220507716
2458332 zg 3.0830519730819526 8.696123200979429
2458336 zg 3.191654473804016 9.96150713252968
2458493 zg 3.0929291613616976 16.889114957013213
2458540 zg 3.9826338853379624 31.997968643231495
2458544 zg 6.850832057227472 38.505331294395546
2458568 zg 9.765349488028763 35.08953628711277
2458584 zg 3.0228449306713463 35.83762236386626
2458587 zg 7.121659657546703 38.41328123742436
2458591 zg 13.97727455555729 33.27886683392156
2458597 zg 4.84778294339627 35.26915975011143
2458616 zg 4.494648034083129 39.86717639785313
2458619 zg 11.043005774331652 30.57923772679732
2458633 zg 2.9704063786173545 38.91583038999662
2458636 zg 2.450616069013051 39.555875887027135
2458639 zg 3.0830519730819526 40.845330032511406
2458642 zg 2.093693817688836 37.45427499476829
2458645 zg 5.391752178826716 40.06457152930475
2458650 zg 17.187011999579852 68.24869139715844
2458653 zg 7.128397610227445 40.490951208939585
2458657 zg 3.041248496662257 42.220637157235394
2458660 zg 2.5719348325789086 43.672711245377954
2458665 zg 2.476623333334741 41.337567140648176
2458674 zg 5.534694046691518 53.076975668372015
2458683 zg 3.6997002248433892 44.25092361123221
2458686 zg 3.400649876870023 37.45637483582699
2458690 zg 3.0539619569847307 45.4433231530523
2458716 zg 3.5555243152558096 47.63799925070875
2458720 zg 3.861457144990606 47.35393108861719
2458723 zg 4.3141774947960405 46.84801605173516
2458726 zg 4.58878815876537 52.695683778605684
2458853 zg 3.7384001518775163 34.200861714500675
2458874 zg 2.8174220374178223 37.47046649803474
2458877 zg 2.688437390173603 33.02053821414287
2458893 zg 6.223158203514761 32.81245392816497
2458896 zg 4.241450888676434 29.37192463628203
2458905 zg 3.258223306968732 27.69939646454434
2458909 zg 40.75181543563416 -13.137674986852588
2458914 zg 7.9840120097966665 33.14057823268919
2458943 zg 5.511755649842696 29.427492756669093
2458954 zg 3.328161785937085 29.253868862834835
2458963 zg 3.044878539676308 30.919319908305244
2458963 zg 2.7434681763626307 26.26956648312607
2458969 zg 9.517044515396893 29.358070061341067
2458973 zg 8.314213672939191 20.87279182883107
2458978 zg 15.173409369575712 34.57729419606369
2458986 zg 2.4438001836089978 30.551603320960787
2458992 zg 2.511307691816141 26.190145533646493
2458995 zg 2.5969625873870252 27.48645086213387
2458998 zg 2.525224108051439 24.9072780024418
2459001 zg 5.451172884586994 26.58653637120459
2459012 zg 2.299721666667974 27.912572483763743
2459016 zg 2.4629747541631604 22.691497732289708
2459019 zg 2.44714644835091 28.506826764117008
2459022 zg 2.513390448268852 24.24093875679305
2459025 zg 2.8262844483908056 27.467442713066543
2459028 zg 4.368319977255886 26.877625042697918
2459032 zg 8.218647998537591 20.85237512861885
2459035 zg 8.348041532979956 24.85887084553517
2459038 zg 4.467844083951178 30.806009499306118
2459041 zg 2.892435097816703 17.973614699947856
2459229 zg 2.8990246442890495 14.94711245407973
2459232 zg 3.1659470932415603 12.0175589181624
2459248 zg 5.531357951705855 16.575493066929646
2459256 zg 2.3684580290987407 11.804866857492678
2459269 zg 5.089741066411721 10.410472843067012
2459279 zg 4.932824776604229 10.197403319868865
2459290 zg 2.6491096022504195 10.635931667436212
2459292 zg 2.9323504263899913 13.303376103184796
2459302 zg 11.567111121450585 13.530546486218027
2459305 zg 7.296820261842713 6.846921660837257
2459307 zg 3.6155168052931184 10.442882280796569
2459309 zg 2.7409425120821607 13.381865969088999
2459313 zg 4.2665018008112225 11.786165647521587
2459315 zg 4.487451697176395 9.380577225025885
2459317 zg 2.485764378973179 8.52594412883279
2459320 zg 2.8017100221296163 10.996298664829867
2459322 zg 2.954361415907693 6.944025944753959
2459324 zg 3.2446658157267625 16.635503403414802
2459328 zg 7.536799254343562 8.366461676184132
2459334 zg 3.2696679705823657 9.794068146000221
2459336 zg 3.9586874960980056 14.530241286278912
2459339 zg 2.588808505710549 10.833580008003558
2459341 zg 2.2296769160964542 11.849488296372439
2459343 zg 2.504147811682227 9.185079523761827
2459345 zg 2.7581836749932895 5.6610956975516284
2459349 zg 2.1087726725592395 4.313664607374195
2459353 zg 2.9258489890561483 10.403184004124416
2459356 zg 6.732295843577282 13.61976552464579
2459361 zg 7.376040670995919 23.297667802625817
2459363 zg 4.198973814521629 9.270889154791648
2459365 zg 2.6031543928498824 7.87938126572141
2459367 zg 2.7520962767203057 7.262620725668996
2459369 zg 2.7929529700874323 10.283263566654139
2459379 zg 3.111748076085885 5.539829520000664
2459385 zg 7.415165604314627 1.6141832453545453
2459392 zg 2.7862699022946207 8.267516048083287
2459394 zg 3.2297579304697326 2.9261376477558967
2459396 zg 2.569803562496212 9.78816836590707
2459399 zg 2.956758601011248 7.116172848746717
2459401 zg 3.3324985819985202 11.293488368087488
2459405 zg 3.24267671510679 4.829139905601231
2459407 zg 3.9664299329978867 6.2196190763235695
2459409 zg 3.847257184490805 4.637482937550274
2459411 zg 4.869278539928393 -4.287171791238507
2459419 zg 12.90051477167641 26.631117403926265
2459423 zg 3.6338075278062565 8.950946851453052
2459425 zg 4.406278397489333 3.5975320976694123
2459430 zg 3.360237492935787 3.9261384039359926
2459435 zg 3.4904829870713763 5.193840924900895
2459438 zg 4.314739747103071 10.319403708896544
2459443 zg 13.09995884206029 -8.691951080139535
2459447 zg 12.7295174851502 18.6842229114508
2459450 zg 18.874176556989415 -2.159103092541022
2459600 zg 8.027494585628283 2.3577039401684905
2459675 zg 2.9242592262887928 6.357894155531522
2459679 zg 5.591829753383401 -0.7682161316774203
2459683 zg 6.699228467990307 2.216363293733318
2459695 zg 4.1563723085795345 1.1784223163249457
2459700 zg 3.402252453744358 2.5396079529859805
2459702 zg 2.745510972138865 2.733793906843199
2459712 zg 7.112014839124981 0.02582833400637652
2459722 zg 2.64667080541833 4.695141235109158
2459722 zg 2.6077140101245067 3.5725800509707506
2459724 zg 2.9054664760871294 8.621264443794416
2459726 zg 2.492642297597456 9.86167577444919
2459732 zg 2.8162008340498486 5.384514263199618
2459734 zg 3.465003303557524 3.6217947095759224
2459736 zg 3.1519610781345695 2.892557687042043
2459738 zg 4.367769995952444 0.8727641703968718
2459743 zg 13.910846868734 23.43529489791333
2459747 zg 4.2297475030405165 -3.5477229651114737
2459749 zg 3.1420700915986046 3.4191237485715575
2459755 zg 3.081881024342578 5.215306957595302
2459761 zg 2.76885317485352 0.2484219678506312
2459763 zg 3.0552862619073324 0.034467874588452574
2459768 zg 5.3675710089949 3.800015565282317
2459768 zg 5.81237920845481 0.9208918523195324
2459771 zg 7.378785361192848 8.216664029827406
2459782 zg 3.4521171514159437 4.87531215291545
2459791 zg 5.931666585003678 1.365216258234188
2459794 zg 4.47169252086112 -3.382464009651691
2459806 zg 3.8014669522806632 -1.582422293090778
2459810 zg 5.803391949330734 3.374350829893187
2459970 zg 3.832784863371451 -2.892317581676181
2460032 zg 5.013371900360593 3.928384047818594
2460043 zg 8.294694212172422 4.724328265404697
2460045 zg 3.578372318384454 -0.9505188083764591
2460049 zg 3.1014870581850835 -1.1034087501522272
2460057 zg 3.9206186856250946 5.020299023624122
2460061 zg 3.050492582361585 -2.5758591749648807
2460063 zg 2.8307396418891444 0.4827380005665337
2458198 zr 5.398112578706641 14.22548532573249
2458198 zr 3.603718425828181 0.04634344787826328
2458217 zr 3.815701862641603 3.444879836019796
2458217 zr 3.9870853257318903 8.4863814010354
2458247 zr 3.7046812756100533 8.307130624361267
2458256 zr 4.2447833573794655 -3.3250446414680113
2458262 zr 5.749971513306666 3.4871547341048963
2458270 zr 5.405871188680063 -4.103324385574817
2458273 zr 4.259238158004938 -0.5181478797272558
2458279 zr 3.4899717505805206 -0.40947892927217855
2458282 zr 3.7495092906322256 1.3638497799209293
2458288 zr 4.139347857084836 1.8036293937255292
2458291 zr 6.620085870119006 16.403864413637617
2458295 zr 6.576818681542578 -1.1836006196582551
2458304 zr 4.496982770870984 3.2034669529702287
2458312 zr 4.098788696873286 2.852645986500928
2458336 zr 3.5970862415097207 4.650715128793676
2458339 zr 6.463438529000101 5.332765620613388
2458468 zr 5.231689221062052 15.20376028583096
2458468 zr 5.162139837057371 9.784390767424009
2458469 zr 5.771194260954793 0.9792092320286923
2458469 zr 5.050253411127183 2.8134825116131807
2458469 zr 5.443045160181386 15.348598985890028
2458469 zr 6.284922501626934 11.700160680024693
2458472 zr 6.079948867178857 8.248563472520347
2458472 zr 8.37308549266428 10.8981539929008
2458472 zr 5.588119607064528 7.841001098378744
2458472 zr 5.396512292401633 10.474622327678734
2458473 zr 5.715575425467995 5.125930679561337
2458473 zr 6.08499128104816 10.01472605459067
2458473 zr 7.022045234579524 11.416900778288696
2458473 zr 9.43440341458788 25.538686377752107
2458477 zr 6.768051002288123 6.452324040863112
2458477 zr 6.801126394211686 6.398096598372539
2458477 zr 7.178205194545316 5.916425759300861
2458477 zr 8.380800941949655 18.914499192360303
2458483 zr 8.581263134990051 10.031360011599892
2458483 zr 5.593392257423764 20.025985319330363
2458483 zr 7.478326627343269 6.986309539104869
2458504 zr 15.357964121287491 21.904314722044198
2458541 zr 4.7602500356475606 19.990683959253733
2458560 zr 4.759097581615269 10.570325573615879
2458573 zr 4.298648403454421 23.067381900445913
2458581 zr 6.203831024235674 22.54560591327831
2458584 zr 4.406778517914195 13.261993663053946
2458587 zr 6.6474014465273505 19.492029124858277
2458591 zr 8.152741137594168 7.637953874350977
2458597 zr 4.435281854147056 9.39597659159227
2458602 zr 4.139347857084836 16.900521124361944
2458606 zr 3.773761365835152 8.798327659200483
2458616 zr 4.633664758385133 25.262552805169356
2458619 zr 11.837314309051672 6.255405844499366
2458628 zr 4.097622299665723 21.605541515045342
2458633 zr 3.7185569235778275 20.641621407685843
2458636 zr 3.7357210024753353 20.531064658511145
2458639 zr 3.8227371229490505 14.502551821576702
2458642 zr 3.5641079566220886 19.161982861747195
2458645 zr 5.924612633074834 33.94290424807825
2458650 zr 9.000896869311077 23.04306806562964
2458660 zr 3.3298288487341483 22.44799609403924
2458668 zr 4.031396643581713 21.939935029404197
2458674 zr 5.268357976538845 11.315638940623932
2458677 zr 7.2312915020336135 19.861626916059443
2458690 zr 4.578514667009454 19.200162592219176
2458693 zr 7.721212863860729 18.846060291607685
2458698 zr 5.28983270810253 13.896483032565051
2458716 zr 5.461038985555311 13.872023757129355
2458723 zr 6.919323294027004 21.344576090320043
2458882 zr 3.670915891812916 15.770722485042539
2458886 zr 3.8439208278110355 11.039501814760314
2458895 zr 4.612375002687408 23.221721416292425
2458900 zr 3.7772387296407377 15.758244087608674
2458905 zr 3.854556660746557 22.18154196164798
2458908 zr 3.7971305580467116 11.633034353144295
2458915 zr 3.28414188416948 17.736894696391143
2458954 zr 4.912619985044109 13.148351255076742
2458966 zr 3.5673921335495864 10.998594759725021
2458973 zr 5.501304614815072 24.54577652051224
2458978 zr 7.1809325257619 15.507272355225572
2458981 zr 4.263162868439485 18.55259382554962
2458992 zr 3.4168185136098095 6.825792250986292
2458995 zr 3.3359682730323104 12.07268250964744
2458998 zr 3.3513664029560193 9.669626002426414
2459005 zr 9.618657101591323 8.894571085347277
2459012 zr 3.3053839320691805 13.899771818992829
2459019 zr 3.2180529668324698 16.65741147155515
2459022 zr 3.2658270961088314 9.161638567938551
2459028 zr 4.920732594301228 10.207277303289134
2459035 zr 9.955703024839371 15.367236859833755
2459038 zr 3.376151382286014 9.22372217261845
2459044 zr 3.603718425828181 8.595532775741237
2459112 zr 5.867670163867868 11.301796482624457
2459112 zr 6.368888162808891 15.513246240687403
2459112 zr 5.676304609412868 5.29744420655908
2459112 zr 7.416592706240441 10.59179802333304
2459112 zr 6.56828376833896 21.959316175768862
2459205 zr 5.41097187919299 3.1908963991885657
2459205 zr 5.396041448019929 8.257436403201083
2459205 zr 6.799290906308192 4.225501561805535
2459207 zr 11.18573737323435 15.436609007450809
2459228 zr 4.468082913733014 3.8919435420039394
2459231 zr 3.9870853257318903 4.511776343035702
2459248 zr 7.004559778115973 8.353379144708956
2459254 zr 3.728845884243792 8.753638210906711
2459255 zr 3.8866410566687812 3.7597187355929647
2459262 zr 4.035111407557331 1.9435204692929724
2459269 zr 5.822371693395173 3.558329075427556
2459271 zr 6.8893912000892605 -0.23930043391287192
2459273 zr 10.396759765026525 5.278295848535691
2459275 zr 7.981518517350072 -6.492200038253291
2459278 zr 4.990145062418974 2.828412956037905
2459290 zr 3.3267633749459824 14.280150310992463
2459292 zr 3.6742984878008538 3.4819284329479174
2459295 zr 4.989186803527607 11.70665915519576
2459297 zr 5.501426016426631 4.535302544105506
2459300 zr 7.826542957427385 7.022327085348692
2459302 zr 9.628335598679953 4.009151993763866
2459305 zr 7.21446996487987 -5.133112701867391
2459307 zr 4.139347857084836 4.124969257438695
2459309 zr 3.829785354628297 12.24522969319741
2459311 zr 3.7014717064593996 8.246927608085315
2459317 zr 3.293011049747955 6.251304800557843
2459324 zr 4.999345720842968 11.509658991683715
2459328 zr 6.341955402157103 4.632054885722919
2459334 zr 5.183724805979456 3.7323827747006377
2459336 zr 4.427119283356221 -3.645837805444863
2459339 zr 3.1826815607224055 10.009630781455996
2459341 zr 3.357545537458434 6.724976901480502
2459343 zr 3.6103628383407704 4.05395381660566
2459352 zr 4.50942557591496 0.11919601304472849
2459352 zr 4.447553937505648 1.9879094996771167
2459353 zr 4.09501531094737 5.454155571225765
2459356 zr 5.694557208192033 -7.566748680274682
2459361 zr 8.094062172029894 6.162871607620808
2459365 zr 4.680848766767919 14.178844452490317
2459369 zr 3.3513664029560193 5.561139480505374
2459370 zr 3.463784387105786 2.2378008360887867
2459370 zr 3.4351906919214925 3.4040707589396373
2459370 zr 3.3948603314372328 0.14091477956580878
2459370 zr 3.2901970724083553 2.381915169121741
2459370 zr 3.3513664029560193 7.863769755587972
2459370 zr 3.557548670322195 6.8469075757342175
2459370 zr 3.3917349890147586 7.59247637251735
2459370 zr 3.7254130713763516 2.1419150578959147
2459370 zr 3.4262725873302733 6.805772660819894
2459370 zr 3.617019501593392 0.7433084501759217
2459370 zr 3.3267633749459824 7.280183808891977
2459370 zr 3.357545537458434 6.141099373236679
2459370 zr 3.3668356074181216 5.559377231887233
2459370 zr 3.6203524343041975 4.191034051771897
2459370 zr 3.3328971472286453 2.1505057676004715
2459370 zr 3.5838584674788456 7.890574603329734
2459370 zr 3.531432018467655 4.4685533565115305
2459370 zr 3.541203218930436 2.497938281862918
2459370 zr 3.3979885537324894 3.577189316948024
2459370 zr 3.657218014469384 -1.4886048162456689
2459370 zr 3.429429754710043 1.5261133019826438
2459370 zr 3.6004008065521913 2.0751578891999833
2459370 zr 3.663961067689753 -4.630292257262672
2459370 zr 3.5772628328817544 4.699987093948873
2459370 zr 3.571263635626841 8.641288191635528
2459370 zr 3.357545537458434 5.771369024027914
2459370 zr 3.5608268031407704 1.93499394634601
2459370 zr 3.5838584674788456 7.980784189882124
2459370 zr 3.4899717505805206 1.9917139153773071
2459370 zr 3.466976120045532 1.2718504149669965
2459370 zr 3.3482811014797127 6.035939218878872
2459370 zr 3.7357210024753353 8.04336311839474
2459370 zr 3.6673372550971512 2.825415018591526
2459370 zr 3.784203072941912 6.066350449686599
2459370 zr 3.541203218930436 8.529437758801265
2459370 zr 3.59046626288095 -1.7233637034056022
2459370 zr 3.8227371229490505 5.944730847654265
2459370 zr 3.54773236804731 -1.5025786492874325
2459370 zr 3.5641079566220886 6.779443898428843
2459370 zr 3.7012707089233428 3.3148247307977816
2459370 zr 3.6437691143794213 6.0062830224993355
2459370 zr 3.4325898312879684 4.383945300773284
2459370 zr 3.6980640945341943 3.863443480595145
2459370 zr 3.573969568889584 4.876811886704161
2459370 zr 3.580559131479421 4.31214647760466
2459370 zr 3.537943151780033 3.3880735279202154
2459370 zr 3.4829789547158643 -0.21785386837723397
2459370 zr 3.3053839320691805 3.9039316651027343
2459370 zr 3.570679336709243 0.21435654133483828
2459370 zr 3.4861883746496263 4.891338604969683
2459370 zr 3.3053839320691805 3.0782324851927
2459370 zr 3.5346860858801064 4.7879644249689
2459370 zr 3.573969568889584 11.239270674383324
2459370 zr 3.429429754710043 1.2540634171383052
2459370 zr 3.521687779563582 8.14468065344445
2459370 zr 3.345198640362853 1.156063301254921
2459370 zr 3.4073905264039506 3.3017095564074523
2459370 zr 3.6136896372138287 3.2700922140245794
2459370 zr 3.617019501593392 3.692398930730846
2459370 zr 3.6978632820384965 10.672552229744424
2459370 zr 3.466976120045532 -0.20566916204176433
2459370 zr 3.515206562191343 4.314792251631494
2459370 zr 3.4011196585541916 9.877766097987513
2459370 zr 3.4231183264704197 5.480690389190395
2459370 zr 3.3359682730323104 2.238141262599624
2459370 zr 3.580559131479421 7.403920338247868
2459370 zr 3.54773236804731 5.0679514489415975
2459370 zr 3.3328971472286453 7.705814083398218
2459370 zr 3.3979885537324894 -2.017981441287808
2459370 zr 3.5055070939982618 2.3808720841985678
2459370 zr 3.4484339460609434 5.598094152884256
2459370 zr 3.435752819744732 9.100138326049692
2459370 zr 3.221018268510686 6.8292124138104455
2459370 zr 3.4389187227635367 3.9676696816172816
2459370 zr 3.3053839320691805 12.860677636946559
2459370 zr 3.2630363482781477 4.031690680496626
2459370 zr 3.4042536485584867 9.559965075185387
2459370 zr 3.342119016990578 7.925222139373725
2459370 zr 3.1826815607224055 -0.06950939463330918
2459370 zr 3.3823762144837883 1.294437274148188
2459370 zr 3.4011196585541916 8.687520563126586
2459370 zr 3.3513664029560193 1.4618093638310565
2459370 zr 3.4707386459322485 -0.8154473989576303
2459370 zr 3.5022798890579865 0.43284201902677744
2459370 zr 3.308429705591852 4.314747513961029
2459370 zr 3.528180946782262 9.49849458519299
2459370 zr 3.5970862415097207 4.73634959196732
2459370 zr 3.4262725873302733 2.128559080643315
2459370 zr 3.54773236804731 9.594574296289213
2459370 zr 3.296263424995752 3.929331426140673
2459370 zr 3.515206562191343 -0.4595918724946575
2459370 zr 3.28414188416948 1.2243489787758137
2459370 zr 3.345198640362853 3.2008030726315746
2459370 zr 3.4325898312879684 3.169195560103577
2459370 zr 3.345198640362853 10.098937747713581
2459370 zr 3.3699380060982786 8.114656826357194
2459370 zr 3.5184456785221103 5.954056574297867
2459370 zr 3.4042536485584867 6.264105112486532
2459370 zr 3.360639375726346 11.516867400691883
2459370 zr 3.3237007232636753 8.950831972337518
2459370 zr 3.4262725873302733 0.894592913233526
2459370 zr 3.5087372726733688 -4.382640063799741
2459370 zr 3.6303696707104227 3.933839175526095
2459370 zr 3.5346860858801064 3.164220642121547
2459370 zr 3.413672956264904 6.198621055731849
2459370 zr 3.3917349890147586 3.9696284584697996
2459370 zr 3.528180946782262 2.127020442740702
2459370 zr 3.357545537458434 6.592647715327429
2459370 zr 3.429429754710043 1.8921106347477359
2459370 zr 3.3917349890147586 2.2954147466002848
2459370 zr 3.6103628383407704 -1.4959228448833235
2459370 zr 3.4042536485584867 1.4633451590158075
2459370 zr 3.345198640362853 6.09181030252511
2459370 zr 3.4765689760007104 2.9416068401544075
2459370 zr 3.5871608436788898 3.955795887450604
2459370 zr 3.388612523813827 7.028787617162503
2459370 zr 3.5608268031407704 4.471984884131373
2459370 zr 3.345198640362853 5.460807328563545
2459370 zr 3.603718425828181 6.375550221081269
2459370 zr 3.409972293617262 1.8516365315829355
2459370 zr 3.4073905264039506 6.02598233365574
2459370 zr 3.3206408910891874 1.395279569665393
2459370 zr 3.5641079566220886 1.5738959836476925
2459370 zr 3.5673921335495864 5.341356416810345
2459370 zr 3.5838584674788456 3.297603705972991
2459370 zr 3.691057836114864 7.582168842563492
2459370 zr 3.640414624038416 5.452652701268313
2459370 zr 3.6673372550971512 0.8480305631072627
2459370 zr 3.373043263509502 0.9725007632662539
2459370 zr 3.603718425828181 1.355746972725274
2459370 zr 3.47017079403414 -3.1690083405650746
2459370 zr 3.3668356074181216 0.10254382834227194
2459374 zr 4.663635609895293 2.5510669547632068
2459377 zr 3.557548670322195 4.675760973806496
2459379 zr 3.3114782856678686 3.5030136916174883
2459383 zr 7.171596866949617 7.627924392772856
2459385 zr 6.99545341484294 2.2401130013539152
2459390 zr 6.571486541216094 6.629709888459349
2459392 zr 6.192413664172671 1.9053917278278503
2459394 zr 6.074351605357785 4.210938109181468
2459399 zr 3.633714905045611 3.709682020866345
2459401 zr 4.177648771238223 5.895886357416417
2459403 zr 3.829785354628297 4.112485087021736
2459405 zr 4.162286060917685 7.2961908715255746
2459409 zr 4.278897908088025 9.139428110334482
2459411 zr 6.152618121393853 4.913111914441706
2459415 zr 6.969728627945373 -0.6859716198145867
2459427 zr 4.9162025185911205 0.46635763320199697
2459430 zr 5.144144632065065 2.2656707152048225
2459438 zr 5.196526790917287 -3.5805104344916683
2459447 zr 12.026241549872339 1.974639286600224
2459450 zr 9.42634143209823 -6.097662165937285
2459477 zr 8.316908437364956 1.8864380167091306
2459477 zr 9.659499079260668 1.7522340958380616
2459477 zr 8.589170411295873 -2.2559294741820346
2459477 zr 8.427594926366627 9.711409224768488
2459477 zr 8.699329599307909 -2.694848803593279
2459601 zr 6.718365432773618 9.216267152710897
2459637 zr 5.13940888099541 0.04345680578278266
2459639 zr 4.266986056344088 1.405242504452798
2459641 zr 3.784203072941912 3.7548717036239294
2459675 zr 3.791180256860563 1.4147831639556716
2459677 zr 4.1329060211018485 4.572310256184359
2459679 zr 3.858108474048798 -7.803658134347926
2459688 zr 7.776245683704464 -1.4741155655206444
2459690 zr 4.809646643253247 2.451798792879676
2459702 zr 3.9870853257318903 0.039167477283910346
2459712 zr 6.989013330366019 12.59479832570227
2459717 zr 7.131320796982501 -17.76860260193496
2459719 zr 3.8227371229490505 4.483764999243399
2459719 zr 4.468082913733014 2.65954002051756
2459724 zr 3.780719297692139 0.42622966730595635
2459732 zr 3.770287203325521 0.11451269481321713
2459734 zr 4.2945852056479366 1.4807700220233553
2459738 zr 4.781064577966411 -5.145318467328611
2459743 zr 8.516983103363168 -4.52975220953923
2459747 zr 3.4168185136098095 -5.85533841348987
2459749 zr 5.260680636590815 3.764446634523371
2459751 zr 3.9870853257318903 3.8586276925101046
2459753 zr 4.061210776227447 2.4879398662170598
2459761 zr 3.557548670322195 -6.348138388399864
2459765 zr 3.7668162391646764 -6.68419034568171
2459773 zr 5.671078946538208 -2.9178851962320524
2459773 zr 7.145224337511269 4.862615132407202
2459775 zr 6.410082554584213 -1.99287029154783
2459778 zr 3.936003988924003 6.0277270314331854
2459784 zr 5.215706812326994 0.24562069076896065
2459787 zr 4.064953012683623 1.5623674497868434
2459789 zr 4.538592840138669 -5.480899100112444
2459794 zr 4.470175868550948 -2.9446515257957797
2459798 zr 6.6474014465273505 -1.5189605103260209
2459808 zr 5.456011498369955 -2.3373268666185396
2459810 zr 4.681982272215819 3.5264433158470583
2459842 zr 7.051019362243606 8.044857072141305
2459842 zr 6.392395289055653 1.2440130216749323
2459842 zr 5.87570469055226 5.095993173051344
2459842 zr 5.829961585003172 2.994730275924952
2459842 zr 6.846236652940839 0.4192916301714913
2459843 zr 6.313932385810408 -6.4841032355756765
2459843 zr 5.971256033309361 10.068537842634392
2459843 zr 5.6265468266131755 0.9265440430574912
2459843 zr 5.731389982551461 5.142243186208658
2459843 zr 5.686770385290845 -4.728663626737181
2459936 zr 5.935536230775828 1.8301101139955829
2459936 zr 6.007585035726111 3.269639923579693
2459936 zr 4.944395137493628 -1.0124170666685643
2459936 zr 4.997175588596357 -7.371445902363103
2459936 zr 5.428026229580682 13.156518761063506
2459938 zr 5.322004983797784 -6.578412393885513
2459938 zr 5.763150490777473 -3.5394575710592338
2459952 zr 8.148652274607343 15.212601844834387
2459970 zr 4.274958711818366 5.5725353416796946
2460016 zr 7.300974741957556 12.606727258292011
2460032 zr 4.045124796426986 -0.7135108672251145
2460045 zr 3.4389187227635367 -2.340734641856547
2460049 zr 3.5772628328817544 3.928406461882001
2460051 zr 3.3917349890147586 -0.5954901992415017
2460053 zr 4.1519826485355695 3.6577359548028987
2460055 zr 3.4168185136098095 -2.3359795272303394
2460057 zr 5.72882680930033 -4.6711379979182155
2460059 zr 4.106345902982605 5.177540862092237
2460061 zr 3.928760275390324 2.2395748583575035
2460063 zr 3.7981703050717655 3.1165535909280813
2460067 zr 8.713053576583475 5.38645492843815
