jd filt fluxerr adjflux
2458204 zg 5.822314875880106 2.2032538069943968
2458207 zg 8.826351423457854 -0.7771286270377686
2458207 zg 8.989684257464974 -6.41235092708915
2458223 zg 2.4849243434846833 -2.4460114370988606
2458229 zg 3.044107326046586 3.177672668296381
2458243 zg 2.5287923594821073 -0.4614658871275168
2458246 zg 2.6609820049098794 0.7034551052662721
2458249 zg 2.9529762922794447 -0.35605100091864017
2458267 zg 9.284198951090634 -2.85940353039328
2458270 zg 5.942291338700446 -5.509646272562975
2458274 zg 2.2106562869201625 -0.56678372733613
2458277 zg 2.739525056105616 -0.4614658871275168
2458280 zg 2.337354629969054 0.49077249293790715
2458283 zg 2.5705719543467085 6.484694021126899
2458286 zg 2.624471963076422 -0.8821558649664922
2458293 zg 7.2618264326397455 4.599503329865385
2458299 zg 5.083675237319879 -10.719444665363113
2458302 zg 2.700486046519787 2.4190938336721786
2458305 zg 3.670878187062393 -0.9870864137685231
2458338 zg 4.825509404000981 -5.710894463923964
2458472 zg 3.764468374902679 -4.396130247521498
2458472 zg 9.387786243960022 21.04060042228143
2458488 zg 2.6697787802645516 -3.3740065343464067
2458492 zg 3.246558132156677 2.635331818792764
2458495 zg 2.556896629359163 0.8099434176146758
2458502 zg 7.928600429023213 -4.497825796312156
2458539 zg 7.927121618459429 -1.614644213904171
2458543 zg 2.6052052075339156 -1.7189004265954395
2458547 zg 2.8318828077378426 3.395309295071229
2458560 zg 9.82855690086419 1.1299974636625052
2458568 zg 3.749470778632346 1.4509370746105077
2458581 zg 2.9326868585554964 3.069004600685261
2458584 zg 3.65401203383946 -1.5102919334581486
2458587 zg 6.749213698778928 7.269569427875226
2458597 zg 3.196120786698954 0.8099434176146758
2458600 zg 2.7981158599055336 -2.342425226897035
2458606 zg 2.498694556346229 -1.8230606599735921
2458617 zg 6.288251781206168 2.8519684960990332
2458634 zg 2.4571392252160473 1.1299974636625052
2458634 zg 2.6196419570268255 -1.091920362456392
2458635 zg 2.0995775704611375 -0.8821558649664922
2458637 zg 2.6020352198094487 2.8519684960990332
2458640 zg 2.8978458321184792 6.149864823740458
2458643 zg 3.5561563423831277 -1.3012988151312044
2458649 zg 9.94901352630328 15.283103748317544
2458652 zg 6.400971071929486 -9.562039582002
2458658 zg 2.4798748545415266 2.2032538069943968
2458667 zg 2.8951141574630164 1.5581141604385493
2458679 zg 7.325451972783591 -4.396130247521498
2458683 zg 5.002646169230573 0.7034551052662721
2458686 zg 4.784755613464439 -1.9271250023976734
2458692 zg 4.461550218098099 3.2864408690019786
2458831 zg 7.453043373963272 -5.509646272562975
2458872 zg 3.1064184737818397 5.5938679917320115
2458882 zg 2.621049825843126 -5.408883074167576
2458884 zg 5.27834786907584 2.0954827991462963
2458887 zg 6.7948016662356805 14.565881534714194
2458896 zg 3.6998221320813505 3.2864408690019786
2458911 zg 3.1598293068245096 -4.192457938962889
2458915 zg 5.723635033642535 9.425630564599317
2458937 zg 2.3813858291728214 -2.4460114370988606
2458944 zg 9.118617952581415 10.460166740494273
2458956 zg 5.945355094188403 6.932574532994622
2458963 zg 2.5248869496855573 -5.207078044557875
2458963 zg 3.0833525424603594 -3.271275432946979
2458966 zg 6.959851430124739 -6.9106296205824975
2458972 zg 4.923959166123494 3.941158041221172
2458986 zg 2.3568102037117598 1.4509370746105077
2458992 zg 2.487214097693808 -2.342425226897035
2458995 zg 3.0640787776349745 -0.14492973272304255
2458998 zg 2.9326868585554964 3.069004600685261
2459012 zg 2.4278942409844664 -0.2505389792856647
2459018 zg 2.29680756412766 -1.5102919334581486
2459024 zg 2.52133042766648 4.160202356157882
2459027 zg 4.585327759595176 0.916529854504617
2459033 zg 7.046135972058068 -3.9884101063830713
2459039 zg 4.401106928872573 4.599503329865385
2459043 zg 4.026277026088528 3.2864408690019786
2459217 zg 13.047279068296563 11.619754077220875
2459218 zg 6.058344155215713 -3.3740065343464067
2459225 zg 3.0359871345487193 -1.1966577999606614
2459227 zg 3.7374969418912465 4.489526310707305
2459231 zg 3.0497199467946 3.395309295071229
2459250 zg 3.8203544030858687 -2.7561982437749464
2459252 zg 2.4122913800695724 -0.9870864137685231
2459255 zg 3.4392490245441794 5.5938679917320115
2459256 zg 2.470157298192914 7.044802719261824
2459265 zg 2.8884174514504193 -2.85940353039328
2459269 zg 3.9344635438507485 -2.4460114370988606
2459290 zg 2.1944274321761044 -1.4058434967353861
2459292 zg 2.725473336259913 3.5042780388576205
2459300 zg 11.634166323607698 6.596509504170626
2459305 zg 6.712019032850595 6.596509504170626
2459306 zg 4.273180317457095 -4.396130247521498
2459308 zg 2.6757278416289836 1.3438586570815971
2459309 zg 2.697200122020325 7.15713431912468
2459316 zg 2.1151049644935243 -0.039223171641111776
2459319 zg 3.354407873817513 -4.497825796312156
2459322 zg 3.0867391256954604 0.7034551052662721
2459324 zg 3.2364106585435213 -1.5102919334581486
2459328 zg 9.099576523156825 -1.3012988151312044
2459334 zg 2.8966760385164916 -6.41235092708915
2459336 zg 2.3639036158862754 -3.271275432946979
2459338 zg 3.094995060814327 5.1509103831344305
2459340 zg 2.790456629507652 1.665390005483502
2459342 zg 2.416739080232508 -0.7771286270377686
2459344 zg 2.284149942979162 -2.134966367414364
2459346 zg 2.665888232322777 0.916529854504617
2459348 zg 2.284149942979162 -2.134966367414364
2459356 zg 8.433094127668523 -1.8230606599735921
2459362 zg 4.522250395608527 -3.271275432946979
2459366 zg 2.5876955003911584 2.2032538069943968
2459368 zg 2.473032164972964 1.8802383373201081
2459370 zg 2.837104136193208 3.613347192799054
2459374 zg 2.618362455070997 8.740688668078207
2459376 zg 3.175849842054641 8.286159073148994
2459378 zg 2.5357893332151513 -0.14492973272304255
2459387 zg 15.018993775764633 5.040425733120486
2459391 zg 8.024103680611004 -3.1684496691199655
2459399 zg 4.018867176539014 3.069004600685261
2459401 zg 3.7706469326322902 9.19689590034396
2459405 zg 4.834086782856137 1.772764700748553
2459407 zg 5.9143261803160385 8.62689923222159
2459409 zg 5.650540030176342 -5.308027026684485
2459419 zg 12.067350911570145 -10.04584677065317
2459600 zg 6.272845896131766 8.96858219307616
2459673 zg 2.8884174514504193 -2.85940353039328
2459675 zg 2.753226478416439 4.7095816882632136
2459677 zg 3.8191786448754725 3.613347192799054
2459679 zg 3.95514054142009 -7.505542994193419
2459682 zg 7.033318386821701 -7.307603714279409
2459684 zg 12.391935767940428 15.763458582695094
2459687 zg 10.416027089129317 -3.9884101063830713
2459694 zg 3.9673786602270966 1.5581141604385493
2459696 zg 3.2828565602217394 -3.47664306046498
2459699 zg 3.330148672634228 1.772764700748553
2459701 zg 2.9857948202015097 0.916529854504617
2459711 zg 7.276977291688632 -0.35605100091864017
2459715 zg 10.272873389617036 10.460166740494273
2459722 zg 3.08506005624156 -6.811157369948091
2459724 zg 3.3997885526822613 0.49077249293790715
2459726 zg 2.5829331767324444 1.9878110063676644
2459730 zg 3.032913053479527 2.7436002750111754
2459732 zg 2.6511966213249702 0.27848129584297965
2459734 zg 3.29193997153272 -3.1684496691199655
2459736 zg 3.5642648958420566 -4.29434099052115
2459738 zg 5.534419884470905 2.9604365739855325
2459742 zg 12.854488045718814 -19.26849032148175
2459753 zg 3.694621671063319 -0.2505389792856647
2459756 zg 3.99303992898743 2.3111241213337763
2459758 zg 3.401446329804652 4.269875917018325
2459760 zg 3.3148480293261096 1.2368788170158211
2459762 zg 3.2796174133327134 3.831787101329496
2459764 zg 3.747838308129446 4.819761479280132
2459770 zg 7.008780812611429 5.927158788697909
2459770 zg 9.793621628443852 1.9878110063676644
2459935 zg 4.137727828743686 -1.2507488790755745
2459938 zg 3.4802934873293454 1.6731759044745864
2459978 zg 3.6189355266774363 91.41230138201878
2460036 zg 5.594712816181596 103.3503636265154
2460043 zg 9.192281229373654 82.73738781403381
2460045 zg 3.4583076293970834 103.70963001366982
2460049 zg 3.0176279464070053 101.31705087494574
2460055 zg 3.160990449352634 90.57811270246475
2460057 zg 3.0522716553264964 85.41320261561846
2460059 zg 3.0176279464070053 95.08040584535046
2460061 zg 3.59918715072475 81.08607128493814
2460063 zg 5.196345377796941 86.49592952267601
2460065 zg 6.9121839233849665 85.64943025293904
2458218 zr 3.8065533821093673 -0.7930503060456999
2458219 zr 7.55381833296513 2.8550021242024854
2458219 zr 3.8629690061549766 -7.716533904840503
2458219 zr 3.7716546909335626 -2.6875889314578956
2458231 zr 4.362276309851118 -10.093636222575924
2458243 zr 4.1756550044626435 -1.3632451972343347
2458246 zr 4.345400049361893 -2.3100758667314665
2458256 zr 3.6800653417009603 2.8550021242024854
2458256 zr 3.517673522875415 -6.424717720819473
2458270 zr 5.731917445995624 7.159594572101241
2458274 zr 3.5873556444777694 8.945858720752398
2458277 zr 3.636265034504371 0.35207689773591255
2458283 zr 3.400747864718003 -2.3100758667314665
2458286 zr 3.9821830885239096 -1.5529603169849224
2458289 zr 5.7786073236867015 1.6960813924930278
2458293 zr 7.423426787290436 16.446953754826183
2458296 zr 7.71882543639641 -7.900400123374425
2458305 zr 5.219942187719525 2.4679833919384464
2458450 zr 7.927968579574463 7.753371504643866
2458450 zr 7.641206215372771 -0.03033551975147475
2458450 zr 7.819192772763111 4.800825713222366
2458450 zr 9.059713056509434 11.149274582749229
2458451 zr 7.979247207068119 9.145248064648086
2458451 zr 7.227141135994634 -6.239491722458268
2458451 zr 6.634082163545116 4.410225940718277
2458451 zr 6.845116531584907 11.149274582749229
2458457 zr 7.18627202987277 3.436868580910101
2458469 zr 3.9347869619894307 -4.003421771450661
2458470 zr 8.060498848422906 11.350694282520976
2458474 zr 10.445516573936105 -11.902906563775844
2458477 zr 5.529170220373282 6.962033240699043
2458539 zr 5.44327104433903 3.6311816200104943
2458547 zr 4.129758062908026 -3.62833479421235
2458557 zr 4.133563462831763 -3.4405320455402943
2458560 zr 5.207867907973492 -5.49687937519235
2458573 zr 4.377536389425773 -0.7930503060456999
2458581 zr 5.744650646559837 -6.239491722458268
2458584 zr 3.7854823331678102 -11.722728488098653
2458587 zr 5.227089788662822 -4.751526097051425
2458594 zr 11.488534120905113 19.35253466375451
2458597 zr 4.133563462831763 -3.4405320455402943
2458606 zr 3.5929860405814367 -2.1210583974028623
2458617 zr 6.272662301648665 5.388076113966179
2458634 zr 3.2775615060381327 1.8887903687561334
2458634 zr 3.602927556283537 -1.5529603169849224
2458637 zr 3.104716227402243 3.242734428340043
2458640 zr 4.056217399625199 2.274741204776859
2458643 zr 3.8808952842528037 3.242734428340043
2458649 zr 8.463523790844052 11.350694282520976
2458652 zr 7.825025935510109 -0.22127772950054236
2458655 zr 5.55422135190855 -6.424717720819473
2458658 zr 4.127824493113712 5.976951391347228
2458661 zr 3.448056980057286 0.5435474298761562
2458667 zr 4.058117426977647 -7.1639180742809
2458670 zr 4.480362675996704 -4.751526097051425
2458676 zr 8.993203953268527 9.544578108645908
2458686 zr 5.162566906176341 0.1607826352856705
2458873 zr 5.068451287870533 4.215195705614548
2458885 zr 4.762576202988934 -0.602634960894477
2458888 zr 5.534774442190077 -0.22127772950054236
2458899 zr 3.214776983678128 -2.1210583974028623
2458905 zr 3.612896579394054 -0.9832903529239161
2458911 zr 4.198794404420058 -0.22127772950054236
2458915 zr 5.725628733300079 -0.22127772950054236
2458940 zr 5.506347588353679 -14.585758109523084
2458941 zr 4.393693573839343 -0.03033551975147475
2458944 zr 7.13351621902417 1.8887903687561334
2458956 zr 3.719905648552494 -5.49687937519235
2458966 zr 5.489084631385785 -1.9318667563546796
2458980 zr 2.8893036618433507 1.6960813924930278
2458986 zr 3.2836045616013516 2.274741204776859
2458992 zr 3.0312510863915483 -1.7425007830957213
2458995 zr 3.2059064872935283 -2.6875889314578956
2458998 zr 3.22070427929102 -1.7425007830957213
2459012 zr 3.104716227402243 3.242734428340043
2459015 zr 3.5600453465618656 -4.003421771450661
2459021 zr 3.3724913956753215 7.951662021273194
2459024 zr 3.646326299850026 0.9270179530756764
2459027 zr 4.727613211291365 -2.1210583974028623
2459033 zr 6.574336168060791 15.623646076247837
2459036 zr 7.449097402018868 11.149274582749229
2459043 zr 4.76696471845247 -0.41204415593847443
2459180 zr 11.789451995917439 -0.9832903529239161
2459182 zr 9.868976277429859 2.6614036437201776
2459182 zr 6.020930619623131 3.436868580910101
2459182 zr 7.226094769664351 4.605435888055553
2459184 zr 11.521146227394052 24.208078567704547
2459184 zr 10.599611701986342 -1.9318667563546796
2459184 zr 11.085465650321547 -3.4405320455402943
2459185 zr 8.92893757889706 -1.1733552629092117
2459185 zr 8.612776278225688 -12.621961655419597
2459185 zr 9.222994152221927 -7.1639180742809
2459185 zr 11.978854382861808 -7.348293036483199
2459186 zr 11.629920115986623 -18.975626818517696
2459186 zr 9.41684175892639 -10.819344649066352
2459186 zr 8.860531229652942 1.6960813924930278
2459186 zr 7.733057142165777 -7.53249826124906
2459186 zr 7.803434433324203 -0.7930503060456999
2459189 zr 6.1839165854777915 9.145248064648086
2459189 zr 6.312201381987984 -5.868527534352921
2459189 zr 7.767580908878342 -1.7425007830957213
2459189 zr 8.870399225004194 -6.794658311796638
2459190 zr 5.314470005679728 -1.3632451972343347
2459190 zr 4.9303219191248395 -1.5529603169849224
2459190 zr 5.275455454989903 -2.8760848471027316
2459190 zr 5.1012343675398935 5.584187109479728
2459190 zr 8.248251985878262 16.446953754826183
2459201 zr 8.555782991670737 -5.49687937519235
2459218 zr 5.195958731917778 1.5035498260431552
2459224 zr 4.610129984278607 1.1190182694348891
2459227 zr 3.848858319939095 1.5035498260431552
2459228 zr 4.565012148368541 -9.182732835301437
2459232 zr 3.250505089073993 0.1607826352856705
2459256 zr 3.223672024043165 -1.5529603169849224
2459260 zr 5.984435405301089 9.145248064648086
2459265 zr 5.0543544313327144 -4.190706318203411
2459269 zr 4.427037193066525 -7.1639180742809
2459273 zr 13.894228132326498 2.081676918308176
2459278 zr 4.6627479262957605 -4.938121931470164
2459290 zr 3.3139873805307336 4.215195705614548
2459292 zr 3.079086655951276 1.5035498260431552
2459295 zr 3.8524048824578014 1.6960813924930278
2459297 zr 5.44327104433903 3.6311816200104943
2459307 zr 3.4831680979164203 2.6614036437201776
2459307 zr 4.171810854644095 -1.5529603169849224
2459308 zr 3.881999989638356 14.394357822134964
2459309 zr 3.7038682488284667 4.215195705614548
2459309 zr 3.7267642830838983 -5.124545983894905
2459310 zr 5.282818537270772 4.99639558196867
2459311 zr 3.4164450036512535 -1.3632451972343347
2459313 zr 3.496024230748915 3.436868580910101
2459316 zr 3.19411722127909 -3.4405320455402943
2459319 zr 3.7267642830838983 -5.124545983894905
2459322 zr 3.5446587723676424 6.370439838536129
2459324 zr 4.366295965647887 -9.911790979691801
2459328 zr 6.591448238414286 3.048778997615642
2459334 zr 5.3267914390732525 6.764653786236352
2459338 zr 4.030150120886871 0.9270179530756764
2459340 zr 3.0847637703888307 1.8887903687561334
2459342 zr 3.200006425130211 -3.0644072315189135
2459344 zr 2.973184852924458 -5.682789029918126
2459346 zr 3.6665324238083814 2.081676918308176
2459348 zr 3.1677496406213135 -5.124545983894905
2459350 zr 3.71305963646352 -5.868527534352921
2459354 zr 4.845216311950916 11.75409065266237
2459354 zr 4.982438395108014 8.945858720752398
2459355 zr 6.029091948559889 -2.8760848471027316
2459356 zr 7.402943412918799 15.829188722856742
2459362 zr 3.8988086829773336 4.215195705614548
2459364 zr 3.616225713003899 -0.7930503060456999
2459366 zr 3.3446513282223513 6.173605010885041
2459368 zr 2.8839862668160343 1.3111955060824982
2459376 zr 3.6429694553384717 0.7351943941315824
2459378 zr 3.394304894085236 9.344821137513065
2459380 zr 5.212666741183088 -5.310798412469012
2459387 zr 8.382364386736121 25.92121873673173
2459391 zr 7.608263154438608 9.94464442369275
2459393 zr 3.2296157200265965 -1.1733552629092117
2459396 zr 3.663156977336736 1.8887903687561334
2459403 zr 5.207867907973492 -5.49687937519235
2459405 zr 4.718912641907543 -2.498919324683868
2459407 zr 4.512630402054521 5.584187109479728
2459415 zr 6.791566747442407 3.242734428340043
2459601 zr 5.438259914498312 3.436868580910101
2459670 zr 2.935093303720789 -8.267624909027433
2459673 zr 3.7612476084299415 -3.252556244462255
2459675 zr 3.351000047903413 -5.310798412469012
2459677 zr 4.325434749694432 -3.252556244462255
2459679 zr 4.734512602505779 -9.729778173994958
2459690 zr 4.276855820552095 3.6311816200104943
2459699 zr 3.01732375274685 -2.6875889314578956
2459699 zr 3.1858249679485984 8.74665293668454
2459702 zr 3.5024700803959328 3.8256737104764795
2459709 zr 4.329420457529109 -3.0644072315189135
2459709 zr 6.163847811932482 1.6960813924930278
2459719 zr 3.6530492713003104 1.3111955060824982
2459724 zr 3.576477769263177 -3.0644072315189135
2459726 zr 3.5962968274596516 -1.9318667563546796
2459730 zr 3.4227441278469986 -0.9832903529239161
2459732 zr 4.052483205261896 2.081676918308176
2459734 zr 4.0636961142358246 2.6614036437201776
2459736 zr 3.400747864718003 -2.3100758667314665
2459738 zr 5.695081281892681 5.780478813102036
2459742 zr 9.951883252327752 0.35207689773591255
2459750 zr 3.580753573772273 8.54763054345625
2459753 zr 3.738139719777922 6.173605010885041
2459756 zr 3.144494578725292 -6.609773198271455
2459760 zr 4.385607540976271 -0.41204415593847443
2459762 zr 4.179502696505007 -1.1733552629092117
2459772 zr 9.264026461170968 6.567456041276273
2459772 zr 7.977848516457404 3.8256737104764795
2459774 zr 7.319874801842581 7.357337948036275
2459774 zr 8.030659631829865 0.1607826352856705
2459776 zr 3.7681824678499307 -2.8760848471027316
2459778 zr 4.601645627795964 0.7351943941315824
2459907 zr 11.211969377338054 -17.231654551714954
2459907 zr 13.94313003497863 5.780623813474692
2459910 zr 7.682203116265079 -4.003111332795958
2459910 zr 10.956753795751496 -21.561126565728646
2459914 zr 7.546864212152245 2.6622307939314362
2459914 zr 6.29478419882969 -6.423890570608214
2459936 zr 4.045025126580692 1.7847788330170418
2459957 zr 6.49785436381116 -3.3811579643792413
2459984 zr 8.237025007914626 36.32664884637277
2459996 zr 3.61955791427159 64.59842686638424
2460030 zr 3.5863736078497324 70.20689314080323
2460036 zr 6.073278315484851 82.15855578201672
2460043 zr 5.7786073236867015 68.2482385615159
2460045 zr 3.1075770939990357 69.08968605381608
2460055 zr 3.3724913956753215 69.28682535844484
2460057 zr 3.636265034504371 60.858399375296685
2460059 zr 3.9131024972380932 54.56413601460642
2460061 zr 3.841774986898839 60.00110881525322
2460063 zr 4.721860698666849 64.26000382151719
