jd filt fluxerr adjflux
2458203 zg 3.975395780519655 3.4229692994575345
2458206 zg 5.964111814863265 4.710697847660512
2458206 zg 6.07937926567629 -0.5737550893193912
2458233 zg 4.635015354977678 -5.851904382114682
2458236 zg 12.316924237870573 -2.472001661964569
2458237 zg 12.099670149912619 0.3520356593089673
2458244 zg 3.3749991143876055 3.0031277796708693
2458247 zg 2.0591211665928792 0.15845866958768795
2458262 zg 4.943689399461883 -3.925820557024892
2458267 zg 12.677956559682764 12.045677331679208
2458270 zg 5.721976156690409 -6.405927635494901
2458273 zg 2.1535304638705064 -0.8873026771248362
2458279 zg 2.3159491533685634 -2.944527804997982
2458282 zg 2.3626093368667624 -2.709135154865642
2458295 zg 7.512199609281567 6.419501808243794
2458298 zg 5.821895704072805 9.122365232031271
2458304 zg 2.290744917377575 2.3477962379886463
2458332 zg 2.8919088551191985 0.9063489434766581
2458336 zg 2.775520493609117 -1.2906209284017152
2458493 zg 2.7835044242372002 3.0031277796708693
2458527 zg 4.347652102526425 -2.4422369321749855
2458540 zg 3.575487534287321 2.5535054459086552
2458544 zg 5.686640712834811 -4.6557580201547
2458568 zg 7.236434071480969 0.9392266825371185
2458584 zg 2.5514493291180287 -0.5737550893193901
2458587 zg 7.830838166365034 -4.516739610151602
2458591 zg 13.666763939772675 20.18364259165505
2458597 zg 4.838471670071944 -13.155231903287335
2458616 zg 4.185559980597912 -0.6052399622073422
2458619 zg 11.65206381129583 -7.33110356232636
2458633 zg 2.263658149284814 1.3694043649702774
2458636 zg 1.9623511837294618 -2.973830120779302
2458642 zg 1.9442582057935625 1.005073074972889
2458645 zg 4.794019871614865 -12.995352360226025
2458650 zg 15.989042250120066 33.84236824735042
2458653 zg 6.8688565569127435 -1.6281385651505307
2458657 zg 2.6890354747274627 2.656787132610418
2458660 zg 2.2163300015972283 -1.352242388705853
2458665 zg 2.307770694510787 -2.2331144519183797
2458674 zg 5.367045735834054 -4.264887449075115
2458683 zg 3.493216752352731 5.149516809325895
2458690 zg 2.726383519228651 1.7710891533125233
2458716 zg 3.4964305621247056 -0.5737550893172805
2458720 zg 3.6572943761249253 -0.5422412044306082
2458723 zg 4.1313466716102845 -0.0020403253064425688
2458726 zg 4.347440302218486 -4.321035151039137
2458853 zg 3.326129496550214 0.28739110136012613
2458874 zg 2.3632818588152325 -1.0119153304356152
2458877 zg 2.3355687412427235 -1.8411489151333442
2458893 zg 6.138868979992651 -11.221850041202273
2458896 zg 4.002572006511351 7.417858335511653
2458905 zg 2.813246545177526 -5.958260396565764
2458914 zg 7.400752152481563 26.09945002321433
2458943 zg 4.675483484982894 -2.2331143018266935
2458954 zg 2.806876488549584 -4.600227225987915
2458963 zg 2.5879935661889677 2.6912781857611763
2458963 zg 2.273793494911116 1.0050734332314437
2458969 zg 8.949222171510838 -4.876859672457188
2458973 zg 7.9791829440205495 4.966086534971451
2458978 zg 15.143605720739972 -26.214702149972844
2458986 zg 2.2682029081108364 3.7054536300115393
2458992 zg 2.0381294479937173 1.5028075352808714
2458995 zg 2.2742302159479078 -0.47912490489370707
2458998 zg 2.107478692081435 -4.264885878453036
2459001 zg 5.312860672610146 18.147016935211113
2459012 zg 2.0341207574390316 -1.8108000962111788
2459016 zg 1.9003419869877163 -0.949663107820489
2459019 zg 2.0952302902290563 2.5191452956967164
2459022 zg 2.1127746594871413 3.4581701870768415
2459025 zg 2.344158363494309 -3.3523097012222465
2459028 zg 3.8423751888406144 1.5028116403865293
2459032 zg 7.524292900066047 -4.516733357952061
2459035 zg 7.837699952749451 15.57934485185516
2459038 zg 4.181351997721931 -2.1130012196280736
2459041 zg 2.513917491136104 4.7835068815323485
2459217 zg 16.489627370356583 -8.44075645263925
2459229 zg 2.5334700895472135 -1.222354826598841
2459232 zg 2.687702622084394 -0.026891312375099948
2459248 zg 5.18836326615866 -2.0110273209348732
2459256 zg 1.8209402211412988 1.853191414370697
2459269 zg 4.495450548054263 2.5063224155024373
2459279 zg 4.467922691380497 3.451618188055639
2459290 zg 2.0875768800631174 1.2423926331201398
2459292 zg 2.508303137084568 -1.9209653095230677
2459295 zg 5.666899580890456 5.749777117186841
2459305 zg 6.4503264980972626 -9.431862059170422
2459307 zg 3.4346554340187185 -3.635347211034628
2459309 zg 2.37252524164377 3.173459640440737
2459313 zg 3.8626716373652736 1.144332434589978
2459315 zg 4.027378952766731 -2.7791324423977266
2459317 zg 1.985884291783832 1.8526572277875992
2459320 zg 2.4056609877958626 1.5911466088953414
2459322 zg 2.5502409496250547 -1.717659764146249
2459324 zg 2.9146071188274463 3.4508619675941765
2459328 zg 6.949755874303437 -8.911805294151561
2459334 zg 2.934921783259179 6.206921370213492
2459336 zg 3.8261317289540515 1.1722698831410854
2459339 zg 2.121513816493202 0.2712891991461925
2459341 zg 1.84576660701358 0.5370062058945035
2459343 zg 2.075635164336786 -1.9524213470101248
2459345 zg 2.485313706730407 -2.4810570014369504
2459349 zg 1.7919666487041268 -1.0419581292406634
2459353 zg 2.544630855787156 3.279434494612388
2459356 zg 6.076269614985283 -7.733078050642512
2459361 zg 7.339532949972786 -8.047344411513764
2459363 zg 3.8787449933605203 5.598503713717754
2459365 zg 2.173914595598733 2.969270209289821
2459367 zg 2.3963542500756776 3.2254920808964105
2459369 zg 2.376899622363694 3.483919176235039
2459379 zg 3.1368562282059096 -3.4223560321107644
2459385 zg 7.228184123298723 -34.28066728274251
2459392 zg 2.525393278504822 0.4626824430289608
2459394 zg 2.610450853400136 3.0728996402116824
2459396 zg 2.3866021158666446 -2.9743651877901938
2459399 zg 2.590095523718451 0.1420472850120469
2459401 zg 3.1961060525904634 5.7629368211892995
2459405 zg 2.9549112288373087 1.5854051640924398
2459407 zg 3.6755783471199392 2.921964213767498
2459409 zg 3.6376362048650646 -7.127411223385995
2459411 zg 5.1344985947503465 -1.3585891578600404
2459419 zg 13.404562544910613 13.451102525503927
2459423 zg 3.3365842905567584 1.8033881523405335
2459425 zg 4.129411827470894 -3.5754417176438493
2459430 zg 3.1906095678802453 2.1732815230613367
2459435 zg 3.0966042579492723 -1.9795065447445102
2459438 zg 4.202340395982142 10.14250997866444
2459443 zg 12.287454988190015 -3.1700661357136646
2459447 zg 13.06407564205809 3.267301638707332
2459450 zg 20.215720926355356 23.965585798218356
2459600 zg 7.612646187087533 21.911619456736126
2459675 zg 2.5257301460100345 57.688233862212876
2459679 zg 4.959625569264462 71.47453502199232
2459683 zg 6.399463044841888 65.82081300386696
2459695 zg 3.535800807697523 69.08619064282813
2459700 zg 2.9335393350599936 79.3755344292367
2459702 zg 2.3206563933097706 77.94844483901286
2459712 zg 7.010932287382134 70.90434440764687
2459722 zg 2.434073278589053 90.4081114696086
2459722 zg 2.4117318577604743 87.8407462219209
2459724 zg 2.44116161033503 90.09419629122615
2459726 zg 2.0438192175042635 92.76122849819247
2459732 zg 2.392298046203878 101.7990575733609
2459734 zg 2.8866022634002735 101.97278826191224
2459736 zg 2.8876418096656384 99.17770686843934
2459738 zg 4.148472326439614 96.40096549362447
2459743 zg 13.776031167586694 74.76817108944822
2459747 zg 3.6209698420564154 108.11998558295318
2459749 zg 3.034892562026695 110.36369514228308
2459755 zg 2.655488581929499 110.53813277501753
2459761 zg 2.5026515165656456 114.4252900072344
2459763 zg 2.8099023531511915 113.31964704375743
2459768 zg 5.750287162014384 126.1308387852433
2459768 zg 6.03689930491569 115.60163665195611
2459771 zg 7.583706771097999 128.60546314125133
2459782 zg 3.0940382932580848 128.67360774212528
2459791 zg 5.396556510778242 145.7240718691125
2459794 zg 4.4003090025899905 145.32820352933066
2459806 zg 3.609167520125424 144.80923979428948
2459810 zg 5.593109197422945 145.35595747436344
2459970 zg 3.4712485122691454 137.73942118652215
2459978 zg 3.2879743954145 131.76990805443134
2459993 zg 3.3290471914355995 124.97110452541592
2459996 zg 2.926744948839141 125.63994525338285
2460016 zg 7.354276898663251 129.21120040871085
2460032 zg 4.595447458057134 108.6202719466923
2460043 zg 7.678544154996157 108.7402341598781
2460045 zg 3.4553467750053986 102.09583578587606
2460055 zg 2.471617235233932 101.53888888407623
2460057 zg 3.310831843173907 105.23100956677445
2460061 zg 2.7694691491446903 106.14177337115473
2460063 zg 2.6386392682041513 101.44977179769373
2458198 zr 5.399370959023143 3.275387513431454
2458198 zr 3.0810583758682992 -3.5034094215058644
2458217 zr 3.21087340995478 -2.6503232573621744
2458217 zr 3.6665018398469815 5.5459740836437845
2458247 zr 3.199065878787332 -3.0776520599391546
2458256 zr 3.7100592550218874 -0.38083472164471743
2458262 zr 4.915222321889553 -7.675814649490306
2458270 zr 5.104381974191975 -3.3971170873194865
2458273 zr 3.429382037919958 -6.025275456589185
2458279 zr 3.0867391256954604 -3.2907268091774995
2458282 zr 3.1204927913898515 -5.921306916841445
2458288 zr 3.4266016744730043 1.156728468690659
2458291 zr 6.033603744843837 -3.9276011208130512
2458295 zr 5.9579340113400985 0.9358608819378702
2458304 zr 4.108521136417312 -1.46701887884376
2458312 zr 3.3841679431896385 -4.033405086084883
2458336 zr 3.649655794113028 4.9744002786323875
2458468 zr 4.7749671101390065 1.710680701276118
2458468 zr 4.8389509436594516 6.235346229857967
2458469 zr 5.141791271771305 5.202713985900189
2458469 zr 4.521531133366637 10.333504979443788
2458469 zr 4.758387003055239 -6.543684199242108
2458469 zr 5.499752759770472 5.5459740836437845
2458472 zr 7.5601414724637745 22.667039792983232
2458472 zr 5.529747138707973 -3.3971170873194865
2458472 zr 4.637519893995319 3.9521771999524873
2458472 zr 4.935766493288486 2.93839261855085
2458473 zr 5.0277119105662 8.092405826582436
2458473 zr 5.555756030151797 6.8127402969325885
2458473 zr 6.364697956034234 11.528878039549042
2458473 zr 8.822520052131798 5.5459740836437845
2458477 zr 5.677770036214694 -2.543244839833264
2458477 zr 6.49076205727251 11.649022000073941
2458477 zr 6.637916178145952 -0.707741045441793
2458477 zr 8.447253378868185 1.821777602183218
2458483 zr 5.099682829023392 -3.5034094215058644
2458483 zr 7.112312684766255 -5.295480729574976
2458504 zr 14.064254908334405 -8.9990828481952
2458541 zr 4.086049777230084 1.0462438186767145
2458560 zr 4.534927877429147 -4.350232915362412
2458573 zr 3.892071822876924 5.431448650155545
2458581 zr 6.044742408999702 4.974400278632388
2458584 zr 4.259577614103317 -0.27166506502378174
2458587 zr 6.158353555408713 2.714246106077412
2458591 zr 7.879810644620984 -14.521612981634147
2458597 zr 3.977131706422585 4.519032637614972
2458602 zr 3.856598515164698 -2.543244839833262
2458606 zr 3.0779386580280854 0.4953443962635358
2458616 zr 3.8146254968340663 10.571699620270428
2458619 zr 11.942167959644749 -10.805339284391858
2458628 zr 3.2364106585435213 -5.504473847901911
2458633 zr 3.4614943157328817 2.3787995620934606
2458636 zr 3.2049642068035396 -2.8641844507812517
2458639 zr 3.231641552495412 -1.898699115297458
2458642 zr 2.7456295329216904 0.3854686230505486
2458645 zr 5.7425564436747125 1.0462438186767389
2458650 zr 8.764631244233655 9.739934468049558
2458660 zr 2.790456629507652 -2.328791908960212
2458668 zr 3.650648113764211 -5.608826128347852
2458674 zr 4.946687128973708 0.49534439626366056
2458677 zr 6.636726803799279 3.2753875134316046
2458690 zr 4.108521136417312 -1.4670188788434493
2458693 zr 7.8132986604295125 -1.0337453404578723
2458698 zr 4.324759090965592 -1.4670188788432765
2458716 zr 5.214345295276659 1.599686077289533
2458723 zr 7.250266003154991 14.565925170701318
2458882 zr 3.060976252443866 -0.16239480755845928
2458886 zr 3.432542070528837 -5.92130691015091
2458895 zr 4.012401921394817 2.1556829194332163
2458900 zr 3.234893298869878 6.58146355425183
2458905 zr 3.5047085434744902 0.05644786344441241
2458908 zr 3.4086377230643823 -10.006254413292526
2458915 zr 2.7547061392887007 -3.8216996364199365
2458954 zr 4.709281001267011 -2.650323116633745
2458966 zr 3.032913053479527 -1.2505814038237892
2458973 zr 5.471394240997136 2.3787998793500433
2458978 zr 6.702639544665341 -8.59360924576776
2458981 zr 3.786002060444091 2.0442790563319706
2458992 zr 2.928599340786105 -5.295480026204472
2458995 zr 2.946288542676323 4.178606963718921
2458998 zr 3.0189780837896847 -1.7909272061513017
2459005 zr 9.02818355298289 -4.8763365782923
2459012 zr 2.714645791607016 3.9521787970009234
2459019 zr 2.7940999503768573 2.4905142253648416
2459022 zr 2.725473336259913 -0.48990148573761005
2459028 zr 4.259949293640511 9.621551069572774
2459035 zr 9.695719021766623 7.97554013058324
2459038 zr 3.274160213814618 3.7261694572153483
2459044 zr 2.9748149835969784 -3.5034037144651298
2459112 zr 5.715636729866596 -6.02520244351148
2459112 zr 5.789814084790901 -4.560892628702197
2459112 zr 5.9579340113400985 0.9359338950155749
2459112 zr 7.289430816230579 8.795962042103847
2459112 zr 6.386897639697799 4.974473291710092
2459205 zr 4.667823678404986 -6.2312392800396434
2459205 zr 5.120023251968285 -7.674128448765897
2459205 zr 5.85719868157221 -5.293794528850567
2459207 zr 9.905437525936705 -7.980795952966188
2459228 zr 3.8403426304246078 0.2791399650613657
2459231 zr 3.480676192908197 3.0543966471556723
2459254 zr 3.1908025234326156 0.6128272088917256
2459255 zr 3.3717231459761434 -4.44791870738973
2459262 zr 3.3442591719674204 6.360089833965131
2459269 zr 4.935766493288486 2.9499874962860613
2459271 zr 6.21980522165434 -0.36855730148912313
2459273 zr 10.203026631504033 21.38254918694194
2459275 zr 8.14285556756865 13.11317172944981
2459278 zr 4.306955499194081 -10.09148558596535
2459290 zr 2.7496364538415814 -4.0124597866177405
2459292 zr 3.0081530371943246 -6.2107902828571735
2459295 zr 4.287128845110547 0.5193840345175753
2459297 zr 4.886012856886426 1.7360742726558955
2459300 zr 8.010035214413062 1.9605360888104515
2459302 zr 9.46551914829217 -4.637088620838184
2459305 zr 7.040958165917295 6.497542377387575
2459307 zr 3.309963339633388 0.9691649432195089
2459309 zr 3.3344421232374413 1.8569183262040136
2459311 zr 3.2977914193158053 0.5324162089456
2459317 zr 2.7659347944297323 1.3107920513172056
2459324 zr 4.138905642078385 -0.5466210257292732
2459328 zr 5.863768074292658 -7.104651409903325
2459334 zr 4.922147290757103 2.6700054365116777
2459336 zr 4.048588647701539 0.01820806425045783
2459339 zr 2.9300516559863743 3.577458019296421
2459341 zr 2.8188714881269026 -1.0613236474763559
2459343 zr 2.9165892914886506 3.023475161083462
2459353 zr 3.3209598325029344 -2.4340080673884072
2459356 zr 5.608825560555098 3.0560273246556715
2459361 zr 7.9088944813737045 -14.003555844853075
2459365 zr 4.168405625120802 10.599085373849176
2459369 zr 2.9872095779841104 1.4286890680399822
2459370 zr 2.9638755237829373 -3.7623080365792125
2459370 zr 2.942117141152618 -4.6060174572477015
2459370 zr 2.925903242901472 -5.234732326945319
2459370 zr 3.094995060814327 1.3220215529244976
2459370 zr 3.082234612337217 5.253797645329699
2459370 zr 2.8845314399402793 1.7649791615220787
2459370 zr 3.103558673822417 1.654086720296676
2459370 zr 3.2114408461457598 1.5432963677638165
2459370 zr 2.942117141152618 -4.6060174572477015
2459370 zr 3.089299116991162 1.101153966171709
2459370 zr 3.1293919444220797 2.6558051909169658
2459370 zr 3.172926122882194 4.343899251579374
2459370 zr 3.0148498878963808 2.544092646327287
2459370 zr 2.8136837145357867 -1.1935570114171687
2459370 zr 3.0637968144768406 0.11226921101123913
2459370 zr 3.072274104339686 0.44098708680839227
2459370 zr 3.164171105086395 4.004412116072204
2459370 zr 3.0427459504473884 3.66586172343196
2459370 zr 2.925903242901472 -5.234732326945319
2459370 zr 3.041304890353848 -0.7598842295246717
2459370 zr 3.126510994855506 2.544092646327287
2459370 zr 3.271145989129297 3.7786079314702627
2459370 zr 3.1528254448339643 -0.6512161619135517
2459370 zr 3.144125890603084 -0.9769203341108996
2459370 zr 3.1934488198488995 5.139693362866226
2459370 zr 3.103558673822417 1.654086720296676
2459370 zr 3.0567906276250945 4.2306326306902955
2459370 zr 3.0581582870485353 -0.10637198078994367
2459370 zr 3.199065878787332 -2.912358975705316
2459370 zr 2.8712782218373563 1.2115369029105532
2459370 zr 3.1499229221522 -0.7598842295246717
2459370 zr 2.988821143466122 -6.791402635400785
2459370 zr 3.037146164450518 3.4406805976652928
2459370 zr 3.2977914193158053 0.660637480497372
2459370 zr 3.17029683288829 0.0028982711195633393
2459370 zr 3.2953376996072845 4.684325721848809
2459370 zr 3.240583255823744 -1.4097949965377543
2459370 zr 3.181998179494675 0.44098708680839227
2459370 zr 3.196120786698954 -3.018945412595257
2459370 zr 3.330148672634228 -2.05612412946138
2459370 zr 3.291722254649663 0.44098708680839227
2459370 zr 3.2441425325444544 2.7676206739606934
2459370 zr 3.232212658901381 2.320975993530525
2459370 zr 3.2052356188398194 5.596741734389384
2459370 zr 3.1262462490406984 -5.547789256805372
2459370 zr 3.044107326046586 -0.6512161619135517
2459370 zr 3.1210442552183704 -1.8410778238422685
2459370 zr 3.2394083186122815 11.574137768991095
2459370 zr 3.112145981688279 1.9870706864170566
2459370 zr 3.1773395067930554 -7.408073928579127
2459370 zr 3.0385050346114775 -0.8684522562244004
2459370 zr 3.112145981688279 1.9870706864170566
2459370 zr 3.164462305753963 -0.2155416374108787
2459370 zr 3.2453655576210445 -5.025546630170594
2459370 zr 3.0981320665767553 -2.6988913665474277
2459370 zr 3.1528254448339643 -0.6512161619135517
2459370 zr 3.126510994855506 2.544092646327287
2459370 zr 3.17029683288829 0.0028982711195633393
2459370 zr 3.087917530868857 5.482321734162739
2459370 zr 3.0748446839932795 -7.408073928579127
2459370 zr 3.095279895166812 -2.805674323856109
2459370 zr 2.9448281794686757 -4.500893441096635
2459370 zr 3.243569318224193 -1.3017257946099212
2459370 zr 3.181705365138068 4.684325721848809
2459370 zr 2.9448281794686757 -4.500893441096635
2459370 zr 3.053976515557893 4.117470284186326
2459370 zr 3.070900132087174 4.7980104020116565
2459370 zr 2.566333958187956 -2.5920100131941117
2459370 zr 2.6390154793309417 -4.079427809495598
2459370 zr 2.7054651101305645 -1.1935570114171687
2459370 zr 2.727984746339623 -0.2155416374108787
2459370 zr 2.6333778037197306 0.44098708680839227
2459370 zr 2.7194136735870975 -5.130187645341137
2459370 zr 2.56049899531461 7.674425314702732
2459370 zr 2.6626444060987198 1.7649791615220787
2459370 zr 2.660193148990643 1.654086720296676
2459370 zr 2.7322043009436494 4.911799837868274
2459370 zr 2.9300516559863743 3.66586172343196
2459370 zr 2.549841414511696 -3.3381163372720257
2459370 zr 2.5829331767324444 -1.8410778238422685
2459370 zr 2.9177087487130553 8.02406709412722
2459370 zr 2.682335952361783 2.6558051909169658
2459370 zr 2.7863902231908457 2.320975993530525
2459370 zr 2.7915276739781305 2.544092646327287
2459370 zr 2.9380940460646015 -0.5424479612079542
2459370 zr 2.9123390777447686 7.7908652470109425
2459370 zr 3.0511649941904526 4.004412116072204
2459370 zr 3.053976515557893 4.117470284186326
2459370 zr 2.9790327448756724 5.711267167877623
2459370 zr 3.1383395277514543 -1.1935570114171687
2459370 zr 2.839655744487651 -4.500893441096635
2459370 zr 3.0596073327792586 4.343899251579374
2459370 zr 2.839718409402211 -0.10637198078994367
2459370 zr 2.9570978335566007 0.2217409316658641
2459370 zr 3.025977490567062 2.99156083490955
2459370 zr 2.9031887809372554 2.544092646327287
2459370 zr 2.803336792090421 -1.625635023215536
2459370 zr 2.8528259540297083 0.44098708680839227
2459370 zr 2.7940999503768573 2.6558051909169658
2459370 zr 2.7699713484724264 -3.018945412595257
2459370 zr 2.954375499674096 0.11226921101123913
2459370 zr 3.1210442552183704 -1.8410778238422685
2459370 zr 3.2543452342147634 -4.711044695176425
2459370 zr 3.1908025234326156 0.7706144996554523
2459370 zr 3.089583427142322 -3.018945412595257
2459370 zr 3.1814359455899637 -3.550407534366953
2459370 zr 3.2203266556751444 1.8759737855099567
2459370 zr 3.0553429159003778 -0.2155416374108787
2459370 zr 2.9789670056700492 1.101153966171709
2459370 zr 2.9982351621803067 1.8759737855099567
2459370 zr 3.0553429159003778 -0.2155416374108787
2459370 zr 2.8318828077378426 -0.43357953513870395
2459370 zr 3.0121408567064587 7.093831617333991
2459370 zr 3.044107326046586 -0.6512161619135517
2459370 zr 3.092145777363307 1.2115369029105532
2459370 zr 2.850199613883847 0.33131352594794894
2459370 zr 3.072274104339686 0.44098708680839227
2459370 zr 2.8739239850418747 1.3220215529244976
2459370 zr 2.879222827578957 1.5432963677638165
2459370 zr 2.948938348225373 -0.10637198078994367
2459370 zr 2.735532870068608 0.11226921101123913
2459370 zr 3.060976252443866 0.0028982711195633393
2459370 zr 3.092145777363307 1.2115369029105532
2459370 zr 2.9626154061040006 5.0256941259474965
2459370 zr 2.865994000334282 0.9908726490701989
2459370 zr 2.9571630901580193 4.7980104020116565
2459370 zr 3.041304890353848 -0.7598842295246717
2459370 zr 3.117620034472689 -5.859982372355346
2459370 zr 2.8136216241366285 -5.547789256805372
2459370 zr 3.120757049973747 2.320975993530525
2459370 zr 3.0511649941904526 4.004412116072204
2459370 zr 2.962550029184697 0.44098708680839227
2459374 zr 4.263502637332527 0.019464961981693396
2459377 zr 3.1849302581891608 0.5807393292848515
2459379 zr 3.016198782329051 -1.6939901298395121
2459383 zr 6.242776667784072 9.256099938705441
2459385 zr 6.5831198829252235 -1.447469348818365
2459390 zr 6.64147616578095 12.515918578349044
2459392 zr 5.774378830865776 1.9876464873974848
2459394 zr 6.288251781206168 -0.8522634959081461
2459399 zr 3.4500324795527546 6.330004981704559
2459401 zr 3.6882119344974513 2.8303947376910696
2459403 zr 2.8739239850418747 1.512248506537233
2459405 zr 3.9432281659067074 15.30690061624392
2459409 zr 3.664912605314107 9.909701814620215
2459411 zr 6.455951775720651 -19.7060942807812
2459415 zr 6.30760688330785 6.124464633785563
2459427 zr 4.753028129107715 1.7579228296444307
2459430 zr 5.267442298394515 3.4670637434544194
2459438 zr 5.249259090085284 -1.7851645844377961
2459450 zr 9.08629740809926 3.908448024657045
2459477 zr 9.178821998337776 5.827330585317695
2459477 zr 8.301061829621544 4.58711703652301
2459477 zr 9.709492522881623 17.94619136195456
2459477 zr 8.89799045595841 -8.657877029878906
2459477 zr 9.123889593440396 2.144068814235693
2459601 zr 6.191242266911217 20.190795950916048
2459639 zr 3.8316060116744897 23.070046264467525
2459641 zr 3.1038442962896213 17.373535240356343
2459675 zr 3.161258137476183 32.48113830194366
2459677 zr 3.768606961070078 30.813553114974475
2459679 zr 3.3160661365867785 31.057029209293972
2459688 zr 7.5023363635625175 18.133121345467842
2459690 zr 4.43574463523703 37.79654103860955
2459702 zr 3.3288936968038896 42.67055692520495
2459710 zr 6.549027055686464 45.35703905633722
2459712 zr 6.648963373199849 43.619297185000484
2459719 zr 3.4266016744730043 43.58109018279868
2459719 zr 4.139677758072136 38.8147578122037
2459724 zr 3.1118824522699904 37.857752669345416
2459732 zr 3.0867391256954604 43.49054549883832
2459734 zr 4.2255747200727924 40.50053183710603
2459738 zr 4.1914271312429205 43.725364369508114
2459743 zr 8.266387912274476 41.10305695285218
2459747 zr 2.968012277384225 52.35623782281003
2459749 zr 5.339557560529103 45.169068369910605
2459751 zr 3.3702616824087204 52.39608102195801
2459753 zr 3.4870937443691132 57.162016445966216
2459759 zr 2.9571630901580193 60.53100627170698
2459761 zr 2.82667108847183 55.74794020361807
2459765 zr 3.429382037919958 51.86325041006335
2459773 zr 5.337705461520932 73.35242605608099
2459773 zr 7.290549746107044 53.12767021798779
2459775 zr 6.2498861338032885 75.33531581743746
2459778 zr 3.7018248699663645 65.02968323592935
2459784 zr 5.141682703846117 52.46396482963276
2459787 zr 3.872308712201625 66.14772669305484
2459789 zr 3.876286501226594 74.16206530778798
2459794 zr 3.884908960893875 72.16501694068693
2459798 zr 6.138891476057517 68.27845300365682
2459806 zr 5.657958538469702 85.0047956855466
2459808 zr 5.241699322182611 63.5796014448033
2459810 zr 5.019792734653598 85.44024588350591
2459842 zr 7.091758544057002 89.87647022768178
2459842 zr 6.611402816160486 75.14979616766868
2459842 zr 5.585629241162468 78.28389607503986
2459842 zr 6.007200189754484 87.25869689387477
2459842 zr 6.141770985675289 66.92566259888466
2459843 zr 6.440653311350289 80.10301850340103
2459843 zr 6.049645445666407 72.78351167377697
2459843 zr 5.90027064662912 87.65938005366408
2459843 zr 5.550641345506564 85.08938646790648
2459843 zr 5.908881392399268 82.91137043973988
2459936 zr 5.481153103622783 70.53432607166829
2459936 zr 5.544925159010992 63.000117181164
2459936 zr 4.64249259122149 71.52503409864484
2459936 zr 4.5745799201919 69.76943301058164
2459936 zr 5.04329581761177 73.19457338062989
2459938 zr 4.445922830983256 71.73755550007537
2459938 zr 5.16552470193707 75.69111953699392
2459938 zr 5.058244137767703 67.90940698981605
2459952 zr 8.090218993591693 71.68892898836637
2459970 zr 3.756780913797518 67.80517520534312
2459977 zr 6.1214341119229 53.566056140894275
2459986 zr 6.033617831250559 64.63309843973394
2460016 zr 6.767228510465359 43.557370751998356
2460045 zr 3.0836136558264116 50.22319093803716
2460049 zr 2.763388447155649 50.02981311129324
2460051 zr 3.0466543384842453 39.96517972739656
2460053 zr 3.607579154665985 48.08412045879644
2460055 zr 3.0635373791556817 39.953657344573266
2460057 zr 6.104543310652993 39.23766656916721
2460059 zr 3.6405749232881606 41.40038362097801
2460061 zr 4.783771030830023 48.95034891094282
2460063 zr 3.4186284872571093 43.85082611017193
2460067 zr 8.104638506784758 46.17255627271921
