jd filt fluxerr adjflux
2458207 zg 10.543868210186954 -16.69656063141657
2458207 zg 9.112828127175653 -6.964482282502569
2458223 zg 6.075218751450436 9.183315093591082
2458229 zg 5.98634745561246 -6.589069541483942
2458243 zg 5.953356917206067 12.642474288525754
2458246 zg 6.092028413923133 -0.32046680881391587
2458249 zg 6.03617636170944 4.419675534030678
2458267 zg 11.950660692660307 7.671133022374206
2458270 zg 9.020968770001735 10.06906613564389
2458274 zg 6.008442650534823 5.480748238358024
2458277 zg 6.058455471682042 4.343927553792066
2458280 zg 6.025067548678259 -9.907651780973751
2458283 zg 6.008442650534823 -15.268618688349187
2458286 zg 6.080816812310502 5.02808522091106
2458289 zg 7.421162361707571 -0.41613789263918216
2458293 zg 9.00436682707943 -5.550440478707512
2458299 zg 7.353124736215725 5.126091032945667
2458302 zg 6.047305656789347 -0.4077901889785086
2458305 zg 7.482934319515575 -10.020430014895922
2458338 zg 7.538274246619135 8.213002322494368
2458472 zg 12.467859969485525 -7.272580608693641
2458472 zg 12.536950638647333 -3.278616431941918
2458472 zg 7.713863210455839 8.638633638521181
2458488 zg 6.041738446634687 -6.713649834997563
2458492 zg 7.6572342508574245 -4.295972807302465
2458495 zg 6.108884587437463 -8.197941775244743
2458502 zg 10.437583647107582 9.558051048508268
2458539 zg 12.251574801371879 -6.1063671363800625
2458543 zg 5.93146429224836 2.1991542849454735
2458547 zg 6.125787400685939 4.909284223699528
2458568 zg 7.8717616084536965 -10.092539737024808
2458581 zg 6.0696258442212665 -1.0694833440480087
2458584 zg 7.643142087452734 8.115999652738218
2458587 zg 9.163326881156195 0.09395067899312237
2458597 zg 6.086420031550319 8.359805513871075
2458600 zg 6.013979180001156 7.139134756975248
2458606 zg 6.041738446634687 -5.891076782708037
2458617 zg 7.573069339602553 -0.22582501828439772
2458634 zg 6.05287799689612 7.725014823679072
2458634 zg 6.041738446634687 11.473232412079115
2458635 zg 6.092028413923133 3.0149863935758647
2458637 zg 5.98083636418832 -2.572439078550315
2458640 zg 6.097641964186516 -2.866403065644496
2458643 zg 7.524401013935801 0.30147260741890003
2458649 zg 10.56330863299152 2.5297428230217105
2458652 zg 7.6220524552331455 -1.0840640150128948
2458658 zg 6.030619397295308 2.8817314247196837
2458667 zg 6.030619397295308 -2.4233656002551998
2458679 zg 8.97125454628248 -6.411338952454492
2458683 zg 7.580047607348133 6.72786579210198
2458686 zg 7.524401013935801 -4.110764382349558
2458692 zg 7.6572342508574245 2.1747766763462426
2458831 zg 9.231094125926324 -0.2223341289118803
2458872 zg 7.5452204521368005 5.155180296610576
2458882 zg 6.080816812310502 10.134029528727726
2458884 zg 7.56609749612015 3.3036678377050688
2458887 zg 9.03760132301739 -3.939136412647665
2458896 zg 6.03617636170944 7.098411139660164
2458911 zg 6.05287799689612 13.389696417824787
2458915 zg 7.469162932912692 9.879798866281257
2458937 zg 6.008442650534823 8.390875197305778
2458944 zg 10.680706202429379 19.07855401650717
2458956 zg 10.524463565002023 3.6157177873909685
2458963 zg 6.114513669962188 11.995373725339702
2458963 zg 5.997384877863214 24.439399677214777
2458966 zg 11.852007453628218 24.44331608081645
2458972 zg 7.629075858878127 23.640808155242944
2458986 zg 6.114513669962188 14.607060870578096
2458992 zg 6.075218751450436 18.429695714731896
2458995 zg 6.03617636170944 22.523555336280275
2458998 zg 6.097641964186516 9.94043404909911
2459012 zg 6.097641964186516 1.5135373662746812
2459018 zg 6.019520811148641 4.31207231043653
2459024 zg 6.025067548678259 20.760678878523393
2459027 zg 7.6010210153881275 22.3734347055843
2459033 zg 9.05426454256416 20.274063468211278
2459039 zg 7.6010210153881275 8.274356854853261
2459043 zg 6.092028413923133 18.000661606062113
2459217 zg 15.527513980394435 21.288842510552655
2459218 zg 9.138042620884699 39.7897690550502
2459225 zg 6.030619397295308 39.08433232334819
2459227 zg 7.629075858878127 42.82051458802763
2459227 zg 5.997384877863214 39.65057211251891
2459231 zg 6.108884587437463 40.06554530138165
2459250 zg 7.559132070986684 49.45045621032418
2459252 zg 6.058455471682042 40.63006191937226
2459255 zg 9.121225218465753 42.46804552611553
2459256 zg 6.019520811148641 47.50566672116394
2459265 zg 6.165409400580642 46.94961270447644
2459269 zg 6.080816812310502 44.78881308559569
2459290 zg 6.108884587437463 49.77635451167896
2459292 zg 5.93146429224836 54.34306851451398
2459300 zg 13.808434314438008 63.89300668989151
2459305 zg 9.029281216722962 51.412486508785506
2459306 zg 6.114513669962188 55.24552663561997
2459308 zg 6.058455471682042 50.682599495150846
2459309 zg 6.086420031550319 53.57305682719788
2459316 zg 6.002911218052954 64.49176777702843
2459319 zg 6.047305656789347 60.7601658387624
2459324 zg 6.047305656789347 53.92831445188475
2459328 zg 10.74978971975492 53.7819035888426
2459334 zg 6.092028413923133 61.13644861416273
2459336 zg 6.092028413923133 54.77687698395306
2459338 zg 7.496731097329018 52.107598075840976
2459340 zg 6.03617636170944 56.284758437596395
2459342 zg 5.997384877863214 59.19387911219228
2459344 zg 6.030619397295308 54.530871128464355
2459346 zg 6.03617636170944 60.866411446750725
2459348 zg 6.075218751450436 53.379208866334345
2459356 zg 10.651235055213059 45.19211404223155
2459362 zg 7.40068523553886 60.49791800984451
2459366 zg 6.075218751450436 57.82944504498305
2459368 zg 5.947876197202014 57.25013627424989
2459370 zg 5.98634745561246 60.98562465990736
2459374 zg 6.019520811148641 61.07879221757039
2459376 zg 6.108884587437463 67.12310939804085
2459378 zg 6.075218751450436 61.77124615838559
2459382 zg 10.661049724365482 54.584840637873434
2459387 zg 15.202042030776255 67.58150846700075
2459391 zg 8.987795437916427 66.72056694802701
2459399 zg 7.580047607348133 63.77687137731043
2459401 zg 7.510553313168529 61.0145362707497
2459405 zg 7.4760454552354005 64.97777479740476
2459407 zg 9.07931699534418 73.00496534586235
2459409 zg 9.112828127175653 61.10839372063405
2459419 zg 12.330818801161284 78.47249018118436
2459600 zg 9.138042620884699 61.54043872022861
2459673 zg 7.503639022566192 72.02229996034076
2459675 zg 6.120147939451809 64.95253380098357
2459677 zg 7.538274246619135 61.26798116462224
2459679 zg 7.448553359331456 53.28703064212557
2459682 zg 10.621845227387217 57.582585301757746
2459684 zg 13.593911504928045 63.47044238450422
2459687 zg 12.128076171757014 49.9361295033732
2459694 zg 7.5452204521368005 65.01428286318898
2459696 zg 7.5452204521368005 59.48430235134122
2459699 zg 5.942400522803689 68.3939289229117
2459701 zg 6.002911218052954 62.26090752100141
2459711 zg 9.1044387663319 57.05288766261328
2459715 zg 10.621845227387217 43.53181646120066
2459722 zg 7.489829531597023 48.23804969369551
2459724 zg 7.587032305276583 53.253579003809755
2459726 zg 6.030619397295308 56.926596921561426
2459730 zg 6.019520811148641 51.70251521000735
2459732 zg 5.991863625277618 52.16666268334898
2459734 zg 5.947876197202014 45.62443832170456
2459736 zg 6.058455471682042 48.40248712675212
2459738 zg 7.503639022566192 33.716451637054405
2459742 zg 14.993462194658036 62.94042312976653
2459753 zg 5.991863625277618 38.25742147743763
2459756 zg 5.997384877863214 56.75567458817087
2459758 zg 7.489829531597023 40.39855795913188
2459760 zg 5.98083636418832 50.27917206423207
2459762 zg 5.9753303463301535 35.65420868405943
2459764 zg 5.947876197202014 40.85755813568215
2459770 zg 9.020968770001735 39.1139158209621
2459770 zg 10.543868210186954 26.463904962207614
2459935 zg 7.56609749612015 19.16872899572916
2459938 zg 7.4760454552354005 19.680723643830596
2460036 zg 7.629075858878127 13.80470465145221
2460045 zg 6.103260687102502 4.929294672911246
2460051 zg 5.997384877863214 7.717378481373494
2460055 zg 5.942400522803689 14.44278964062101
2460057 zg 5.9588426874651645 3.6041757047590597
2460059 zg 5.997384877863214 1.4182485167914303
2460061 zg 7.469162932912692 -0.9771224844736235
2460063 zg 7.448553359331456 13.048985122122108
2460065 zg 9.05426454256416 0.477496025429927
2458218 zr 10.032823767193657 6.530311215945457
2458219 zr 13.726566558944347 15.927814367259925
2458219 zr 10.14432568063658 -7.977380323455593
2458219 zr 10.209939853110964 6.065590072370933
2458231 zr 10.153673253928647 -8.690006069104662
2458243 zr 9.913412636615956 -0.414186810417808
2458246 zr 10.14432568063658 -3.4172971680566855
2458256 zr 9.95000235784012 -15.256480431267489
2458256 zr 9.977533248180121 2.3397526270341045
2458270 zr 9.940842286014865 -3.290536292684673
2458274 zr 9.940842286014865 -0.029186868960481456
2458277 zr 9.904286249654527 -2.078005196616766
2458283 zr 10.01435963415212 8.60757090382579
2458286 zr 9.968347831141482 5.741878814631799
2458289 zr 10.005140314373717 -0.12122531449022621
2458293 zr 13.538231005238195 -4.763364768384117
2458296 zr 9.913412636615956 5.7259514516383865
2458305 zr 9.886058673526573 10.260840100255368
2458450 zr 13.30337766424016 39.520004742529146
2458450 zr 13.500875123385256 20.70329319471672
2458450 zr 13.181411564702097 -24.57465586402561
2458450 zr 13.327905975991284 -14.50887928261271
2458451 zr 13.389424794826594 -6.560337518033238
2458451 zr 13.414111757327744 -28.679991030551257
2458451 zr 13.625797182837466 6.412402652757615
2458451 zr 13.476028483970515 -12.076828479816335
2458457 zr 13.230063244216772 1.1952759506878448
2458469 zr 9.986727129197707 -23.8179830107843
2458477 zr 10.0513219437708 7.569170963019501
2458539 zr 10.069854226651874 2.182357913008625
2458557 zr 9.795422742814338 -14.95151197792608
2458560 zr 9.995929481993462 1.774514544539563
2458573 zr 10.069854226651874 -4.647611108258088
2458581 zr 13.438844236804156 17.598344674259625
2458584 zr 10.005140314373717 -7.900975623145875
2458587 zr 9.995929481993462 3.289449049732271
2458594 zr 16.845035604963144 14.601973607662497
2458597 zr 10.005140314373717 13.150733936684997
2458606 zr 9.977533248180121 5.263110265174577
2458617 zr 10.079133177603117 0.3494710725126541
2458634 zr 9.968347831141482 3.3059301494290954
2458634 zr 9.95000235784012 -20.882944333314438
2458637 zr 10.097716737883871 20.031607705005754
2458640 zr 10.079133177603117 2.5998995613092255
2458643 zr 9.986727129197707 2.771222650896426
2458649 zr 13.30337766424016 -7.660657806758299
2458652 zr 13.254456381353153 -2.314578725555448
2458655 zr 10.116334561896103 -3.024656511378513
2458658 zr 10.06058381799581 -1.8463450705995006
2458661 zr 9.968347831141482 11.01776931237341
2458667 zr 9.977533248180121 -3.106659393822376
2458670 zr 10.032823767193657 -15.124152225741714
2458676 zr 13.340187085831623 -0.02433432678650327
2458686 zr 10.069854226651874 -9.807338969873435
2458873 zr 9.92254743316258 1.4941568578184257
2458876 zr 10.08842067872091 -2.391150425462132
2458882 zr 10.125656342538942 -5.363042244650579
2458885 zr 10.023587449149451 -3.2968783330382125
2458888 zr 10.005140314373717 13.705413611065223
2458899 zr 10.023587449149451 -4.755318833869931
2458905 zr 9.931690647043474 8.40213645280461
2458911 zr 9.977533248180121 -9.930593169466825
2458915 zr 10.107021362977886 3.9060109086887933
2458940 zr 13.120848479844513 0.20441653052898534
2458941 zr 10.14432568063658 8.468698221184708
2458944 zr 9.968347831141482 11.077652403825667
2458956 zr 10.042068596119945 0.8006560589478813
2458966 zr 10.097716737883871 -1.4462838999185523
2458980 zr 10.097716737883871 15.785983090016012
2458986 zr 10.0513219437708 -1.6085548036541129
2458992 zr 9.977533248180121 14.337757891419042
2458995 zr 9.904286249654527 2.4116285130081883
2458998 zr 10.079133177603117 -0.7787256845520734
2459012 zr 6.7008812958472 -5.949007793057033
2459015 zr 10.023587449149451 -5.210485318696156
2459021 zr 10.023587449149451 24.290496203386095
2459024 zr 9.995929481993462 2.7461000702426803
2459027 zr 10.079133177603117 7.412472595117141
2459033 zr 10.023587449149451 3.4532161710126905
2459036 zr 10.14432568063658 7.264224862923225
2459043 zr 9.931690647043474 19.629181665569334
2459180 zr 14.600304730662577 38.597526037547595
2459182 zr 10.06058381799581 18.853120826785364
2459182 zr 13.389424794826594 26.659870484180058
2459184 zr 16.922788756547742 10.40640466453374
2459184 zr 16.101707507205298 22.797072021079842
2459184 zr 17.00090080037358 11.229262770186187
2459185 zr 13.30337766424016 25.348186366918807
2459185 zr 13.4017625916944 21.637873076927782
2459185 zr 13.19355768604845 25.474766369366286
2459185 zr 16.87609390423157 -5.66138302488508
2459186 zr 16.67523385728953 40.71939339791754
2459186 zr 13.37709835625821 21.48931871179565
2459186 zr 13.145040250541811 10.520515383696429
2459186 zr 13.525767574182106 -5.512800948269444
2459186 zr 13.31563617226361 24.56491598951965
2459189 zr 9.95000235784012 9.05964410407761
2459189 zr 10.005140314373717 19.166148514581465
2459189 zr 13.31563617226361 -30.70655911307335
2459189 zr 13.19355768604845 8.14820762682498
2459190 zr 10.005140314373717 7.021772983132768
2459190 zr 9.931690647043474 10.234643911776212
2459190 zr 9.8134832075199 16.194014091084938
2459190 zr 9.995929481993462 14.43493720628193
2459190 zr 10.134986712814104 3.147920278911144
2459201 zr 13.242254196057965 18.68728503026213
2459216 zr 13.120848479844513 24.10264899858568
2459218 zr 10.01435963415212 9.591509293617749
2459224 zr 10.069854226651874 26.625850148051533
2459227 zr 10.01435963415212 35.29807055773583
2459228 zr 9.849704096124384 16.394418061720803
2459232 zr 10.023587449149451 23.392105798432986
2459250 zr 10.069854226651874 16.491558551354952
2459256 zr 9.986727129197707 6.641092673637562
2459260 zr 13.230063244216772 26.71106265737159
2459265 zr 10.0513219437708 6.940950283150512
2459269 zr 9.977533248180121 24.35349172618314
2459273 zr 16.86055760316017 43.9719012367616
2459278 zr 9.986727129197707 5.879036626323334
2459290 zr 10.08842067872091 28.59873770913741
2459292 zr 10.032823767193657 17.955701135931776
2459295 zr 9.986727129197707 20.699266620482266
2459297 zr 9.968347831141482 28.50468294517426
2459307 zr 10.097716737883871 12.43289139957553
2459307 zr 9.913412636615956 22.834778279819428
2459308 zr 9.977533248180121 33.72200579040594
2459309 zr 10.032823767193657 25.187737614975724
2459309 zr 10.042068596119945 24.64941642568681
2459311 zr 10.069854226651874 27.864358433448334
2459313 zr 9.940842286014865 27.589711722204463
2459316 zr 9.995929481993462 12.489246540579506
2459319 zr 10.005140314373717 26.99983238785668
2459322 zr 10.042068596119945 28.05710976768118
2459324 zr 9.986727129197707 14.391513502274304
2459328 zr 10.032823767193657 9.19521027917127
2459334 zr 10.005140314373717 44.395647986179
2459338 zr 10.01435963415212 44.2901365784094
2459340 zr 10.023587449149451 35.77080053552852
2459342 zr 9.995929481993462 14.725941973535937
2459344 zr 10.0513219437708 39.39788216542652
2459346 zr 10.0513219437708 36.866386947857094
2459348 zr 9.986727129197707 13.744290797182007
2459350 zr 9.904286249654527 29.975282641220993
2459354 zr 10.14432568063658 34.32352060589611
2459354 zr 9.931690647043474 27.61358378511103
2459355 zr 9.895168264536338 30.014511314231267
2459356 zr 9.858780187906358 40.34403887676171
2459362 zr 10.042068596119945 25.637514230179754
2459364 zr 9.995929481993462 28.542345921321683
2459366 zr 9.940842286014865 13.742549101662187
2459368 zr 6.6823916327663 43.19565894081928
2459372 zr 9.940842286014865 17.84947229400273
2459376 zr 9.995929481993462 43.482367225059406
2459378 zr 10.06058381799581 18.26552492927306
2459380 zr 10.042068596119945 37.39755937562573
2459387 zr 9.795422742814338 17.007901887234837
2459391 zr 9.959170870289784 42.62964020156386
2459393 zr 9.995929481993462 15.49842162012314
2459396 zr 10.097716737883871 31.994764702280555
2459403 zr 10.447759903296436 42.29826779921602
2459405 zr 9.959170870289784 28.530998922973964
2459407 zr 9.895168264536338 27.34645994500026
2459415 zr 9.92254743316258 34.453910807973514
2459600 zr 9.995929481993462 47.91450637959861
2459670 zr 10.0513219437708 35.23825763814202
2459673 zr 10.0513219437708 33.89185153864392
2459675 zr 10.079133177603117 42.67778067910246
2459677 zr 10.125656342538942 26.954728464745543
2459679 zr 9.968347831141482 24.998360556995976
2459690 zr 10.032823767193657 39.024122660327606
2459699 zr 9.913412636615956 28.518690766240404
2459699 zr 9.968347831141482 25.634685992793873
2459702 zr 9.986727129197707 32.84987662717055
2459709 zr 9.913412636615956 20.760379923799018
2459709 zr 9.968347831141482 18.50338730518944
2459719 zr 9.931690647043474 15.548607274097165
2459724 zr 10.032823767193657 18.037395128057803
2459726 zr 10.0513219437708 45.49520497255294
2459730 zr 10.032823767193657 37.25540651013114
2459732 zr 9.913412636615956 29.96432471753293
2459734 zr 9.759401466181174 7.100426790298659
2459736 zr 10.06058381799581 24.52639645570074
2459738 zr 10.01435963415212 25.547185482138904
2459742 zr 13.254456381353153 30.312734269773106
2459750 zr 10.032823767193657 26.248684325454988
2459753 zr 9.959170870289784 15.247241417066997
2459756 zr 6.65168883212008 30.037067386035773
2459760 zr 10.023587449149451 7.430037994706449
2459762 zr 9.986727129197707 44.001192834907215
2459772 zr 13.266669810453493 25.8218840089376
2459772 zr 9.995929481993462 8.82920439514321
2459774 zr 10.042068596119945 25.26250546248021
2459774 zr 13.060563657085785 34.31976146785193
2459776 zr 9.904286249654527 -3.4997601153202034
2459778 zr 9.977533248180121 19.480947391922523
2459910 zr 13.426472302202498 -5.421641803284862
2459910 zr 16.95399041441203 12.582590140703672
2459914 zr 9.995929481993462 0.4040598894780416
2459914 zr 13.340187085831623 8.511422337764845
2459936 zr 10.005140314373717 4.807930791362919
2459957 zr 13.20571499953937 5.9496975600382385
2460030 zr 9.995929481993462 13.038427148725109
2460036 zr 10.0513219437708 9.444099895212101
2460043 zr 9.959170870289784 -12.123548462356439
2460045 zr 6.676239756101413 9.450751819052137
2460051 zr 10.023587449149451 1.6218109653986743
2460055 zr 10.005140314373717 16.755491827192543
2460057 zr 10.116334561896103 -5.072590762660063
2460059 zr 10.107021362977886 7.7865179829879585
2460061 zr 9.995929481993462 7.2632653549360064
2460063 zr 9.968347831141482 -7.672785273975925
