jd filt fluxerr adjflux
2458207 zg 9.377149347767563 9.084548420533398
2458207 zg 9.215741449764675 -0.16047224635274304
2458223 zg 2.51147005689611 -0.5215768068745987
2458243 zg 2.580429127999483 3.1333806576401884
2458246 zg 2.9563777029814466 -0.6749161971178843
2458249 zg 2.9418688159094617 3.278682900164675
2458267 zg 9.485319860605593 -3.4100360768770734
2458270 zg 6.06489596337445 -6.826798758568433
2458274 zg 2.0746427431024586 -3.593095840975103
2458277 zg 2.861948138442124 -2.876163165511521
2458280 zg 2.515481812110345 3.046519958270782
2458283 zg 2.8905012530459584 4.344847660637928
2458286 zg 3.0431662896086884 2.247289557448461
2458293 zg 7.647155596157618 0.28431803219412544
2458299 zg 5.209350339037409 -7.082921343012941
2458302 zg 2.8809727710163875 2.0226982732753847
2458305 zg 4.11664612199439 -4.444444961159505
2458338 zg 5.406273832713431 5.980236077593144
2458469 zg 3.1065079835144607 -1.5773686378721656
2458472 zg 9.212460747382504 11.503804384502136
2458472 zg 9.950415278886116 3.807346498457978
2458472 zg 3.7907141953273484 0.8434675996217074
2458488 zg 2.7582255844860963 3.5125627995690785
2458492 zg 3.6611646775165947 -1.3047870786141225
2458495 zg 2.532864411797522 -6.3458243020847895
2458502 zg 8.44418618850413 0.12653738543546922
2458526 zg 5.52936418667414 5.571683574650958
2458539 zg 8.449440703662885 -5.7502816966484644
2458543 zg 3.0674198565378092 -2.9230371623078533
2458547 zg 3.17108434931866 4.134759914870219
2458560 zg 9.927456297925973 -2.498046480847208
2458581 zg 3.296695810791964 -4.641753409741298
2458584 zg 4.019051896440838 6.8445606969855355
2458587 zg 8.27528603981137 -3.7974322146577144
2458597 zg 3.576078473409684 3.2204816938763017
2458600 zg 3.331668322783395 1.3041008528899667
2458606 zg 2.8346184797607905 -0.36738768611567707
2458617 zg 6.399405862239861 -14.477608576938518
2458634 zg 2.9439827993177414 2.3885017892869094
2458634 zg 3.0057988791454244 -0.21234412605788577
2458635 zg 2.4173772931104764 0.8165954787510792
2458637 zg 3.160005152027105 0.9782000837145048
2458640 zg 3.6462402534735694 2.1067261368802903
2458643 zg 4.470148298804737 -1.0797025306334724
2458667 zg 2.922064218830277 6.138678807688908
2458683 zg 5.842821918330108 12.847263096166852
2458686 zg 5.798762159266493 4.6169583996293575
2458831 zg 7.485171723253978 19.516787539767932
2458872 zg 3.0715215726465828 83.4387024880016
2458882 zg 2.4115219984590492 78.80877642376895
2458884 zg 5.314637619521691 84.19355623338774
2458887 zg 7.320417515353572 66.76806936485605
2458896 zg 3.699928740412644 74.22840693530972
2458915 zg 5.743806115515906 62.215200064522776
2458937 zg 2.072907969900267 60.13450043804717
2458944 zg 9.680547646347069 67.01880439721444
2458956 zg 6.2885417312553695 57.6006149332714
2458963 zg 2.3308801941138992 47.688304585939754
2458963 zg 2.9040211117889063 52.50998001797956
2458966 zg 7.404672514746325 54.699336778522515
2458972 zg 4.8096923181828695 44.17336799119133
2458977 zg 20.085198887200125 36.89009443731052
2458986 zg 2.267399281252615 44.05935521212943
2458992 zg 2.241719218064595 46.42889187017493
2458995 zg 3.042817183456493 41.75666458299656
2458998 zg 2.7276204399007926 41.11234710329345
2459012 zg 2.1423574573196182 38.966835007587676
2459018 zg 2.292598503751216 36.93774334595867
2459024 zg 2.323509424490025 38.31558180286365
2459027 zg 4.788523039764752 42.7889262436171
2459033 zg 7.6639469830921385 38.848275940716945
2459039 zg 4.223803044300756 30.961689604440327
2459043 zg 4.136122185082975 35.92317586731187
2459217 zg 13.800981762216393 2.617527338943262
2459218 zg 5.837913790953622 9.519794314964194
2459225 zg 2.954848836459976 15.76411645836738
2459227 zg 3.562489310664481 13.857964017653096
2459231 zg 2.798854824870569 11.391787454431203
2459250 zg 3.7479055132664634 7.343137594335278
2459252 zg 2.1033705132004465 10.992016518720094
2459255 zg 3.0232212474355302 5.597470276878029
2459256 zg 2.207638730358227 7.358405526562025
2459290 zg 2.3036979414468757 7.368053885717023
2459292 zg 2.722847402626922 10.210466493499505
2459300 zg 12.186561173662767 18.57459714785623
2459305 zg 6.778313244434697 8.844833165221305
2459306 zg 4.253515620828283 6.968595759125501
2459308 zg 2.506848016448041 7.9558284189592445
2459309 zg 2.553453800714515 8.426926624350205
2459316 zg 1.8800231295369532 7.043423495062404
2459322 zg 2.9480654667816175 11.902098910063454
2459324 zg 3.316060886684895 5.766850749530193
2459328 zg 9.228298522724145 18.157164918963183
2459334 zg 2.5932768929270367 2.741672519553153
2459336 zg 2.3934798880473034 6.648067713122071
2459338 zg 2.9196156600585703 8.275918575414359
2459340 zg 2.5690962335024876 3.532363330521007
2459342 zg 2.2099609567124543 6.03793332670607
2459344 zg 2.0058660550689815 0.47472659365008774
2459346 zg 2.6332239148549665 3.0575738235309746
2459348 zg 2.134912211315024 6.475185116216849
2459356 zg 8.235018439891363 11.011975588436671
2459362 zg 4.530992671635642 10.20667234956994
2459366 zg 2.481578424603451 5.411863796830517
2459368 zg 2.3207315567517295 0.5523321250841997
2459370 zg 2.5340025079654844 0.15467499364782977
2459374 zg 2.4588902995697755 3.5770942781528188
2459376 zg 2.987460011050822 9.394022825452934
2459378 zg 2.5614856994152233 8.779518542772434
2459387 zg 15.880247030620191 1.7824737199783156
2459391 zg 8.798307672545276 0.32457974495400066
2459399 zg 4.175076341931748 8.3894534917618
2459401 zg 3.66594439374639 0.9771669889549104
2459405 zg 4.7930821566864275 4.723586705598397
2459407 zg 6.207693731065614 -4.323218865495233
2459409 zg 5.495846860330767 -1.6638781141931043
2459419 zg 11.77454968166799 -17.785570065205484
2459600 zg 6.521712697073161 6.089097081460803
2459673 zg 2.738653724666836 2.912670312889553
2459675 zg 2.5061498800824165 -5.013088787274109
2459677 zg 3.786227689975111 3.529947514764954
2459679 zg 3.9359972354805004 2.1095640682166596
2459682 zg 7.556029041157916 -13.947415297119893
2459684 zg 12.61090233885576 13.925674331473754
2459687 zg 10.408659302683246 3.751748299141275
2459696 zg 3.020609709734099 2.551257457181724
2459699 zg 3.1819056607957945 1.2710268143687629
2459701 zg 2.9113055659834965 -0.2752506267783794
2459711 zg 7.363729503114038 -3.0450776618583397
2459715 zg 10.405060084740022 4.726934203293536
2459722 zg 3.1326501673150973 -0.8308936567501758
2459724 zg 3.3891566222173486 1.1120441711815237
2459726 zg 2.5367266016648995 0.9711104913249755
2459730 zg 2.8921772640746037 0.8472619271260418
2459732 zg 2.6071928832345983 2.034840631473985
2459734 zg 3.2255719020317852 -1.3261010186211404
2459736 zg 3.536988331727884 -2.6949699623035652
2459738 zg 5.83558564175835 0.6796344464374513
2459742 zg 13.487675960348872 -12.706204634868644
2459753 zg 3.7787970697036237 3.301579985318744
2459756 zg 4.070232930797885 2.503555237530204
2459758 zg 3.3283855441277095 -4.252844814130428
2459760 zg 3.24503409106026 -3.6078982490309697
2459762 zg 3.412615030563832 3.037740497781353
2459764 zg 4.043161057428616 3.5415675804714537
2459770 zg 7.761023018472953 7.34891287938279
2459770 zg 10.279072768906271 -8.699633843114448
2459935 zg 4.056951065224872 10.260128708766818
2459938 zg 3.421726405379823 0.5305302841755859
2459978 zg 3.7080709222802346 -4.832788158700053
2460036 zg 5.849921329222824 -12.863777640126017
2460043 zg 8.952593145053056 -8.458676899688786
2460045 zg 3.2175184178943974 -3.4011060572286533
2460049 zg 2.667569734089521 7.14006608130616
2460055 zg 3.1074760792033884 3.6436506498255836
2460057 zg 2.9842140079076396 -5.04393403924664
2460063 zg 4.894856649785124 2.1764323789751794
2460065 zg 7.42966358411159 10.964620421086252
2458218 zr 3.9985260232203896 6.303251890968937
2458219 zr 7.4832448582426405 1.6879661827772736
2458219 zr 4.079922440955975 -4.9695469395404075
2458219 zr 3.8788226846018716 1.8216571127431962
2458231 zr 4.6598289297225675 1.154432102463602
2458243 zr 4.325296350782025 -1.09128624210922
2458246 zr 4.611098820707485 -4.3305889321880215
2458256 zr 4.01627261175897 1.955471233329007
2458256 zr 3.899958272082054 7.827643226111803
2458270 zr 5.851914995505671 -13.732241162500657
2458274 zr 3.5768434032139718 -9.484199400694251
2458277 zr 4.087174533439052 4.521497345162032
2458283 zr 3.9327824831715525 3.8418676957969353
2458286 zr 4.574777466580145 -1.483952263290064
2458289 zr 6.083515311047086 6.717464506403303
2458293 zr 7.878286386351215 -3.173023146583148
2458296 zr 8.004420996578828 6.44119561434718
2458305 zr 5.527829069827745 -6.994550734001194
2458450 zr 8.0395504333578 -0.3026917636181281
2458450 zr 8.134877541760877 -15.393483433285098
2458450 zr 8.173945993791609 2.0894086580498197
2458450 zr 9.46291173104189 -2.6554614046535505
2458451 zr 6.675718404617118 4.521497345162032
2458451 zr 7.110584021320611 5.067459030689633
2458451 zr 7.428308912506892 0.6228600179927923
2458451 zr 8.134932254138032 6.303251890968937
2458457 zr 7.2007342740466225 -6.238669206648609
2458458 zr 8.45689311466295 -8.369531020227186
2458469 zr 4.123477439448971 1.0213554265241953
2458470 zr 7.737074605641143 3.9775433562312514
2458474 zr 10.751613977170516 -23.053780962649554
2458477 zr 6.0502091006702585 9.367557240880103
2458539 zr 6.01132743543535 8.385807667698089
2458557 zr 4.77534144375443 0.6228600179927923
2458560 zr 5.492304479554465 -7.871149229885248
2458573 zr 4.799212424844104 5.478252302440183
2458584 zr 4.219061624437846 -4.586525290425811
2458587 zr 5.458656746246436 1.154432102463602
2458597 zr 4.450572384342781 3.0304327041152135
2458606 zr 4.514939209946103 9.79024855325602
2458617 zr 6.475479506661727 -2.785030654472166
2458634 zr 3.731641608019124 -3.68868162867642
2458634 zr 3.786691809448123 3.4355896808781097
2458637 zr 3.6548174778285993 3.57089097305564
2458643 zr 4.475235239471077 3.8418676957969353
2458649 zr 9.454818130410384 27.692357700990897
2458652 zr 9.02769195665665 2.895628963233378
2458658 zr 4.227695045678628 -19.339860612812203
2458661 zr 4.061252206265504 14.082024081499156
2458670 zr 4.954552443128644 6.027745304422552
2458873 zr 5.288961242482547 44.6560950655771
2458885 zr 5.143817191018028 56.1205284497324
2458888 zr 5.616422372123089 40.88365113924896
2458899 zr 3.4329358902959353 43.42701127995653
2458905 zr 3.776590765252662 45.24051932136536
2458911 zr 4.369340283590081 46.12009457617294
2458915 zr 6.113075514248107 45.68730775948935
2458941 zr 4.355163158329548 26.96320698072141
2458944 zr 7.7634217384469935 35.4805642486708
2458956 zr 3.8249272883962258 31.051327796870446
2458966 zr 6.397345215417707 38.5402576141114
2458980 zr 3.1110942677397997 29.048417925042447
2458986 zr 3.357958131887403 27.535005999753647
2458992 zr 3.255681694183329 27.737637537670505
2458995 zr 3.172794453204416 23.66702760114982
2458998 zr 3.157280524233969 28.243147186213992
2459012 zr 3.3091249847341153 33.04500909014255
2459015 zr 3.815047300116046 25.75237280159236
2459021 zr 3.3101062754470316 25.849533836071902
2459024 zr 4.113882727040414 21.270872227175783
2459027 zr 5.230780980800538 26.91447554889286
2459033 zr 7.4071847903269115 14.554633990096853
2459036 zr 7.6498545767924515 18.567289672859605
2459043 zr 5.239447892495682 28.979831730191787
2459182 zr 10.19952675020109 0.8495705178982735
2459184 zr 11.634382055268 6.12513255618428
2459184 zr 11.583059912983506 -8.170311704557069
2459184 zr 11.662310529451277 11.20193055924899
2459185 zr 9.098361582137953 -1.0311750002420101
2459185 zr 8.904526724109395 9.432536721919083
2459185 zr 8.749037493105506 1.0473501632471223
2459185 zr 12.293963958342346 17.23409865628374
2459186 zr 11.785372702124342 7.81327737881119
2459186 zr 9.44160580867623 22.519621318900075
2459186 zr 8.179956980757225 -4.085836573791315
2459186 zr 8.27260862388517 9.769402551366763
2459186 zr 8.673611563983798 1.7322279510006773
2459189 zr 6.245968460210022 11.3189295870472
2459189 zr 6.808630416695736 27.73608480409937
2459189 zr 7.866413738017124 16.871723939088334
2459189 zr 9.272288754500906 -8.680597623815693
2459190 zr 5.279180801307977 13.946085060146052
2459190 zr 8.017062800307178 0.8909946863961604
2459190 zr 5.543124147202263 3.7580619726367583
2459190 zr 5.092916266982759 8.760594070933157
2459190 zr 5.788557937911025 13.136143411115588
2459201 zr 9.376155234816794 5.839753865214128
2459218 zr 5.147091873129827 5.250835747124555
2459224 zr 4.8942429685686655 5.098773244346972
2459227 zr 4.311028023720823 2.7892212984818645
2459228 zr 4.608610163849089 8.0420093009215
2459232 zr 3.163101809845692 7.995299904375846
2459256 zr 3.591415834358781 8.324857311084957
2459260 zr 6.181014474672061 9.641711583008366
2459273 zr 14.433811036731518 -23.165996972233856
2459278 zr 5.136718728072878 -0.8739790464625861
2459290 zr 3.202151958824643 1.764619011920118
2459292 zr 3.53720280128606 -0.2079602124272002
2459295 zr 4.316879969396173 -3.5489613622306564
2459297 zr 5.6931759415277945 2.9579512543896804
2459307 zr 3.7557781138638013 2.7832000022953363
2459307 zr 4.074399621041939 4.870696912483345
2459308 zr 4.149692050433829 -1.3301693404318442
2459309 zr 3.666569827574457 4.28701264655004
2459309 zr 3.914021290199299 3.7641806404039935
2459310 zr 5.35503014901196 7.4355523370023455
2459311 zr 3.5144709695593783 -1.669116250983171
2459313 zr 3.954138774599744 -3.8439661774699445
2459316 zr 3.102509861855887 2.2641349244525797
2459319 zr 4.046689912950296 13.330385699082923
2459322 zr 3.8045204848954106 4.181062222217153
2459324 zr 4.444310874196146 -4.273988574215136
2459328 zr 7.184172168519337 -21.998914607337525
2459334 zr 5.65158657112269 4.125775831043451
2459338 zr 4.11164744503742 -3.398799632264679
2459340 zr 3.1292620813200074 -2.824351436286876
2459342 zr 3.2767396596833525 3.5310817899614166
2459344 zr 2.9378509946410536 -0.14086223998213931
2459346 zr 3.8108616612584836 -0.9535403072655289
2459348 zr 3.3578840308220537 -3.8923561364278276
2459350 zr 3.753735112479551 -7.498609041808353
2459354 zr 5.057678501459514 -8.316390056807073
2459354 zr 5.185157112899666 1.6810809911591837
2459355 zr 6.620610050324516 7.6139498683843545
2459356 zr 8.13204866522418 -12.975347255457143
2459362 zr 4.510044696879184 4.77873984015044
2459364 zr 4.020239323511087 -2.8826480635408434
2459366 zr 3.5568042171745846 -1.4102080793275587
2459368 zr 3.333306712722228 -0.17710432030246714
2459376 zr 4.03879590509737 -2.507297892995427
2459378 zr 3.622930144608597 0.9023399812629296
2459380 zr 5.575191130795475 -8.030831502618954
2459387 zr 9.15198966930769 -9.01452732927015
2459391 zr 8.36296497005036 -11.949515952619638
2459393 zr 3.803848256224255 -2.2083033300401214
2459396 zr 3.646054731747157 -7.974831041232076
2459403 zr 5.284045346376398 7.047881236687043
2459405 zr 5.1651838644384735 -3.3109279545311754
2459407 zr 4.930644068876728 4.558849603739273
2459415 zr 7.343374697624135 7.384207428478897
2459601 zr 5.889411950739691 -14.345712429513203
2459670 zr 2.8597272238459452 -1.4585057635266776
2459673 zr 3.825603242223802 0.6239120892389928
2459675 zr 3.59633351472425 -3.1594620489679004
2459677 zr 4.4645824319380285 -0.05088914684148982
2459679 zr 4.898957287661606 1.1275909037047782
2459690 zr 4.439978284036251 -0.8885647540592256
2459699 zr 3.548670637681689 -0.005436658188655241
2459699 zr 3.5339464169601986 -5.672842633381476
2459702 zr 3.769640431433292 -1.5848962244082598
2459709 zr 7.242101686048567 0.22181837037876406
2459709 zr 4.5269367822914495 -6.21261501436934
2459724 zr 3.731641608019124 -3.0827618976775857
2459726 zr 3.9831181015460544 1.3550774391666458
2459730 zr 3.666569827574457 -0.6354082938433937
2459732 zr 4.161631506435983 2.9383306796526485
2459734 zr 4.315706554514211 3.6049648388372084
2459736 zr 3.4456066195201447 -4.273538143799283
2459738 zr 6.2115471600934695 0.655679887233227
2459750 zr 3.426618009460769 -5.0779105148820864
2459753 zr 4.098754507295543 -3.8112835053711924
2459756 zr 3.3904704241750783 -11.417322452270177
2459760 zr 4.945434221021491 6.253070888328104
2459762 zr 4.435890795559206 -1.2500967539025367
2459772 zr 8.847301788342486 -1.666602010483284
2459774 zr 7.920524479991063 2.8220742265880325
2459774 zr 8.96260848265996 -7.780687302619892
2459776 zr 3.721344933145365 -3.6146747901317586
2459778 zr 5.090391902030651 -11.352619401831419
2459907 zr 11.612970458382708 -4.6130773451607325
2459910 zr 7.834572171200367 -12.307166658474696
2459914 zr 8.075212145369333 5.424810669189553
2459914 zr 6.457611792091161 -2.952476499849441
2459984 zr 8.483986503384418 -11.655279829421408
2459996 zr 3.867436428527927 -3.2885047577656983
2460030 zr 3.535620905161083 -1.1032997173114611
2460043 zr 6.124346593349659 1.2654774894557677
2460045 zr 2.982037981468684 -8.383969525772176
2460049 zr 3.6530865375193455 -1.6375701517560943
2460055 zr 3.869578156049737 -7.766970370649056
2460057 zr 3.7210024869336302 0.9914777100933189
2460059 zr 4.0000334469993275 -3.2001302219194163
2460061 zr 3.703906033472235 0.32637067146861964
