jd filt fluxerr adjflux
2458329 zg 9.648584902748865 -3.919377526823046
2458336 zg 5.564745170655341 -5.2368701950617735
2458342 zg 5.185692736113237 2.066721558743559
2458345 zg 2.696761121163742 3.514320002060901
2458345 zg 2.873271940179104 -1.1152927883536157
2458346 zg 3.2205767153356666 -0.17186119197477362
2458347 zg 2.0097924912774796 1.277428407432391
2458348 zg 1.9457443841843547 3.6859740211477625
2458348 zg 2.090809394008809 0.3415925604670265
2458349 zg 2.53919286322099 2.115987441868815
2458350 zg 2.4612398638054174 -2.638398578628216
2458351 zg 1.885239523178267 -1.0165300314217467
2458351 zg 1.550300434735388 0.9246217850502647
2458352 zg 1.8313102250032165 -1.710512675942684
2458360 zg 6.618708045968328 4.458587759874274
2458360 zg 6.740070218001344 5.603313220739133
2458361 zg 5.563959194313837 -5.427492539514253
2458364 zg 3.643472712182919 4.447297303728858
2458364 zg 3.971145332866672 -3.178969275676108
2458365 zg 2.4733749383048007 4.9555265786331235
2458366 zg 2.165009271963304 2.3760330614123166
2458367 zg 1.927393475579448 -3.4940716234992317
2458367 zg 1.9158518393225004 -3.2825619230066074
2458368 zg 1.7163443697340544 -1.072993325363039
2458369 zg 2.007106348053266 1.031886647571383
2458370 zg 2.1485952210335175 -3.162380119390551
2458370 zg 2.1181232108464845 -1.605351386140706
2458371 zg 2.033829033468874 4.392258320960355
2458372 zg 1.7672730429495278 -1.464992482591213
2458373 zg 2.0678281476040867 -2.4732183577656093
2458373 zg 2.0544036862922477 3.8159158160309063
2458374 zg 1.924647586097516 -0.7465801343420426
2458375 zg 1.8645178093107988 -2.0537223074704385
2458376 zg 1.7253830432551098 1.142609213675194
2458376 zg 1.6488075722150197 2.3481567777379455
2458377 zg 1.8602097668613196 1.2513407198242503
2458378 zg 2.070878434051856 1.0015068958570148
2458379 zg 1.913752564422882 0.7419880868292851
2458379 zg 1.871348207073825 -1.5450293320447157
2458382 zg 1.7017809312662724 0.6063740725908139
2458382 zg 1.9560069092356944 -0.27061722794144744
2458383 zg 2.4698586826365885 1.6291546058617192
2458384 zg 4.430222457103843 -1.3219597460012174
2458385 zg 6.277417522663392 -8.633039872489519
2458385 zg 6.354369632539453 -1.9423527181642717
2458387 zg 8.562651110675262 -3.157872667206176
2458388 zg 6.846966776339813 -1.6970071800044115
2458388 zg 6.062460058351536 -6.768200197746769
2458425 zg 2.0275444521652117 -0.9931823051224686
2458428 zg 1.7286363971425462 0.03920456057776558
2458430 zg 1.917672472019372 -1.2290054960057624
2458441 zg 5.739681460412156 -2.0925112913192225
2458443 zg 7.607618191476624 -5.9414251190809395
2458450 zg 7.534506028885161 -3.5818585717232914
2458462 zg 4.424061764679843 -3.7327662717481527
2458474 zg 10.901843087339719 -8.182989351177843
2458487 zg 2.3992302765951936 0.8878443767140821
2458493 zg 2.074772029438377 0.8721534398134898
2458494 zg 2.449898163098036 -2.4614984871761587
2458494 zg 2.387498823882511 0.6205386158465582
2458495 zg 3.2590487661112295 0.03544032040229119
2458514 zg 3.412836801350904 -3.984139390014354
2458539 zg 2.3728590051028715 2.2859164459417296
2458694 zg 2.861079479666085 3.8140727645092096
2458698 zg 3.4639908138415203 5.988239699351798
2458705 zg 2.4361569959192457 0.9759245507897845
2458708 zg 6.8933442046669 -4.193300427989192
2458720 zg 5.048019705965477 -0.8121868024901971
2458734 zg 2.5802693757357695 -3.0045111775247566
2458734 zg 2.528037812850501 4.820908913828939
2458735 zg 2.4025481766561714 -0.4354304432022341
2458743 zg 10.849749500178488 -9.722064429229574
2458743 zg 10.687723956411755 4.906515863909782
2458749 zg 3.176126759925262 -0.39681856529258924
2458749 zg 2.9426299138593865 2.390107739916411
2458750 zg 3.7889230162667853 -4.909153209570373
2458752 zg 2.3605590731840853 -5.193091358827693
2458752 zg 2.391631157355423 0.01912459191522719
2458756 zg 2.337198983550471 -1.4483743227028019
2458758 zg 2.375141747996134 1.480754388731135
2458758 zg 2.3110441849107803 1.1611013369507721
2458760 zg 2.5393220646395913 -2.0693211473604745
2458760 zg 2.369391226199244 0.6220883180643568
2458763 zg 2.291247126306567 -2.892769807697253
2458766 zg 4.674677238916093 6.212657150991995
2458766 zg 4.599220216118115 2.918877221576794
2458766 zg 4.0748889837783135 -1.40397685402084
2458768 zg 6.907775237213561 -5.431073177427685
2458768 zg 6.2292134969903 7.347667696934112
2458770 zg 9.696490956689653 11.058791321788698
2458775 zg 4.891105610675216 3.839314376260486
2458781 zg 3.0177965377525053 0.1130847303606657
2458790 zg 2.4394841962972498 4.385691753344182
2458796 zg 7.6702649900859265 14.51103937702131
2458801 zg 19.13115273345368 -19.479017071757074
2458811 zg 3.050877633658621 1.4209653573470378
2458814 zg 3.7084032056315137 3.1210749324831952
2458820 zg 16.771845225628773 -24.14369710792798
2458846 zg 2.2695678268314525 -2.6042308837944086
2458850 zg 3.3112847700874846 2.6130322548690765
2458853 zg 8.17050481627483 -13.88538714301985
2458856 zg 6.790857382364819 -6.310506911859573
2458859 zg 7.610152501125504 0.8668435324204168
2458862 zg 2.114046047366438 -0.9808038293937565
2458867 zg 2.5754564406326392 0.0494559788783753
2458867 zg 2.3799572127399817 3.722326724554934
2458872 zg 2.3051822804600453 -3.654475945773682
2458873 zg 2.2934961158476797 2.6284460705736596
2458875 zg 2.0126598567642904 -1.5784651012586943
2458876 zg 2.185461530874211 -2.598586295771999
2458876 zg 2.1576118413011853 -0.18490232470143672
2458876 zg 2.1959069432408405 0.09201320108295429
2458877 zg 2.5460364590979716 -1.8903855350394585
2458877 zg 2.6958497817524325 -0.6272772285005936
2458879 zg 4.171360670499123 0.02131802302212232
2458879 zg 3.9271299903125456 -0.9228333222127469
2458885 zg 7.29513993813722 11.072325253059587
2458885 zg 6.921271301661222 -0.7444720372752877
2458887 zg 8.874809015832625 -3.5629479489735374
2458891 zg 2.9567243752782293 -1.1195888123296476
2458892 zg 2.9253429303278775 -1.9763306899635904
2458893 zg 2.4954791209413085 -0.4183030967497272
2458895 zg 2.870990556299164 1.6422628772191212
2458896 zg 3.227088246939905 -2.2845766621696177
2458898 zg 2.783107120850425 4.349259606864063
2458898 zg 2.6337697090274466 -3.256843051380214
2458900 zg 3.159197169652772 0.3296718567788996
2458913 zg 6.833532767495564 7.20058169566607
2458913 zg 9.033674145589394 4.016156554633225
2458914 zg 43.92057767861733 40.37183108467942
2458915 zg 11.221729044898359 1.7871750829606372
2459084 zg 2.1938309426224234 -1.237644374163406
2459084 zg 2.103579916846187 0.3191679846206351
2459088 zg 2.8949594066457216 -6.600714463998629
2459120 zg 5.311594441233338 -10.834770374719598
2459120 zg 5.344421505723999 1.8852162126599736
2459120 zg 4.875023703057662 -1.6354359628497503
2459121 zg 5.321117564734207 -1.7046010897935848
2459121 zg 5.624208331267794 -6.3226170055709385
2459122 zg 6.791384056665437 -19.959024345064492
2459122 zg 6.790810866061495 -2.421475391588648
2459129 zg 4.801849607680075 -7.498635249272916
2459130 zg 4.056942778467385 -3.522344244897358
2459130 zg 3.78843963430102 1.497558574864391
2459136 zg 1.8466020651783879 0.4124431170934552
2459136 zg 1.8942339979186893 2.723776067037071
2459257 zg 3.493210758648952 2.526652954673859
2459268 zg 5.611796694789037 1.382197667706613
2459270 zg 8.592185782184854 -5.623148266981446
2459272 zg 8.789707722409846 6.936017392372143
2459434 zg 2.916956297708785 1.881406633273972
2459436 zg 2.5753233406118867 5.259741759199469
2459839 zg 4.734694212492578 -0.6078884425657756
2459864 zg 8.55305025895608 11.037788604522635
2459864 zg 8.386675226086943 3.4361030196038174
2459878 zg 2.705980170572467 5.317969779827482
2459878 zg 2.758873767869892 1.9563909995730409
2459881 zg 2.103956594705997 2.902374677212184
2459881 zg 2.065949740306801 2.593628770362859
2459904 zg 2.6922849533052897 -3.1014910076394635
2459904 zg 2.7232102488773053 5.188973271259098
2459906 zg 2.26347473070683 4.21851925342713
2459906 zg 2.479611064398811 -1.4838529155955575
2459923 zg 5.487417364142782 0.2515228934321252
2459923 zg 6.071265916255381 -0.314291977126149
2458336 zr 4.073445595248065 4.279286177549063
2458343 zr 3.578521682749957 -0.5349029581090773
2458345 zr 2.82292881523255 -0.6626420022067175
2458345 zr 2.8940093295436697 2.3053933584116795
2458346 zr 3.0989592737590805 5.397364159655388
2458347 zr 2.776514378377195 2.935911113132721
2458348 zr 2.7711495270031765 -2.925540993005971
2458348 zr 2.628302068881452 -1.2854994866896687
2458350 zr 3.4767220605957547 -2.9827173327574896
2458350 zr 2.6969052772394924 1.263467790206293
2458352 zr 2.647681208449612 3.69111928503131
2458353 zr 5.290200168858983 -3.3814649417756453
2458354 zr 4.306955499194081 -0.5923502773683974
2458354 zr 4.714761848789696 1.305560783377661
2458354 zr 2.4915825288584417 1.1824043890570555
2458355 zr 2.447044896984175 1.0664888922106568
2458356 zr 6.4044509362977555 1.1333020442028074
2458356 zr 6.021295706021131 11.906599296819907
2458356 zr 7.033168457125522 1.7357550060085252
2458357 zr 5.523035039971901 -2.1855056006112576
2458357 zr 6.241398366065523 -6.1449626341213035
2458358 zr 5.478537244428217 -5.760609579065196
2458358 zr 6.399262456624551 6.506210828221063
2458358 zr 5.971478911621581 4.164105313073289
2458359 zr 4.914333419534009 3.1705297722704193
2458359 zr 7.3724331227934385 6.305398599688681
2458361 zr 4.928015952763464 -3.0511439069970714
2458361 zr 4.574495095599009 0.5342899379414267
2458362 zr 5.040783081409478 -1.112583854592594
2458365 zr 4.002080183360515 -4.804134839767577
2458365 zr 4.013758324867196 -3.0644656615087014
2458366 zr 3.021504070525651 1.7607777698881624
2458367 zr 2.864330870538124 -4.597261126692338
2458368 zr 2.6066053176374684 1.6307388441280624
2458368 zr 2.3314696423580727 -0.8412991631133458
2458368 zr 2.616168384757436 -2.5402678472945635
2458369 zr 2.944578818139985 -3.4601855386782328
2458370 zr 2.6404337600196794 1.775044701713962
2458370 zr 2.5007787878541725 -5.400615272350625
2458371 zr 2.611411287178186 -0.663949626105899
2458374 zr 2.764812556062874 4.3234019615023325
2458375 zr 2.573210275074378 -1.6541321106430777
2458376 zr 2.587469724589696 1.9096175713120291
2458376 zr 2.651306644905131 -0.9464917138392008
2458376 zr 2.678304557244853 0.6789539754948528
2458378 zr 2.7280979565957133 -7.653427626647921
2458379 zr 2.7218594345294003 -2.893785128991554
2458379 zr 2.5661100461758415 -2.655711938253605
2458383 zr 2.984445295748528 3.348317653463529
2458383 zr 2.960896207125971 3.5523589090044267
2458383 zr 3.585119638371301 0.46841097374874197
2458386 zr 6.321567638019941 8.217843665532573
2458386 zr 6.43747449240169 15.236648467887116
2458423 zr 3.063405090591063 2.5624310009817743
2458424 zr 6.643347159215442 -3.0979630149698374
2458425 zr 3.9916386518692124 -0.38678699672657196
2458428 zr 3.1933896050137047 -2.6324558939958522
2458429 zr 2.4607073149364553 0.8123863775397083
2458432 zr 3.9514020364613405 4.286243887031805
2458437 zr 3.6314956272607963 0.6647048532449268
2458439 zr 4.69539283902891 2.6460381433177256
2458441 zr 4.519654871080641 -7.702704599290096
2458441 zr 7.693445022472771 9.997417581663298
2458443 zr 12.074889774465367 0.048787684191595126
2458447 zr 8.00784247169334 15.556989779148505
2458447 zr 8.256510387681038 -1.0089552030532911
2458449 zr 6.904448907847211 -0.04742146379415023
2458456 zr 3.0567760556368127 0.3267094276371393
2458462 zr 8.068497227642622 -3.2619909513760184
2458465 zr 3.614961305787289 -2.9393392026857166
2458468 zr 3.5478885861970677 5.256037271189319
2458482 zr 3.7013650536696736 4.097028363679593
2458487 zr 3.2762787574717 0.6735013367254602
2458490 zr 3.1551730494307235 -1.2594776786366437
2458493 zr 3.4086377230643823 3.883491833507044
2458503 zr 7.1983743014495 -1.449700744319502
2458514 zr 2.8045291622659136 0.47286542092254213
2458523 zr 5.052101939829673 -3.842251279967987
2458523 zr 5.378927476347704 -9.438694570245545
2458539 zr 5.218599166669633 3.306523496897075
2458542 zr 3.475208341314869 0.7701285613121865
2458542 zr 3.5818191413253144 -4.0295631827818985
2458557 zr 8.059869399332953 -1.0894190167324294
2458694 zr 3.015943377500613 -1.2855058370228518
2458705 zr 2.970733015177373 4.541366745240366
2458711 zr 6.051926130935412 -2.4535439364136375
2458714 zr 4.872779782876069 2.867187484236061
2458719 zr 5.099682829023392 5.309899059996017
2458732 zr 2.4915825288584417 2.5933486184966723
2458735 zr 3.944227168563629 -5.311871448780685
2458739 zr 5.95431441914613 -1.4465334670805372
2458739 zr 6.009119513502727 2.960129567183651
2458740 zr 6.09277703727213 5.570266141105972
2458740 zr 6.069230738048675 -0.37978765817031596
2458748 zr 3.948205842851352 -4.358703966153312
2458748 zr 4.6397005948893595 2.9895645293641206
2458750 zr 4.429089361480737 -14.267076860607657
2458761 zr 3.6472196603683087 -4.950320052684442
2458761 zr 3.4766575931389543 3.9183121628341278
2458763 zr 3.717101581380845 1.1966393359984089
2458769 zr 7.8629384755664855 -9.12022573669998
2458770 zr 9.819618469936565 2.144890776882183
2458770 zr 9.051111791144436 -4.775014887533234
2458775 zr 4.19044129243313 1.1462780572857467
2458776 zr 4.233112013639695 0.34157371243461604
2458776 zr 4.234477083680946 3.968697627131907
2458777 zr 4.513339561872565 2.8096713275371386
2458777 zr 4.49440396543912 0.6413418125462739
2458783 zr 3.8431362850485744 5.747356131165071
2458790 zr 3.970868686794855 1.2887943485348305
2458793 zr 4.094063792482922 -9.208962007638315
2458796 zr 6.261031149734967 2.299094334714494
2458801 zr 10.664193204234481 -13.338660455596678
2458805 zr 4.1338167373820225 4.772061963505315
2458805 zr 4.030459907561795 1.5582229038994384
2458805 zr 3.9797863728598633 -3.233819568991163
2458812 zr 2.8884174514504193 -2.546882400215266
2458812 zr 2.9825027033095255 0.8724707161610479
2458833 zr 4.352624670964164 -6.568082280142864
2458833 zr 4.378794918536408 -0.6312457711151239
2458833 zr 4.336538099440649 2.6887547431341665
2458846 zr 3.259987004525452 -1.8674228694906798
2458850 zr 10.743060083100655 -8.735761989586665
2458853 zr 8.62234774447883 -5.031647546387157
2458856 zr 5.6391712781362635 -3.090995232395272
2458859 zr 5.769439833395118 -7.068242414585675
2458859 zr 6.644073456966306 5.506575618022065
2458860 zr 5.501010556847419 -4.766169671722009
2458860 zr 5.804033661019841 1.9091680766672585
2458860 zr 5.888867244846231 -10.39589815687971
2458861 zr 4.781268867864626 5.6327457137346055
2458861 zr 4.732555205831532 -9.956434243628363
2458861 zr 5.122774895587289 -0.4530926070332187
2458872 zr 2.625824481540916 -0.9913755282976285
2458873 zr 2.827820947530695 -1.9088472224466524
2458873 zr 2.5755245449658077 2.9003376709141424
2458873 zr 3.1232333232754685 0.23243848152934232
2458874 zr 5.1024387314410315 1.8174775073061304
2458874 zr 5.061416832220635 -1.5287082894461306
2458876 zr 4.826940364628058 1.598180775092606
2458877 zr 3.4054996970371807 -4.117267842180077
2458877 zr 3.4362561138515386 -3.2440826726864063
2458891 zr 3.3060061185956062 -3.0268153887627935
2458891 zr 3.2017015480281956 2.8250719525102235
2458892 zr 3.0708854928376446 -4.60755768757054
2458894 zr 2.942387906053476 -2.494611068730349
2458894 zr 3.0637400037265596 -6.72337702022937
2458895 zr 3.20343464998765 3.968179842915424
2458896 zr 3.52993359854633 -2.539922861239184
2458898 zr 3.346604800651065 -1.0804628332400303
2458898 zr 3.234304060414969 0.9117468762504539
2458903 zr 5.059084499400865 -2.5387358419248525
2458904 zr 4.275181975328277 -4.592800741804145
2458913 zr 7.29039433299356 6.3040092200332225
2458913 zr 7.868927087701497 2.107535034792479
2458915 zr 5.4161409252431785 2.573866631002525
2459115 zr 2.7394515429203605 4.440942944064932
2459115 zr 2.6125220238344418 0.6368107453696568
2459270 zr 5.457299622541371 -0.22763975063163913
2459272 zr 11.08905695549015 16.651680113396626
2459449 zr 15.415159832116847 -16.039007891456215
2459806 zr 7.633980032626061 2.1069463167535463
2459874 zr 2.039998109498628 2.1557719600149046
2459874 zr 2.0664731412343653 3.935305053241974
2459879 zr 2.6248224194318865 0.6238348407530226
2459879 zr 2.7369295763928614 1.3710852293428986
2459882 zr 5.026780896537704 4.826622986687817
2459882 zr 4.195655164427441 4.656966471790117
2459883 zr 3.0212095302199913 -3.634320880518563
2459883 zr 3.1060213004739836 6.009243538382314
2459897 zr 4.76282493275475 -8.050872920264105
2459897 zr 4.626706317087092 -3.5667614241110854
2459913 zr 3.7356133628394885 -1.8786612765751407
2459913 zr 3.512059947338595 -4.656158076992223
