jd filt fluxerr adjflux
2458207 zg 8.717169939420563 24.441009470704948
2458207 zg 8.344624372485189 14.253331986626803
2458223 zg 2.323699803781977 17.31622647301544
2458233 zg 4.513775735860683 15.623690620535267
2458243 zg 2.427255653014157 10.197959879360281
2458246 zg 2.4808009294008424 13.262817365024576
2458249 zg 2.796878904024579 12.564523684951187
2458262 zg 5.360558217741123 23.993926461801976
2458267 zg 11.132556755928896 19.54847985975684
2458273 zg 2.4286402723862897 16.14007754493915
2458279 zg 2.2521637759609616 19.856539908954666
2458282 zg 2.4175753635691613 21.306827522521612
2458294 zg 8.193883291937528 9.677328955159568
2458300 zg 4.379320471410978 14.159583089404766
2458303 zg 2.5917472960568655 20.891846567049686
2458333 zg 4.285089706950671 26.813325554857713
2458336 zg 3.4567953030842777 29.81482284431563
2458488 zg 2.8189796165144956 56.98579985898198
2458488 zg 3.0854666361746657 51.2480171132587
2458493 zg 2.541727690013085 61.835789186813464
2458494 zg 2.240862895606219 56.27393739823955
2458495 zg 2.269846724326981 54.37448991653798
2458495 zg 2.7847547142045483 59.43857623337586
2458502 zg 13.180481372968002 89.35366455959098
2458502 zg 13.868480425179252 75.69156276180173
2458508 zg 6.6613727038128445 61.62140002823605
2458508 zg 6.411475695579655 65.82739741400702
2458539 zg 17.304956585269945 68.63512542107242
2458544 zg 4.611821334617382 70.44114169021807
2458560 zg 8.014166819073436 63.5062655135453
2458568 zg 5.535561278904749 70.0721358052838
2458582 zg 2.6517282796849933 69.02320376866679
2458585 zg 3.0769871631822907 69.31302611324693
2458588 zg 5.6339160076581285 79.94757984092651
2458594 zg 11.57416778611886 51.429165141685374
2458597 zg 3.181317689752666 77.8623082601313
2458606 zg 2.382117569698595 76.86017035629183
2458617 zg 6.170182168856112 77.70931668600338
2458628 zg 2.463695032316114 78.28240383572398
2458633 zg 2.5549359740634716 81.6480012035162
2458634 zg 2.557297269955405 83.24347414634401
2458634 zg 2.5432040997165304 79.04342646406947
2458635 zg 2.1051444571581 81.16248553372756
2458637 zg 2.3833765066379238 80.42835532454306
2458640 zg 2.71385692481811 80.19813497190799
2458643 zg 3.693039359224789 78.46518501121193
2458649 zg 10.036655360330082 71.0279373611289
2458652 zg 6.168589540683738 78.36346374033477
2458667 zg 2.8588535995899997 83.35429245685098
2458670 zg 3.6907952381165936 82.2071096769955
2458673 zg 4.801353082390968 82.21734862475347
2458677 zg 6.785403061802789 82.8840985306059
2458680 zg 9.546219229225 75.79961775916809
2458683 zg 4.784346769361009 84.5268541513088
2458683 zg 3.5135272103620903 82.54383924183576
2458686 zg 3.1282546637317554 86.67861198293252
2458686 zg 3.336503918521089 80.33268003963444
2458692 zg 4.259352030352872 88.81815386919095
2458853 zg 3.113198268830386 15.913952858475044
2458856 zg 3.0696389666852064 13.08727690106373
2458874 zg 2.3079926709046 7.053649141137593
2458877 zg 2.393112924818808 10.305680404865004
2458896 zg 3.3252423478621664 8.578096840427454
2458900 zg 2.5464140404077487 3.2153197159497786
2458914 zg 7.724071789327877 4.574828720545245
2458937 zg 2.288689872298388 4.127042961041754
2458940 zg 3.3964856381450854 3.8892967724112397
2458944 zg 7.348010888963409 -6.66217463374947
2458954 zg 3.214022334113038 7.31294697561245
2458963 zg 2.557583270773034 5.719457089729918
2458969 zg 4.603500528567498 4.873527281448561
2458972 zg 4.886541386230877 5.500849918113308
2458980 zg 2.0193671429121145 5.119439488170283
2458986 zg 2.268777549150189 5.607690894929473
2458992 zg 2.3755446206582826 1.1294652907824752
2458995 zg 2.678065418596651 -1.2333720568070938
2458998 zg 2.680286475797065 0.08406651174326463
2459012 zg 2.200059495017976 4.750476960802255
2459024 zg 2.373514646075521 0.7691052303652334
2459027 zg 4.698160021587002 5.922088624093035
2459032 zg 7.669287266856432 -0.9658747252068727
2459036 zg 4.642170010381836 2.327637798215738
2459040 zg 2.6602091402436443 -0.4040566930334524
2459045 zg 3.239855825633218 7.5541240234871125
2459218 zg 8.352469013832476 3.0202642900834005
2459227 zg 2.9876881752986804 -1.396344452559728
2459227 zg 2.643144184201247 2.9530873765131096
2459229 zg 2.5044681972934026 3.7522917166610084
2459230 zg 3.0474537521961893 3.3026961609846097
2459250 zg 4.100265149951419 5.627857969002886
2459253 zg 2.2736783174584567 2.1971713543306213
2459255 zg 3.2629302801292526 -0.04218837408637875
2459257 zg 2.489792717572446 -0.6303268403503314
2459264 zg 2.438860432257527 0.4576813988296008
2459268 zg 3.265420791456263 -7.900739212272343
2459270 zg 6.6262175910772925 11.623991089866962
2459272 zg 11.460644609092773 1.5485591289036054
2459290 zg 2.3984408930997536 -0.7821185307699761
2459292 zg 2.7199642276648235 5.1230947702920995
2459301 zg 12.91777145588308 -25.21744968833
2459305 zg 6.744769605504547 1.991929740901136
2459305 zg 6.726650791035431 -9.76226850603451
2459311 zg 2.412928418398107 4.571486496604568
2459313 zg 3.9628893100197367 0.3912432807290223
2459321 zg 2.6020812582081163 0.4257527451559199
2459325 zg 4.343328220717605 -7.000472130189184
2459329 zg 9.910037021585518 3.9145475725152545
2459335 zg 2.909576514596946 -2.4794827824280326
2459340 zg 2.580030197179459 2.3285019914653495
2459344 zg 2.1875615315194508 1.9950350921555249
2459346 zg 2.5903782943908165 2.889778813799336
2459348 zg 2.2757026813621475 -0.96947162969263
2459356 zg 7.293608304486802 -5.603657689953441
2459361 zg 8.384167773439492 -2.6784531949897885
2459363 zg 2.6261273416437465 1.2750083170299136
2459365 zg 2.5821686322848563 2.3490895469408493
2459366 zg 2.416575566920045 -1.2366139268801468
2459368 zg 2.344103221055226 -1.1178208924898867
2459370 zg 2.667409885123061 2.871135844940587
2459374 zg 2.658405223146721 -2.3182992383420995
2459376 zg 2.6142338778663805 1.2549618356477592
2459378 zg 2.409864666612786 -3.028721889010019
2459387 zg 13.798493987807111 -15.045796257838008
2459391 zg 5.564035776605417 3.162309826642865
2459393 zg 6.865434266180023 -2.1536979441774826
2459395 zg 3.000437613141904 -0.0015927334926024092
2459397 zg 3.277192323830416 1.8422001570830286
2459400 zg 3.689774025617896 0.6517578168929865
2459408 zg 3.7214475170442243 -4.848887247413019
2459419 zg 10.604392299175553 -4.929892451846562
2459423 zg 3.7150094101301785 2.499322871732005
2459600 zg 6.732710084558945 11.624897918729701
2459641 zg 2.2919227154279724 3.7057182668712776
2459670 zg 2.3989698457238804 0.8783255011620018
2459673 zg 2.5014505153917987 -1.7946868825782436
2459677 zg 3.6909411743957574 -4.403844625985026
2459679 zg 3.9605323947672235 -2.1815747564520462
2459682 zg 6.313286959722938 -3.0984809616958744
2459687 zg 11.23211869884412 16.249527823324417
2459694 zg 3.4786204070178486 -1.0524239025207132
2459697 zg 2.131948608538965 -4.264478251160631
2459699 zg 2.9551066687963043 -1.423707684223309
2459699 zg 3.5555406636182054 2.128167091139531
2459701 zg 2.8269991924283 0.7416649304954491
2459710 zg 5.707053475630578 2.97587470370306
2459711 zg 7.203990264899421 6.027283562388174
2459715 zg 11.83018833119689 5.736415260804865
2459722 zg 2.601217886490232 1.5325327704593275
2459722 zg 3.094376555432201 0.7729795485656198
2459724 zg 3.071104639538514 4.0927504490444
2459730 zg 2.6075328146657184 -1.6341931598057582
2459732 zg 2.6012790772678316 -3.7081091318491666
2459734 zg 3.6108362534519287 1.0974679729312509
2459738 zg 5.339663742517653 -9.53811230367809
2459747 zg 4.597894646713628 -0.3327914372402837
2459749 zg 3.2876667596470384 -0.24797994863201914
2459759 zg 2.8365118424795175 1.7075792212016239
2459759 zg 3.059038039307864 0.05764555744542372
2459761 zg 3.2852858412022528 2.8987755524545875
2459763 zg 3.2217706001528477 8.684967548438413
2459770 zg 7.440354701271751 -10.361004726065564
2459770 zg 9.461196093112125 -6.229798117496015
2459937 zg 4.1929879479964525 -4.838695264745603
2459951 zg 15.402162390630522 9.896816270447943
2459957 zg 8.106662811952512 0.14395641689604602
2459978 zg 3.691347043551275 2.282315342912195
2459995 zg 3.105797685539068 -2.125707012042446
2460016 zg 6.283380497966542 -6.274600050048696
2460043 zg 10.279888506626929 -3.3373656537090595
2460045 zg 3.4879733817323118 3.429783459787246
2460055 zg 2.710827788675544 2.558074275244012
2460061 zg 2.8954819013529622 3.298966125268907
2460063 zg 3.5370051929410002 -4.660838632257614
2460065 zg 6.948959042747987 -8.784962398662012
2458198 zr 3.260361026837921 2.837020908663876
2458217 zr 4.241993251692209 -0.7391186949261268
2458217 zr 3.2875720300747373 8.847318999484699
2458218 zr 3.566343605147118 6.986484478049372
2458219 zr 5.184248201271702 4.138738766715853
2458243 zr 4.083013783116301 7.950733402845141
2458246 zr 4.136227614117766 9.440403827496144
2458256 zr 3.536903279026468 7.718543646370643
2458256 zr 3.0260442671899934 11.428896988726272
2458256 zr 3.5702606789482756 9.079386676591966
2458262 zr 6.584607957432905 9.341575509015748
2458270 zr 5.754396549480954 3.6555913205568835
2458279 zr 3.035581781036586 9.545180027852217
2458282 zr 3.1050977527172945 13.288522272009018
2458288 zr 3.530394059467318 4.159166215033988
2458294 zr 6.007200189754484 15.115681226171143
2458300 zr 4.605592673265827 6.4456781592815195
2458303 zr 4.56001777935074 4.417673061147753
2458306 zr 5.499389026215549 3.4240977533322914
2458325 zr 9.749447866721432 25.833822938698972
2458336 zr 4.901871477492776 18.364915389063242
2458462 zr 4.755124806862824 19.990898586086814
2458462 zr 4.799123434981158 25.60200433032542
2458462 zr 5.053146858980086 22.214802576337537
2458462 zr 10.676635726047047 21.722666879171975
2458465 zr 4.898752809468708 24.519361088028507
2458466 zr 8.700821872549676 33.23401575264848
2458466 zr 5.832567326210524 24.723613422241602
2458466 zr 5.324936617050638 22.979033295282637
2458466 zr 4.199676797105369 22.93426349145615
2458477 zr 5.638970036102861 24.756996631414243
2458487 zr 3.721344933145365 27.52519216227775
2458488 zr 3.252819466089672 31.199100642934116
2458492 zr 3.9251106781966647 33.92805158238263
2458494 zr 2.9911757937725945 26.152727854251296
2458509 zr 7.040691017006046 25.962081241944663
2458527 zr 6.407604367958067 33.11820588534889
2458539 zr 7.010964991929587 38.83208871278519
2458557 zr 4.195810532583921 32.39275728488233
2458560 zr 4.698529092395871 28.437706268670528
2458573 zr 4.083013783116301 36.41995140147682
2458582 zr 4.0649191053423825 33.96623484631154
2458585 zr 3.4742870143626328 34.063555474821584
2458591 zr 13.035783034887421 32.04379446308414
2458594 zr 11.368472110618649 39.92546139658884
2458597 zr 4.047770386890311 38.8795817361933
2458606 zr 3.1700050953149126 35.805913840145
2458617 zr 4.589512277307514 44.12111496174434
2458628 zr 3.7206874009361792 36.79670553839926
2458633 zr 3.2573595058223503 38.28322472719917
2458634 zr 2.7486827046046343 41.116869373806296
2458635 zr 2.654144782521915 35.997524299236915
2458637 zr 2.7901642185223055 40.03683182535154
2458640 zr 3.1108228255234978 34.40594573471886
2458643 zr 3.823101856588967 41.90863341817095
2458649 zr 9.926420166555014 40.91267436444839
2458652 zr 6.938130725609426 40.85439590601147
2458655 zr 3.4793644903613394 38.01435123959276
2458658 zr 3.937890383300433 35.25467487534701
2458661 zr 3.1050977527172945 41.098750612604995
2458667 zr 3.6192883398026114 42.301614077513975
2458670 zr 3.876286501226594 41.02646740270909
2458673 zr 4.765248195380289 42.488257132892436
2458677 zr 5.554689156834976 41.32879998905022
2458680 zr 6.665989395516329 39.532031001228745
2458680 zr 8.217713946666725 38.396391906732255
2458681 zr 8.13535917317805 30.91359833554118
2458686 zr 4.819106631543438 53.39609667433009
2458828 zr 4.610028953526804 2.5313089249308387
2458828 zr 5.402000318117202 0.7032243873610131
2458828 zr 5.914842248860062 12.801120252786516
2458828 zr 8.278487925342498 12.574652183818074
2458856 zr 7.152895872964754 13.716155242806261
2458874 zr 3.1598443700789884 8.165389838786114
2458881 zr 3.5801393153246743 3.6154529481134987
2458887 zr 4.584623255248578 -6.995667076557705
2458895 zr 3.899885956726658 -3.998739198830817
2458900 zr 3.3132938950537305 5.236427824149858
2458905 zr 3.555196606955333 6.549973526733319
2458911 zr 3.5696298421315555 6.038375894037218
2458972 zr 4.538409221664893 -0.8792048857407306
2458986 zr 2.8530748841176945 0.14231703392129624
2458992 zr 3.152404491512831 5.710816395132428
2458995 zr 2.9141585097951226 -0.7216109675288809
2458998 zr 2.8315860557175974 4.0401476453041045
2459001 zr 6.731160651986308 3.27537805545838
2459009 zr 5.911504288344266 -3.4274069085046173
2459012 zr 3.5077059841159537 -1.5922712769873302
2459015 zr 3.052403463110375 -0.8723593901654544
2459018 zr 3.130874742763829 -1.1623480080593906
2459021 zr 2.7671312879866976 -1.2091662872317215
2459024 zr 3.5277672719052626 5.246978258198339
2459027 zr 4.356823567959703 5.996372354169011
2459036 zr 7.464088577562287 -10.26367283072834
2459040 zr 3.784980294256864 -3.3622513693070952
2459043 zr 3.6527772024894736 5.537024894102894
2459045 zr 3.2394083186122815 5.096295399187543
2459186 zr 8.455390091357255 -1.2582167946721898
2459186 zr 9.593929695666018 24.53210167108513
2459186 zr 10.28075258773288 -10.486135346921268
2459186 zr 11.331879010293552 -11.393910706862245
2459189 zr 7.383220936135655 2.079620044090105
2459189 zr 6.6892557178175185 -6.850774717410561
2459189 zr 7.591909452305189 -4.699773365254281
2459189 zr 8.60429954442619 6.161070440466342
2459190 zr 7.727077811152089 2.002519796814885
2459190 zr 5.522940754755098 3.3750853807692494
2459190 zr 5.227745570501258 1.2675960081623587
2459190 zr 5.845205535134687 -12.76871931630753
2459193 zr 6.247381237713836 -7.934874753954389
2459194 zr 5.495406041781661 0.14955298152905555
2459194 zr 5.857307291262079 -2.9945561047738614
2459194 zr 6.487687999060065 -2.5451831259767244
2459194 zr 8.69314115692249 -3.592325443740791
2459195 zr 7.968254420349049 2.616340313470908
2459195 zr 5.242783455493363 9.412122863667276
2459195 zr 5.3970271825204135 -9.065712656293822
2459195 zr 5.3524744815114325 0.3975309890214065
2459196 zr 6.872165634892494 4.5921025970621985
2459196 zr 8.542802777463853 10.48514604871955
2459205 zr 3.985323891820401 -4.774238075061843
2459217 zr 6.472995015254415 3.6447608110694274
2459219 zr 6.758722545313975 7.885981546661176
2459227 zr 3.8322330081180778 0.9696317528219319
2459227 zr 4.10186011844296 3.849145537931118
2459228 zr 3.322461524126405 0.20124471575379416
2459231 zr 3.239479805180997 -1.0890973431732245
2459231 zr 3.162756034961477 -1.6655953237221763
2459233 zr 3.045882675076239 -2.8080719261278455
2459253 zr 2.7360536547438956 -2.3695918590821603
2459260 zr 5.527829069827745 4.7095380858799105
2459265 zr 3.1832831975852085 1.170419328741838
2459272 zr 9.053083616321956 -12.838958551176669
2459292 zr 3.0216345496574215 1.4287256406639306
2459295 zr 3.8357642511048793 6.86504231075372
2459297 zr 4.536816558153242 -7.418122689599433
2459305 zr 5.555388592745183 -3.0431331344516153
2459307 zr 3.6192883398026114 1.700925787203777
2459309 zr 3.5336471704438144 1.8120038687429905
2459311 zr 2.9230883200966282 1.177417730988678
2459316 zr 2.8315860557175974 1.8558106882750143
2459316 zr 2.882127376317389 3.9726253276128705
2459316 zr 2.963752529259864 -4.290981370973336
2459316 zr 2.911475706284145 -2.9719079882005732
2459316 zr 2.632872115475566 -0.36342259452662806
2459316 zr 3.0327871940459845 -0.3232338932886358
2459316 zr 2.8399661957603404 0.2931507367490626
2459316 zr 2.7696810841325905 0.9074240581597933
2459316 zr 2.839420836291983 -1.853979644065289
2459316 zr 2.8139292291749243 -1.1431601833010245
2459316 zr 2.826374882585844 0.5431427203568231
2459316 zr 3.059941830716981 0.4811321441962053
2459316 zr 2.908236795835345 -2.2880851964196074
2459316 zr 2.5829810719100816 0.2502674348269672
2459316 zr 2.792735238553659 -0.6468885718437971
2459316 zr 2.8237728935612645 -4.799740807225447
2459316 zr 2.9096579492211476 0.5072988069442708
2459316 zr 2.8636053864248416 -3.8139116420785
2459316 zr 2.792735238553659 -4.9604651175610455
2459316 zr 2.5616584475250543 -4.8378351843414835
2459316 zr 2.580603153665336 -2.2802278028983562
2459316 zr 2.4850316512239035 4.655264658694962
2459316 zr 2.65659046631238 -0.3178674743082474
2459316 zr 2.7493483203883224 -2.1763386480718583
2459316 zr 2.7799037856848274 -5.63378059239868
2459316 zr 2.826374882585844 -1.3296396006866413
2459316 zr 2.8420372442435657 -4.249348841617774
2459316 zr 2.7875955653977376 -0.3077492446959288
2459316 zr 3.052403463110375 4.406487630254943
2459316 zr 2.678703281825614 4.572030435216839
2459316 zr 2.9656040809498077 3.4088536704918933
2459316 zr 2.6935473210336376 -2.4488789939891826
2459316 zr 2.951978367897236 -5.124214623667148
2459316 zr 2.821173299953853 -4.590992222426096
2459316 zr 3.08917091765605 1.8901052917170298
2459316 zr 3.206825120122871 1.8246020641956344
2459316 zr 3.122304657677171 -1.7170757614861687
2459316 zr 3.0216345496574215 -0.7848019071385738
2459316 zr 3.1251817312793566 2.1291668160355597
2459316 zr 2.9284778101495164 -3.755365527898815
2459316 zr 3.0374782067742783 0.15368782501355885
2459316 zr 3.0346818739151424 -4.130651241054461
2459316 zr 3.0439810020745615 -0.43256872227437243
2459316 zr 3.1062895640298795 -2.3187672439252878
2459316 zr 3.0693183625665923 -3.407657006584778
2459316 zr 2.793271631252302 -0.09442884218387419
2459316 zr 3.1715071373672132 0.23310918070245715
2459316 zr 2.9546984929227107 2.331969199664877
2459316 zr 2.9096579492211476 2.304287581638914
2459316 zr 3.2438439995300326 -1.4913732013505043
2459316 zr 3.1091518803907907 0.8881840081680326
2459316 zr 3.049593389910779 -3.760947136184907
2459316 zr 2.9546984929227107 0.3556336015531827
2459316 zr 3.0851428438316617 3.759512738227403
2459316 zr 2.9087953725889437 1.5289776939340451
2459316 zr 3.0854120452803104 7.993492751422433
2459316 zr 3.196258806392308 -2.9396809017324474
2459316 zr 3.1338288684801467 0.5725597085641467
2459316 zr 3.082302630430258 3.2319775043321894
2459316 zr 2.960146264728804 -1.6506357065839246
2459316 zr 3.1148844280586516 -1.1353387401555877
2459316 zr 3.099383216177679 3.190375312312926
2459316 zr 3.2008527316006528 3.305096439484191
2459316 zr 2.9061175064357814 -0.019157537952426338
2459316 zr 3.1437060988135066 4.030860076009662
2459316 zr 2.673773469947915 -0.05703882047508871
2459316 zr 2.65659046631238 2.915082000515865
2459316 zr 2.7799037856848274 2.9291482303398615
2459316 zr 2.6935473210336376 -2.0953711275009264
2459316 zr 2.498740889492089 -1.3315760256053475
2459316 zr 2.5593001591018694 -0.2473903279006629
2459316 zr 2.5593001591018694 -0.6549307124595954
2459316 zr 2.568746359192912 -1.1613361873571189
2459316 zr 2.412858893201741 2.9039337193572687
2459316 zr 2.4419227704882998 -3.014697587542321
2459316 zr 2.5699496202272973 2.097402127754901
2459316 zr 2.6382820560541513 1.0520019369203004
2459316 zr 2.587743483876277 2.322217868633067
2459316 zr 2.528839250729757 -1.633052092741766
2459316 zr 2.6177285508964743 -4.291904692190306
2459316 zr 2.4329429461415604 1.1575819776198675
2459316 zr 2.56049899531461 -2.397337452010409
2459316 zr 2.621327137969177 1.5309189658025313
2459316 zr 2.6762372407557162 -1.4268904665292093
2459316 zr 2.609283233785099 0.40057154450227356
2459316 zr 2.542852818131309 4.021275151313006
2459316 zr 2.3980350686515632 -4.172475285878056
2459316 zr 2.4690615967756373 -2.6394112301370596
2459316 zr 2.4667277735078326 -0.15401556308295553
2459316 zr 2.4622487441022587 3.0934080169834486
2459316 zr 2.585361181307372 -4.838885653305564
2459316 zr 2.55223831222301 -1.3197537423978218
2459316 zr 2.6249716042227713 -2.677098015068951
2459316 zr 2.688590190594268 -0.7002153387370793
2459316 zr 2.4239961438241195 0.5330354852751269
2459316 zr 2.6129109552372762 0.8857384475562418
2459316 zr 2.473613967918286 2.355160641962178
2459316 zr 2.6985135912602067 0.6494386342569055
2459316 zr 2.2879974173269226 -0.9837520963439733
2459316 zr 2.540574440838989 -2.791789663835305
2459316 zr 2.4781747325667993 5.512526783907074
2459316 zr 2.7367162123008595 0.14181819804834847
2459316 zr 2.55223831222301 -0.7025742115990362
2459316 zr 2.519539803365108 1.8366901396908135
2459316 zr 2.6407131230033456 0.8222831961544999
2459316 zr 2.6455819793465354 -3.9668400752375135
2459316 zr 2.6935473210336376 1.340359050950828
2459316 zr 2.6861150475371294 2.183069794268846
2459316 zr 2.6818208626712465 -5.524768618069318
2459316 zr 2.725992205823479 -1.926402118500675
2459316 zr 2.609283233785099 2.240164280098445
2459316 zr 2.5829810719100816 1.7747195207146411
2459316 zr 2.6991670581866845 -0.6530343351754739
2459316 zr 2.501043375072481 0.2757036447494187
2459316 zr 2.6468212319872757 -3.5768173869668125
2459316 zr 2.65659046631238 -2.220635804228499
2459316 zr 2.6189139179519607 -6.190153017323161
2459316 zr 2.7109693640608614 0.5961411771043111
2459316 zr 2.4826827326321372 -3.7358884082770465
2459316 zr 2.610505483242175 -1.553258471126898
2459316 zr 2.7234826300965187 3.673212447931163
2459316 zr 2.688590190594268 3.0050394101694318
2459316 zr 2.5829810719100816 -0.7059688986321555
2459316 zr 2.654144782521915 0.39905209996297053
2459316 zr 2.603302346113645 1.4501208223996456
2459316 zr 2.746817242788376 -5.927507913018885
2459316 zr 2.4538924809946407 0.613297876772342
2459316 zr 2.586572225114076 -3.6353420161981895
2459316 zr 2.5782274245559376 -0.9351128840696777
2459316 zr 2.564018909012715 1.0193411548597564
2459316 zr 2.5534338405010644 -4.4834290194809
2459316 zr 2.448679382757853 0.819541128798359
2459316 zr 2.533501837861828 -0.31319836535384477
2459317 zr 2.9276096543143475 1.0569593736945744
2459323 zr 3.6032958942746602 -0.8183055075613539
2459325 zr 3.076630045407035 2.2470723575957265
2459329 zr 8.874894361751064 3.589625687183579
2459335 zr 9.812958653231462 6.954149302688627
2459338 zr 3.3439514260032404 -2.4373149036029313
2459342 zr 3.094866625109681 3.3836943554256655
2459344 zr 3.3998515947609764 -0.7279823723887192
2459346 zr 3.2156271965217615 1.8370413252015851
2459348 zr 3.0580313799915615 1.8052401287209312
2459352 zr 3.2038728847991997 1.319788908013448
2459353 zr 4.399127364691123 -4.893872509191586
2459354 zr 4.57303399351018 -0.7901224154319034
2459356 zr 6.4889852147411675 -4.984016402994297
2459361 zr 8.15541122261197 -6.9169120847973735
2459363 zr 4.675245595072297 0.2857388782523464
2459364 zr 3.152404491512831 -4.801777067455888
2459368 zr 2.8269177363550515 1.258527319157527
2459370 zr 2.756955555481632 0.21053479063749952
2459372 zr 4.044043968931541 -0.4137719903342524
2459387 zr 9.153696979937452 -6.926614417095203
2459391 zr 6.488285065088909 -10.39267444080553
2459393 zr 3.055216125675305 0.728088907363331
2459400 zr 3.496758933597332 0.1440170872880502
2459402 zr 3.825180271844623 7.143283638688285
2459404 zr 4.631307880353611 -3.486573869314423
2459406 zr 5.5411484704748 0.08234126656633849
2459410 zr 5.320484953590793 1.1745121373289438
2459415 zr 5.8768305186188465 3.363319970883311
2459419 zr 14.171717813447126 1.8697311726214114
2459427 zr 4.328824443857 -5.128156554640329
2459551 zr 7.000901068694924 3.5385781928900513
2459551 zr 5.221200663382928 -0.10689791270692481
2459551 zr 5.759698986054012 -6.353797262646396
2459551 zr 4.485433576404457 -3.7529570274945354
2459551 zr 5.099777392141465 2.6496955233883757
2459600 zr 5.793681348838853 -11.46190381765198
2459637 zr 4.589512277307514 1.7817377019560343
2459670 zr 2.6917192782154347 1.293520352445861
2459673 zr 3.485779623350052 -1.7841266659047104
2459675 zr 3.085074763062783 3.817139646210462
2459677 zr 4.113209649533462 2.3631709667356566
2459679 zr 3.5702606789482756 -0.2516370961708211
2459684 zr 10.109170496713606 -4.507306191280269
2459687 zr 10.704955776116902 -15.910506895174509
2459690 zr 4.500944450361886 -1.7872302163675653
2459694 zr 3.8235222586080386 1.6477238667048577
2459699 zr 3.278428323519513 0.7707888534331416
2459699 zr 3.245381028636255 8.565292583306444
2459702 zr 3.1280614559849624 -5.264436687979741
2459707 zr 4.047342647765204 -7.328703736398124
2459709 zr 5.013839004124504 -4.6935054955835165
2459709 zr 4.591662654184117 3.8148890492838254
2459709 zr 6.777908298435944 10.211904124242496
2459719 zr 3.1744996016347895 -2.8970146917719073
2459724 zr 3.414017108154535 -1.3803662835927981
2459726 zr 3.384230695616312 -1.707498831748445
2459730 zr 3.331961133594868 -0.8414209558717298
2459730 zr 3.233517955606422 -6.838148328993041
2459732 zr 3.197976565222006 2.07494482182162
2459734 zr 3.5144709695593783 -5.933333054964803
2459736 zr 3.260361026837921 1.401214666817443
2459742 zr 9.799333351058277 14.431435908057864
2459747 zr 3.0834856924258376 -0.6304397048560121
2459752 zr 4.132195362646778 1.808372160653202
2459754 zr 4.10186011844296 -0.5128437614472978
2459756 zr 2.95013532331456 -0.18602589721126006
2459759 zr 3.2038021839790334 1.4157442212249782
2459759 zr 3.0596748515383423 -2.9868937639083093
2459761 zr 3.206825120122871 4.125394716123968
2459765 zr 3.9142801663891986 -0.8482584577930091
2459772 zr 8.410373549984243 2.676654057436845
2459772 zr 7.663290437890681 -5.194973739547599
2459774 zr 7.614331210291418 0.18836947967316606
2459774 zr 6.705839880904456 -7.233440663861076
2459776 zr 3.3504252024009453 -1.9740113883215993
2459776 zr 5.913706420120595 -0.9340111859134643
2459778 zr 4.485433576404457 -4.049856904106758
2459778 zr 4.273364848354524 1.260028260147416
2459914 zr 7.670832125227895 -12.68516450082753
2459929 zr 7.2770262341249765 0.9895690867707818
2459929 zr 7.1656101985783724 0.9123010251923218
2459929 zr 9.118617952581415 14.06657678167591
2459937 zr 4.256027541655092 -11.705546516453056
2459971 zr 4.346139410466181 5.904632718382098
2459977 zr 6.563043345783226 -6.680655232996898
2459994 zr 3.6093016799826487 -0.47064610999588063
2460032 zr 3.5947080379881 3.5182056135107245
2460043 zr 6.345588906408832 6.592977149277034
2460045 zr 2.8237728935612645 1.0528897812568756
2460051 zr 2.850448314804302 2.065399454788692
2460055 zr 3.2126668579184003 -4.359315418167041
2460057 zr 6.036702685429991 -2.3115405215415996
2460061 zr 3.5828050992891862 -2.604846493035775
2460063 zr 4.423891120569147 -0.261712950304491
