jd filt fluxerr adjflux
2458203 zg 4.291958656924368 1.3321239366742772
2458203 zg 4.711124807579125 -0.6358049894362012
2458206 zg 6.883719791870249 -7.908240451757776
2458206 zg 6.770538058102937 -2.162580944446663
2458233 zg 5.326350784614303 3.168711901276241
2458236 zg 12.902225214288288 -11.610278051668482
2458236 zg 15.155253052594817 -4.942206534951604
2458236 zg 15.62427840586743 -10.462571831817339
2458267 zg 12.142420608327013 -8.341969259261361
2458270 zg 6.466956308882293 -5.242250703453818
2458279 zg 3.1946991383348626 6.12980441198156
2458282 zg 3.2568157377484086 4.890255318441363
2458288 zg 3.96233189483354 -6.080066576021492
2458294 zg 7.302169459051115 12.842002065610341
2458300 zg 3.480111735407696 8.603383860550645
2458305 zg 4.331671661422724 15.180294132161453
2458308 zg 16.615784642121614 17.98467937615751
2458332 zg 4.513580823627142 47.275407344270334
2458336 zg 4.1684484401329325 48.674701155310345
2458349 zg 10.297960444796574 73.5579403063415
2458487 zg 4.1904004709748275 52.13479092999666
2458488 zg 4.323699771982166 51.321222911330025
2458493 zg 4.905966855014153 54.80140604070208
2458494 zg 3.341897981448777 51.46691886886121
2458495 zg 3.4577467993823783 49.01129532710208
2458502 zg 14.349688658408041 52.08514264658669
2458544 zg 8.358024752957979 32.61358850784554
2458544 zg 9.119308760889945 35.51094123526515
2458558 zg 4.618715626910456 45.037962664823525
2458568 zg 4.978799184740457 35.60886721523469
2458568 zg 4.942248858374928 29.984246271929873
2458573 zg 3.688263252674537 36.76157459122072
2458574 zg 3.165409960583578 41.43034232647206
2458581 zg 4.252609743439717 33.71413445460849
2458581 zg 3.872138209411694 36.06252472897375
2458582 zg 10.124425395629101 39.12857090707527
2458584 zg 4.57648374978272 38.51531016524725
2458584 zg 4.54707297965042 38.95765907709621
2458585 zg 4.391931216789421 38.3064600254729
2458588 zg 6.659217252038351 26.434217582685072
2458588 zg 15.472266618687717 48.8441188561394
2458597 zg 4.400028909029207 33.50154906823462
2458597 zg 4.252609743439717 39.65332006619699
2458598 zg 3.1858840425131745 37.74103011640271
2458606 zg 3.426045986178773 31.232025795382427
2458617 zg 6.7096509343189625 29.93539653968841
2458633 zg 3.594362806090857 35.147618421275915
2458633 zg 3.6309637372364385 32.14022512453576
2458634 zg 3.5093114355139057 32.33486105552937
2458635 zg 2.963775347289232 32.40119218944106
2458636 zg 3.4323628123370398 30.044601014423705
2458639 zg 3.705287502340385 35.53423729793925
2458642 zg 3.299082590650325 29.05399493449613
2458645 zg 5.905752968341149 29.422809336962754
2458649 zg 11.175314668893861 44.70800947184058
2458652 zg 6.581121773741045 30.316776240787327
2458661 zg 3.607629350909895 28.86319377528636
2458665 zg 3.4577467993823783 22.172786421871955
2458668 zg 3.476907909688881 33.7280416881759
2458677 zg 7.666212370683527 33.33547362273033
2458678 zg 8.88314059806212 19.206160590037822
2458679 zg 12.749855788795758 18.59659153867207
2458680 zg 8.641050355185403 16.530878527011275
2458680 zg 8.329221849499401 35.96400561332831
2458683 zg 4.2970898439083465 28.648953358617717
2458683 zg 5.133691476213584 26.96516980173577
2458686 zg 4.96626357241011 12.78812799658925
2458690 zg 4.648704328188285 25.043553489084527
2458716 zg 4.9696363395966365 21.955202955348014
2458720 zg 6.138548522528067 21.489105308912613
2458726 zg 8.00884656211976 24.947767870067718
2458853 zg 3.940495630980732 11.56459439645927
2458874 zg 3.2418520286704777 13.979656524783133
2458882 zg 3.607629350909895 13.72845413504423
2458887 zg 7.877165557258445 4.401492773924641
2458891 zg 8.398552274516863 22.63139736309175
2458896 zg 4.640148980543595 15.318125159776141
2458900 zg 3.4482058792381416 11.586065299484602
2458904 zg 3.2331806027858705 10.87225226690069
2458909 zg 29.6066066370333 23.032023283917194
2458911 zg 3.836638232924998 12.132348022699308
2458913 zg 3.617611383524089 15.964378352433645
2458914 zg 9.988166784040391 12.183145169077454
2458914 zg 3.2481042863805163 14.611381507902996
2458939 zg 13.792823516952566 20.05292563484838
2458939 zg 13.517049460257693 7.331156769607915
2458940 zg 4.774426628632941 6.844157866435762
2458941 zg 3.8935956704860097 15.781502380281006
2458943 zg 5.927550694578464 10.468284181497793
2458943 zg 5.436422117093826 10.729037102249832
2458944 zg 8.601348335158855 31.099851388535065
2458955 zg 3.7292535480786255 10.120154622950782
2458963 zg 3.203538624847904 9.769258907813201
2458963 zg 3.338821396696148 9.179516620524014
2458963 zg 3.4705091039580838 9.709117586764938
2458964 zg 3.5976748616010887 9.405301004213
2458965 zg 3.2242593255111536 13.081645387309969
2458966 zg 3.509079342476351 18.003134959361144
2458969 zg 12.824243747192035 -2.9917605994146914
2458972 zg 5.463135063862592 16.371031768395028
2458980 zg 6.893878464841717 4.165553896764697
2458992 zg 3.4418598959351243 14.084646246987367
2458995 zg 3.445031426370077 3.1748003331034083
2458998 zg 3.197642920433522 13.40767360364207
2459001 zg 8.38115076385298 11.8130980573793
2459012 zg 3.1537696147974668 4.18282064822271
2459016 zg 3.1277351054375013 10.711960585953696
2459019 zg 3.4833185133183595 13.399506339963388
2459022 zg 3.171246234971398 8.642079587774132
2459025 zg 3.6814754743810316 4.445039775541224
2459028 zg 4.883425984828124 5.481370285055004
2459033 zg 7.232086680833966 13.346496951497098
2459040 zg 3.1888197018684536 5.595044843026956
2459043 zg 3.897183456608553 11.461914790948402
2459218 zg 8.639799279001913 8.938037556913859
2459229 zg 3.4323628123370398 14.896003061522908
2459232 zg 3.3360301316953542 4.065943887607325
2459253 zg 3.156675682046158 8.043054221541222
2459255 zg 4.240875567306873 5.131250548473145
2459257 zg 3.0272290424283232 2.661175065511199
2459269 zg 4.5807007888070705 9.148407690950723
2459279 zg 5.312674041651466 1.4487042581075764
2459290 zg 3.1363893076279754 1.2026795794148826
2459295 zg 5.6473140222689056 7.468084287202965
2459302 zg 13.557411702327798 -2.9732602609297136
2459305 zg 6.802991476624734 16.500160946599962
2459307 zg 3.6510847295255573 6.543257277457523
2459311 zg 3.2094451995599846 2.432149198170412
2459313 zg 4.816422868434367 2.0082946967084423
2459317 zg 3.168326753925746 9.421977005927502
2459320 zg 3.4228919339302095 -3.0005345712335854
2459322 zg 3.65781647440537 2.124566548574299
2459324 zg 3.8190104814715355 5.204206102438252
2459334 zg 3.947760981760808 5.691157205494049
2459339 zg 3.410304734737815 2.629927152676606
2459343 zg 3.206490552164949 -3.317296766874815
2459345 zg 3.3977638231836407 2.8154635699600314
2459348 zg 3.3946358077775844 9.059433069354997
2459349 zg 3.4165925377162 1.6560552089394887
2459352 zg 4.640148980543595 5.435062121505002
2459352 zg 4.443568962116836 2.5069435998124545
2459356 zg 7.258779813181061 14.767101121467668
2459356 zg 7.534456108375146 2.433665108860267
2459363 zg 5.04105253779627 18.390447957525172
2459363 zg 4.509536688637369 9.299581592718233
2459366 zg 3.269113240703427 4.406991401357122
2459373 zg 3.1888197018684536 8.382002663478271
2459375 zg 4.028569406501037 9.143043345747554
2459377 zg 3.918779705966696 5.166310365398884
2459383 zg 7.503495437024214 13.527254804051376
2459387 zg 13.704183944715092 17.5473430054448
2459391 zg 4.739376640672057 -1.7610750054133972
2459393 zg 7.201979938064864 1.286051847459992
2459397 zg 5.105399893229403 8.14983693197583
2459402 zg 3.8049666125513264 -0.7657995454242728
2459408 zg 4.4109478641840285 2.595635419727831
2459410 zg 5.446445605854658 -4.306720319182612
2459415 zg 14.033110358549825 8.42530648676945
2459423 zg 4.3959781983469055 4.466067893123608
2459427 zg 9.010770327992763 -6.265788771033816
2459430 zg 5.137177949676813 -2.9457631217549385
2459435 zg 4.307799979838977 -10.611549097339793
2459600 zg 7.139431363631839 -2.9370635615343783
2459641 zg 3.1421720747305737 -0.13204944406099361
2459675 zg 3.245114049042956 -0.29548952941496043
2459679 zg 4.245945682667022 1.3276050547600087
2459682 zg 6.532808487794753 -8.985839979146636
2459695 zg 3.4865282461412135 -0.6754639120325939
2459697 zg 3.230204104340908 1.822201787476609
2459699 zg 4.534526294567345 -3.657049916398971
2459699 zg 4.601730955839573 0.9380216864811468
2459700 zg 3.857898970813716 -2.9322744394118447
2459701 zg 4.0397161478352315 9.056349157371827
2459701 zg 3.7258203599117827 1.1939624489155531
2459711 zg 7.554067235598621 -1.3923058217745798
2459712 zg 8.67168818130423 8.365915198680455
2459712 zg 8.233224795053266 11.974733630078731
2459715 zg 13.594924016541167 -23.861668760351314
2459717 zg 7.816357770596181 -0.07170783691519089
2459723 zg 3.701876377555289 7.522974032294385
2459726 zg 2.9610468660207068 1.30047189494827
2459730 zg 3.492956587417296 1.6084728834111774
2459731 zg 3.822529540451157 -7.724264210934521
2459737 zg 4.1684484401329325 -5.0047714514803365
2459743 zg 10.003560555230925 -5.049980931697043
2459747 zg 4.1684484401329325 3.254157085910058
2459749 zg 3.890011187315312 -4.374523979048379
2459749 zg 4.1378470550857696 4.7598507189643975
2459751 zg 4.103688942400475 9.669889372297241
2459751 zg 4.002679807574297 0.3880590209859829
2459754 zg 3.8049666125513264 1.457613212533007
2459755 zg 4.163470864807231 -0.190359874379608
2459759 zg 3.627621035653876 1.552305308880864
2459759 zg 3.4228919339302095 -3.497905030422335
2459760 zg 3.4577467993823783 0.4155624353840581
2459761 zg 3.984289164383025 9.203476929404934
2459763 zg 3.701876377555289 3.2333851596699152
2459766 zg 4.160776942221556 -5.083728404678778
2459770 zg 6.8710511832106045 3.528946341155307
2459782 zg 4.444833833803378 8.06497277109069
2459785 zg 4.41626911177887 3.166430561300306
2459787 zg 5.071361972427488 -7.822193607689539
2459951 zg 19.54254924495489 -51.89646947291845
2459978 zg 4.145476275657197 3.126319624418242
2459993 zg 4.062322834861762 2.4151671763183313
2460016 zg 6.951261439220643 -0.5261918423413461
2460043 zg 7.5819487759309645 -1.3951485362141833
2460045 zg 4.355675627974264 3.7189446839953386
2460049 zg 3.9368679712366594 1.8069811638368405
2460055 zg 3.4134471884069724 3.0673720706485064
2460057 zg 3.7735564428217327 -5.935720776582348
2460061 zg 3.7258203599117827 -4.097514606634856
2460063 zg 4.073562969333101 -2.116894360242038
2460065 zg 6.733225874422658 -0.9138604892536775
2458217 zr 4.61946749925859 -4.294446924625767
2458218 zr 5.2112803613785585 -2.391680989994143
2458219 zr 6.7032153972820705 3.2929898256353205
2458231 zr 5.784980893871218 -2.8593847357120845
2458243 zr 5.8116831524418595 5.635873006868389
2458246 zr 5.684626416982045 3.5292656114055867
2458256 zr 4.662210905764182 7.363954415214867
2458256 zr 4.714025374843855 -5.544879786333778
2458256 zr 5.753100079104847 0.2176137722757366
2458262 zr 6.853038552400627 8.035823820210263
2458270 zr 7.7525625911555105 12.992257160608451
2458273 zr 5.914280646072493 -3.6517571252813203
2458279 zr 5.2208887414871565 -6.431957418817901
2458282 zr 5.2112803613785585 3.660491999441976
2458288 zr 5.158749483217733 5.0733104155136255
2458336 zr 5.919730409176479 10.519930858929873
2458468 zr 5.941579725182333 20.676346674634523
2458468 zr 5.779655182520635 33.46571452390245
2458468 zr 5.892531718554818 19.29044694505849
2458469 zr 5.8116831524418595 24.304016846294456
2458469 zr 5.876272524971264 27.426860726855544
2458469 zr 6.334241453137942 20.03876377210449
2458469 zr 6.446064014708647 26.73610259729388
2458472 zr 7.1036764910117745 27.881812706843032
2458472 zr 8.717524728662788 28.801262204668433
2458472 zr 5.914280646072493 16.121705395329286
2458472 zr 5.881687265175859 31.720601826825366
2458477 zr 7.702740752212987 26.410149574075756
2458487 zr 5.914280646072493 20.123359566678587
2458488 zr 5.230514837197673 29.287155156207994
2458494 zr 5.15400028677582 21.654500864630865
2458509 zr 8.395179079692985 17.771593240797216
2458509 zr 8.838797577832226 19.697957901044955
2458523 zr 5.1635030558461965 10.265286192329752
2458527 zr 7.444667080898407 11.390115407474598
2458560 zr 7.058024718211032 18.600213112138754
2458561 zr 8.685467268964263 8.658162265870473
2458573 zr 6.369342663907127 18.651864671495524
2458573 zr 5.806332858724576 12.547815396688893
2458583 zr 6.535737697700565 15.135455458174098
2458584 zr 5.769018464015388 6.1767271308043945
2458584 zr 5.86005819518968 19.37138283877032
2458585 zr 5.822398534637229 19.155024109212732
2458586 zr 5.8116831524418595 19.562344554029888
2458597 zr 5.865457994565183 20.893939083433075
2458597 zr 5.969004811116149 10.166411555536353
2458598 zr 4.675110884334278 18.673503769801695
2458601 zr 5.308165296835746 17.345600036890424
2458606 zr 5.2208887414871565 17.575263674449726
2458617 zr 6.935586219024762 11.205727476563801
2458628 zr 5.838508663038009 15.337372710943935
2458632 zr 5.795647043357493 12.548626527257259
2458633 zr 5.317952310067513 19.42979137689239
2458633 zr 5.362217656883993 12.378334609493077
2458634 zr 5.2691970302311875 10.250292259687626
2458635 zr 4.64506628697966 10.426956762862869
2458636 zr 5.192116617613849 18.38982014290209
2458639 zr 4.714025374843855 19.295552530275987
2458642 zr 4.675110884334278 12.98819759657035
2458645 zr 7.576092721866795 13.509436096978815
2458649 zr 11.435509786358699 28.936295551367078
2458655 zr 5.827763632205228 12.21766047043171
2458658 zr 4.598242974041313 18.594961745365822
2458661 zr 5.249820306138298 15.46914931569383
2458668 zr 5.225699572852117 13.04565771633446
2458677 zr 8.34122746626399 -7.196202731858069
2458678 zr 7.169406000308706 9.29007671194747
2458679 zr 7.555188098174416 9.80802680474629
2458680 zr 8.937029428139988 5.134791110407342
2458682 zr 7.064528393805424 7.222526886365528
2458684 zr 6.3576207007726975 9.636698739619131
2458685 zr 5.865457994565183 19.748773598991985
2458686 zr 6.3576207007726975 0.9869097253551828
2458690 zr 5.822398534637229 9.192014063101151
2458693 zr 7.430966120269473 4.941458866264252
2458716 zr 7.492819682188882 25.04610757089235
2458828 zr 7.019128206228403 9.11191824535004
2458828 zr 9.816368435924506 8.368415848756625
2458874 zr 5.249820306138298 9.946393068252183
2458878 zr 5.332666674608991 4.482153793587873
2458882 zr 4.7010180199770115 8.98066361648585
2458886 zr 5.201689664268571 15.707331921695403
2458888 zr 5.876272524971264 7.56105100857558
2458896 zr 5.870862769630756 9.199443156951098
2458899 zr 4.640789992433029 4.533122777876115
2458899 zr 4.640789992433029 18.305030473903486
2458900 zr 5.288645272474137 16.82812399656976
2458904 zr 4.615214771212311 3.2601374165729826
2458905 zr 5.264346154671301 7.51396342605359
2458905 zr 5.332666674608991 10.37979672825799
2458908 zr 5.130319806487988 10.54211507872484
2458908 zr 5.980010257593429 1.4292861845641607
2458912 zr 5.149255462491728 15.239761832697955
2458913 zr 6.98044605147813 4.188646842168426
2458916 zr 5.908835900075015 0.3042370960903158
2458916 zr 5.93064500520038 10.03056509705685
2458944 zr 8.295259271613986 -0.8514716461656908
2458962 zr 5.196900936665914 6.091685617617552
2458964 zr 5.201689664268571 5.350475316669666
2458965 zr 5.278912195108664 7.9027366625277065
2458966 zr 4.705349812140687 2.2308300818866194
2458966 zr 5.2691970302311875 12.336057455012732
2458967 zr 5.216082339021743 -0.6593960383713791
2458972 zr 6.369342663907127 5.333329803080194
2458980 zr 5.881687265175859 3.8194218272726586
2458986 zr 4.7010180199770115 6.516403256548835
2458992 zr 4.7270687200600126 5.911095952185033
2458998 zr 4.722716933252199 8.405472313814254
2459001 zr 8.211641192391257 4.015088821836566
2459005 zr 9.497775755806758 5.697550512878619
2459012 zr 4.779604000205804 2.900245066195623
2459019 zr 4.666506938789599 2.77645007274897
2459028 zr 5.795647043357493 6.4625203138322505
2459033 zr 8.069190426972643 -8.624547715155845
2459037 zr 5.914280646072493 6.6819825095498935
2459040 zr 5.3424988626413015 14.913857265001038
2459043 zr 5.278912195108664 6.439844288744761
2459193 zr 9.566450976997233 -4.153107331085078
2459194 zr 7.071038062265782 15.265745238099013
2459194 zr 7.03854959347822 -8.055170613097573
2459194 zr 7.788346794196414 15.563170905306182
2459194 zr 9.436738305485772 -10.787358228809975
2459194 zr 11.623366304883719 -14.767183504433529
2459195 zr 12.362924689159493 -9.624703853954012
2459195 zr 8.333548448716684 0.7503539236013781
2459195 zr 7.051527029965517 -1.9650066973862708
2459200 zr 7.110222232811989 9.737745820012291
2459200 zr 7.7169428015929915 -1.0068064012682938
2459200 zr 10.751165069058729 15.310162326576023
2459217 zr 8.098973251419705 8.18812386967367
2459219 zr 7.632121600519983 13.883805970583294
2459228 zr 5.386968529015298 9.56892261248938
2459231 zr 5.274052375670712 4.329028293407848
2459250 zr 7.269142372681868 -10.374523593175233
2459253 zr 4.679418804152268 12.562596201854188
2459260 zr 8.1663871428818 -0.7965566718173425
2459264 zr 4.692366395652147 6.879796879716903
2459264 zr 4.65363070098542 1.7760056391352257
2459264 zr 4.748887877903379 -3.602900813120594
2459264 zr 4.688046556151744 -0.002668428461586103
2459264 zr 4.692366395652147 -6.595831744801017
2459264 zr 4.64506628697966 -4.056674424452208
2459264 zr 4.602480063283878 0.1506363687899488
2459264 zr 4.564486384314946 -3.621567241954218
2459264 zr 4.683730693538833 0.7729388314315668
2459264 zr 4.670806930430407 4.131832391492573
2459264 zr 4.666506938789599 7.049997191324434
2459264 zr 4.670806930430407 1.2055920514266625
2459264 zr 4.6067210568275945 3.636977933058203
2459264 zr 4.6966902157046055 2.417918204679568
2459264 zr 5.230514837197673 3.288223834249381
2459264 zr 4.636517634685995 -1.3215970602443132
2459264 zr 4.64506628697966 -1.0349197113432478
2459264 zr 5.259499744876062 -3.591944707637273
2459264 zr 4.662210905764182 6.633512664733651
2459264 zr 4.666506938789599 0.3433061290362367
2459264 zr 4.64506628697966 3.8931675483660824
2459264 zr 4.615214771212311 -0.28039121908511744
2459264 zr 4.627984715096974 6.711600012656788
2459264 zr 4.675110884334278 3.595509754486474
2459264 zr 4.670806930430407 1.6562489482675
2459264 zr 4.735784327341182 1.412860333415898
2459264 zr 5.196900936665914 3.10507089213754
2459264 zr 5.1635030558461965 10.193914970408638
2459264 zr 4.627984715096974 3.5910086068734266
2459264 zr 4.632249210114274 1.604934621410638
2459264 zr 4.632249210114274 12.472266613377322
2459264 zr 4.714025374843855 2.2237836570692124
2459264 zr 4.577115966659314 3.661526535488103
2459264 zr 4.615214771212311 4.879276039952508
2459264 zr 4.683730693538833 0.9718486589666433
2459264 zr 4.657918827709784 10.490251185094959
2459264 zr 4.692366395652147 2.478140110250717
2459264 zr 4.683730693538833 11.150934907831552
2459264 zr 4.64506628697966 -3.195202454654015
2459264 zr 4.6966902157046055 -2.976601619326037
2459264 zr 4.753263780145866 7.658941347834085
2459264 zr 4.692366395652147 -1.229111818449828
2459264 zr 4.714025374843855 9.770660481960206
2459264 zr 4.598242974041313 -0.3498766319147557
2459264 zr 4.640789992433029 -1.6010001481160723
2459264 zr 4.65363070098542 -7.881296160051362
2459264 zr 4.7270687200600126 6.118651034866984
2459264 zr 4.692366395652147 3.613368863188188
2459264 zr 4.65363070098542 0.21864991287392455
2459264 zr 4.666506938789599 4.096605742001172
2459264 zr 4.1058205961956284 3.56713956971163
2459264 zr 4.722716933252199 3.3439298446976364
2459264 zr 4.683730693538833 5.486691941855654
2459264 zr 4.705349812140687 1.4072345524617567
2459264 zr 4.679418804152268 -1.8596829975902986
2459264 zr 4.709685595870282 2.076999471850845
2459264 zr 4.615214771212311 -5.430905938105173
2459264 zr 4.6966902157046055 6.337424162879236
2459264 zr 4.594009785505534 6.108412853300268
2459264 zr 4.683730693538833 2.8525841837100234
2459264 zr 4.657918827709784 4.689440849772476
2459264 zr 4.675110884334278 -4.518121586053117
2459264 zr 4.64506628697966 -2.043742930454183
2459264 zr 4.709685595870282 2.891333818235619
2459264 zr 4.679418804152268 4.416303874687397
2459264 zr 4.692366395652147 -2.598922792123881
2459264 zr 5.244987268984704 -3.7780547457010183
2459264 zr 5.3130565499087234 -0.7496930769252588
2459264 zr 5.230514837197673 -0.19828836421791607
2459264 zr 5.288645272474137 4.7408368354869115
2459264 zr 5.187336703053841 0.7257142437820647
2459264 zr 4.709685595870282 1.1952123388788527
2459264 zr 4.675110884334278 6.354503261561555
2459264 zr 4.666506938789599 7.978538730881879
2459264 zr 4.649346521953487 -3.954306838907816
2459264 zr 5.1208781069574645 -7.565394304704591
2459264 zr 4.722716933252199 6.939846163275559
2459264 zr 5.249820306138298 -0.10056788834294217
2459264 zr 4.7010180199770115 6.634103088250352
2459264 zr 4.6067210568275945 3.488995267081868
2459264 zr 4.6966902157046055 -2.1285388560394924
2459264 zr 4.744516004160304 2.538485714864616
2459264 zr 5.1635030558461965 -1.887699225445461
2459264 zr 4.675110884334278 7.215687045307093
2459264 zr 5.2837764926676805 9.529937517421391
2459264 zr 4.6237241460165075 -1.8312693222069187
2459264 zr 4.666506938789599 -7.166570220109954
2459264 zr 4.709685595870282 -1.7245825502676397
2459264 zr 4.598242974041313 4.412195135338044
2459264 zr 4.762027684980962 3.481687125883415
2459264 zr 5.264346154671301 2.5606761647128264
2459264 zr 5.225699572852117 0.3881592097300919
2459264 zr 5.244987268984704 -0.28306901477632707
2459264 zr 5.235334538608597 6.321735429564395
2459264 zr 5.897961440928607 0.6046221900195858
2459264 zr 5.288645272474137 8.721486058733408
2459264 zr 5.337580504680342 1.9814684025582987
2459264 zr 5.2112803613785585 8.537780261450843
2459264 zr 5.244987268984704 4.53040811443419
2459264 zr 5.2837764926676805 -0.4664159805298693
2459264 zr 5.317952310067513 6.869520845930612
2459264 zr 5.168261008693725 3.3654827090864323
2459264 zr 5.288645272474137 -3.8230465037939823
2459264 zr 5.230514837197673 2.7418678516336796
2459264 zr 5.3130565499087234 0.6210491438677048
2459264 zr 5.2837764926676805 4.4686254510466945
2459264 zr 5.187336703053841 7.889954427911516
2459264 zr 5.249820306138298 4.974100650491491
2459264 zr 5.225699572852117 2.9061892225138384
2459264 zr 5.240158681173506 -1.8486876882397905
2459264 zr 5.2208887414871565 -2.485175113467882
2459264 zr 5.259499744876062 1.6077437389857725
2459264 zr 5.3130565499087234 6.04990522721905
2459264 zr 5.377054500231529 1.3076938950745594
2459264 zr 5.235334538608597 3.7356516487248577
2459264 zr 5.274052375670712 0.1752421504072017
2459264 zr 5.249820306138298 -1.2978840690091866
2459264 zr 5.2691970302311875 8.111551153114696
2459264 zr 4.735784327341182 3.288209282591291
2459264 zr 5.249820306138298 9.449549625801655
2459264 zr 5.187336703053841 5.382387623140069
2459264 zr 5.317952310067513 3.492079531065068
2459264 zr 5.2691970302311875 0.22778458282628455
2459264 zr 5.216082339021743 -0.009644008927884196
2459264 zr 5.849273505190336 1.0943080862332701
2459264 zr 5.357281145603582 -4.546745389888177
2459264 zr 5.293518538658273 -6.21967656727291
2459264 zr 5.1635030558461965 14.086613400378546
2459264 zr 5.9525346062262035 -1.1989628355642448
2459264 zr 5.192116617613849 5.494255734468993
2459267 zr 6.351767811480562 -1.4959377102374918
2459269 zr 5.8116831524418595 4.555499003920312
2459273 zr 13.326761016583424 20.456664962720726
2459278 zr 6.440129703615895 7.421068763570956
2459292 zr 4.675110884334278 4.864121260197994
2459295 zr 5.753100079104847 -2.6644418852146705
2459297 zr 6.375211747693242 0.5279667131383974
2459301 zr 13.465725743924146 -2.4609572382418676
2459302 zr 12.115237287803113 18.43191567403216
2459305 zr 8.039517124634685 14.351229153466353
2459307 zr 5.293518538658273 -2.781996975615586
2459309 zr 5.264346154671301 5.161836927421468
2459311 zr 5.230514837197673 0.07573289862340249
2459315 zr 5.784980893871218 8.173109034149194
2459317 zr 4.748887877903379 3.1750864611096095
2459328 zr 7.802706681062393 -3.972752055889412
2459334 zr 6.3810862395954135 2.701738134576216
2459336 zr 5.240158681173506 7.226498675166345
2459339 zr 4.636517634685995 0.350430884026641
2459341 zr 4.064433001107203 4.88249341994624
2459343 zr 5.386968529015298 -3.1801423103810658
2459345 zr 5.254657796734207 2.0734024933771935
2459349 zr 4.722716933252199 3.3987710292902813
2459350 zr 5.168261008693725 0.6591549289421583
2459352 zr 5.800987490541286 1.3122485881104042
2459352 zr 5.2691970302311875 -0.12852781003771319
2459353 zr 5.876272524971264 1.8365832219047111
2459354 zr 7.006210395645611 -2.869804449083757
2459356 zr 7.674415016534823 -7.130420600303333
2459356 zr 7.695649531929422 7.404683137353467
2459361 zr 9.480296310415985 0.6156252670905747
2459364 zr 5.352349178924885 0.7236203022780461
2459366 zr 4.649346521953487 4.969544652143361
2459369 zr 4.649346521953487 6.341773600058483
2459371 zr 4.65363070098542 4.351273745559184
2459373 zr 5.264346154671301 3.8983011221894595
2459375 zr 4.705349812140687 0.21108836916060625
2459377 zr 5.1635030558461965 4.918046848989819
2459379 zr 4.65363070098542 -3.9404424261056734
2459383 zr 8.325876500549821 -6.315126123205603
2459387 zr 10.46046161894175 -8.543708770730934
2459393 zr 5.182561188931043 0.4800723638169292
2459400 zr 5.800987490541286 -0.6315094227074174
2459406 zr 6.46389977746839 -1.2213773947877973
2459415 zr 8.27999290450149 8.883792698700407
2459423 zr 7.084075399878299 -1.5058954869993408
2459427 zr 6.363478983258339 14.47244539208163
2459637 zr 5.92518519400999 4.416360310235872
2459641 zr 4.64506628697966 1.3271215280151503
2459675 zr 5.278912195108664 -5.745964240991798
2459679 zr 5.264346154671301 3.952376048482565
2459682 zr 7.896693490701514 1.7332101011581758
2459684 zr 9.87076585983178 -2.307611287859727
2459688 zr 10.091386740544682 2.156626580636226
2459697 zr 5.854663366923542 2.952836421582402
2459699 zr 4.735784327341182 -9.39324321756556
2459699 zr 5.254657796734207 0.1290811287672723
2459700 zr 5.225699572852117 9.931901798017845
2459702 zr 5.235334538608597 4.4949298323572675
2459709 zr 6.3810862395954135 -6.988645397241725
2459709 zr 7.38321102085837 5.305884827984143
2459710 zr 7.653239093289209 1.005687154211838
2459711 zr 9.367461387077666 -2.5896008513040325
2459712 zr 9.744304579411274 -0.6575160782280196
2459712 zr 9.879861359151162 8.073297189165295
2459721 zr 5.2112803613785585 -6.064428047518799
2459723 zr 5.758401321034492 8.931718740850979
2459730 zr 4.709685595870282 10.240021347997924
2459735 zr 4.65363070098542 -1.0924948540116008
2459737 zr 4.640789992433029 -2.3174203515365575
2459743 zr 8.84694216139291 -3.962916295385439
2459747 zr 4.662210905764182 6.530481999811227
2459753 zr 4.679418804152268 2.639837704090087
2459755 zr 5.367158716953814 0.34192276710956
2459756 zr 4.61946749925859 6.449457827408007
2459759 zr 4.65363070098542 1.7964923214669914
2459759 zr 4.649346521953487 -8.368334410906135
2459760 zr 5.332666674608991 7.456380025068498
2459761 zr 4.675110884334278 3.7400413788802496
2459765 zr 5.259499744876062 -0.7947515058613392
2459765 zr 5.278912195108664 1.3858366598692393
2459772 zr 8.62965011865727 5.056511615287534
2459774 zr 8.211641192391257 0.5572543758604799
2459775 zr 5.8116831524418595 -6.490740742569262
2459775 zr 10.072814829816984 5.723828464964668
2459776 zr 7.182624705353731 5.7266848392724965
2459777 zr 5.187336703053841 -1.4889836423048988
2459778 zr 5.870862769630756 -6.284598930241873
2459778 zr 6.487757585021467 -2.436188863485701
2459779 zr 5.936109847379225 12.102586061385347
2459779 zr 5.996556485494989 -2.644242324519615
2459787 zr 5.854663366923542 -1.6926695249743138
2459789 zr 7.071038062265782 2.7822818648134597
2459791 zr 8.487761896625313 4.230282936425732
2459798 zr 8.83066049225678 -4.2278162990040515
2459924 zr 9.384732791304295 6.695802360728132
2459924 zr 9.843529571492834 4.352503062497523
2459924 zr 10.548104751341423 -7.4973783156023925
2459924 zr 11.0015918740214 -2.8496243259219987
2459924 zr 15.166147551066196 -5.602295909904274
2459933 zr 7.032069834227616 6.146966986416081
2459933 zr 7.110222232811989 -5.900278574909078
2459935 zr 6.57195550028298 15.393941072094457
2459935 zr 6.986878241564676 9.538371848122784
2459952 zr 8.598643918903607 9.063744135958823
2459970 zr 5.2837764926676805 -3.800997112995664
2459996 zr 5.240158681173506 9.579484989392823
2460045 zr 4.731424516857995 -0.4642016622678263
2460049 zr 5.308165296835746 -5.738182337201558
2460059 zr 5.187336703053841 -1.7687594515557978
2460061 zr 5.298396295354068 3.3065612888304328
2460063 zr 5.308165296835746 -0.9868605585772999
