jd filt fluxerr adjflux
2458207 zg 9.519958436140001 67.71727064761299
2458207 zg 9.183506843780268 65.60981946722241
2458223 zg 2.3869639748310614 75.66147717800457
2458233 zg 5.051738218741789 73.0635492795705
2458243 zg 2.506912371949274 74.90102474375374
2458246 zg 2.6447988909448745 77.43105306442607
2458249 zg 2.7821910411238293 74.37894790301142
2458262 zg 5.437792730316311 80.52895667083654
2458267 zg 11.02768740802635 55.413305798333624
2458273 zg 2.4118540285749246 75.80436610916504
2458279 zg 2.463964380901689 73.27951433659845
2458282 zg 2.5445491360044525 71.53779549395414
2458294 zg 8.540361617848044 69.3074198078491
2458300 zg 4.727958516382475 68.92182360194934
2458303 zg 2.682383411539515 64.31378113542465
2458333 zg 4.440242887753297 47.150928781429194
2458336 zg 3.832424988323892 48.19403841309523
2458488 zg 2.9362424692852604 12.052648315041152
2458488 zg 3.310762326185941 12.843296530724745
2458493 zg 2.7173428569700016 9.8639506307543
2458494 zg 2.464903769401665 10.751156746619799
2458495 zg 2.4185274429509995 9.015005822645028
2458495 zg 2.947826569494247 10.011402321460912
2458502 zg 12.131266186803323 26.431627939544164
2458502 zg 11.042292269565593 2.247428121022997
2458508 zg 7.341870625056774 8.127868956930064
2458508 zg 6.682476055549214 11.783158449988285
2458539 zg 17.90390571056606 30.288405569331438
2458544 zg 5.0730592097463845 6.840341595964687
2458568 zg 6.578551546866911 7.595484543584924
2458582 zg 2.648385582711153 2.889974415376612
2458585 zg 3.1542196690916313 2.3536064907392715
2458588 zg 7.110494910268278 5.870156833712585
2458594 zg 11.345246385075995 -10.863750908467548
2458597 zg 3.2937801967083713 4.389150435716147
2458606 zg 2.5339142620355015 5.274414144835557
2458617 zg 6.225729874263113 1.6811785002114796
2458628 zg 2.4051028263166225 1.1108753776496911
2458633 zg 2.603663635562938 5.931930248750959
2458634 zg 2.6181043231642294 1.3440983512532285
2458634 zg 2.5502339401364007 0.8397623215480852
2458635 zg 2.0570894616436846 1.553553083075224
2458637 zg 2.463964380901689 2.556436828000841
2458640 zg 2.5903782943908165 0.6621135308004624
2458643 zg 3.7358084585602387 4.015378057248691
2458649 zg 10.587830043053884 1.8838317957951494
2458652 zg 6.112256644842994 11.287101303926404
2458667 zg 2.963610887267149 -0.7108663524839764
2458670 zg 3.789163291046875 5.605243211744916
2458673 zg 5.441937753807023 1.038730101452102
2458677 zg 7.979456599407652 12.471575822881443
2458680 zg 9.904941326287474 -2.914144390917979
2458683 zg 5.205364875296668 7.698176702604879
2458683 zg 3.5065957864985453 -4.201477317083226
2458686 zg 3.335046771457907 1.0753478488684927
2458686 zg 3.4719475997542713 4.298789431692478
2458853 zg 3.137473174815619 3.7453279939993886
2458856 zg 3.225101009970095 -3.664533141497886
2458874 zg 2.430157522209351 -1.7949272160198084
2458877 zg 2.1448650321666904 -3.692922042480361
2458896 zg 3.446044288196608 1.568584535170199
2458900 zg 2.765433326934382 4.529643435700811
2458914 zg 8.755044911397913 16.4811112687798
2458937 zg 2.2306653712968156 5.544576245293387
2458940 zg 3.752093595011984 1.7004462707396018
2458944 zg 7.818600967765284 3.282737105820476
2458954 zg 3.227065602562772 0.8536213716083022
2458963 zg 2.67512032629031 0.30275141770537556
2458969 zg 4.2756950923429375 -1.0318152511382177
2458972 zg 5.311435866965447 -2.1891748282452435
2458980 zg 1.9517840469898573 1.0391195322068638
2458986 zg 2.226546471426038 0.521347517813602
2458992 zg 2.502515243938468 -2.4488315437687467
2458995 zg 2.846983023686527 1.3419353110590748
2458998 zg 2.9095188924861604 6.468719226498117
2459012 zg 2.2532575848300316 4.554930512990402
2459018 zg 2.3425124239326385 -0.7510902168031208
2459024 zg 2.385028749384786 3.47000520777444
2459027 zg 4.814823509713628 0.4122208512935901
2459032 zg 7.830952627436903 -0.1887834665910439
2459036 zg 5.0810193673784365 -4.154106876801046
2459040 zg 2.810583754318006 1.3809141982818567
2459045 zg 3.408226327221326 4.871399711213819
2459218 zg 9.264252173960967 -0.02298011355765353
2459227 zg 3.0421797943311626 -1.598729349625659
2459227 zg 2.8105217323265843 -0.6201924155554477
2459229 zg 2.727854372028086 -4.420846928490392
2459230 zg 3.0615201595994264 -4.888309027257483
2459250 zg 4.187677461824451 8.642105451349883
2459253 zg 2.4925613957682997 0.7146886013791466
2459255 zg 3.145830134015237 -6.5869596597772935
2459257 zg 2.5937830547590424 -0.19800092697746294
2459264 zg 2.408140950366506 1.4451248777195074
2459268 zg 3.3817159318163545 -1.4841635111881857
2459270 zg 7.087359247550079 -1.298374734468141
2459272 zg 12.06693893177012 14.340429073258075
2459290 zg 2.584844521418112 0.17389300308858907
2459292 zg 2.7216030881908106 -2.746996076443051
2459301 zg 14.2893024467867 10.44807563179061
2459305 zg 6.460397463503845 -2.96621168308622
2459305 zg 6.933225029521895 9.75497813109105
2459307 zg 3.492887525080776 4.372278367000698
2459311 zg 2.5283338862117604 -0.21168156775121888
2459313 zg 3.958104893699684 1.663405425133623
2459321 zg 2.6288341771206514 0.1882777098129324
2459325 zg 4.636022306014282 -3.4327652983723937
2459329 zg 11.056854051316039 13.208643975124357
2459335 zg 3.1086595486544506 -4.903339736756208
2459340 zg 2.778904763389206 -1.3167076316389767
2459344 zg 2.2529472308472975 2.182404101346416
2459346 zg 2.5715795825440515 2.7139783237350543
2459348 zg 2.389646434414717 -0.8791146252555143
2459356 zg 7.453847510857799 -2.449406668870997
2459361 zg 8.71239207451523 -6.048815301255361
2459363 zg 2.697689216505628 0.3871389287132738
2459365 zg 2.7937093094904397 1.1289585698792524
2459366 zg 2.509772898858565 -1.4905184309017983
2459368 zg 2.371172733646241 3.1673095279178307
2459370 zg 2.657030450653306 1.204487421744456
2459374 zg 2.752727314954931 -4.294577535708824
2459376 zg 2.7566837603399548 -0.33413755694788866
2459378 zg 2.571705191398812 0.44844612135978823
2459387 zg 15.832952916112427 24.66679178642232
2459391 zg 5.863890787471957 7.554581752400387
2459393 zg 7.908181611376251 -2.36815016268295
2459395 zg 3.431935788817741 2.727900247391096
2459397 zg 3.401651016749372 1.6969866064301329
2459400 zg 3.8948580949903358 2.8154454563005666
2459408 zg 3.679978499147177 0.9435804112849969
2459419 zg 11.366578744607104 11.23771264063214
2459423 zg 3.98191182875028 1.3621024247179605
2459600 zg 6.753391567939994 2.6042701743496166
2459641 zg 2.2531833411505398 2.4573207153419934
2459670 zg 2.312146167863026 0.09160247120987516
2459673 zg 2.6302702944481076 -0.0029357010290652374
2459677 zg 3.7994149669052524 -2.7023546669722713
2459679 zg 4.1211497911932735 -3.88564935108463
2459682 zg 6.82746115591037 4.20391442125407
2459684 zg 12.183344818095563 -0.6746304853823065
2459687 zg 11.81175533960477 -3.0327117944290882
2459694 zg 3.5952217665111745 -0.6669982736842082
2459697 zg 1.9973454258395413 -0.8350293219856076
2459699 zg 3.1826186331080817 -1.9968833537255721
2459699 zg 3.8542255276398496 -1.0422830441956579
2459710 zg 6.289101929759158 -4.290686504751864
2459711 zg 7.57014941232773 -17.695129490512162
2459715 zg 12.248556195783594 0.17913130794081086
2459722 zg 3.5851068240489807 -1.0220452266525817
2459722 zg 2.5186062553293174 3.058214367893806
2459724 zg 3.390184256306131 1.3631823424071159
2459730 zg 2.773268481847825 -0.9482720114703606
2459730 zg 2.8339530701184397 0.1627546005017888
2459732 zg 2.6889616050219707 4.9164856243289545
2459734 zg 3.1709321390903566 3.5237288236317332
2459738 zg 5.401391415872177 1.9642998793535031
2459747 zg 4.925509683473914 6.2312162294439
2459749 zg 3.832206386714861 1.2892539555748224
2459759 zg 2.910234632592839 0.1115096740067307
2459759 zg 2.879917330655636 -3.5936807688887322
2459761 zg 3.542222685999213 -1.4148182240776772
2459763 zg 3.3972538902635856 -4.653150487962949
2459770 zg 8.328826699432831 9.859320404101183
2459770 zg 10.17987478911376 -3.9088148819837327
2459937 zg 4.273265909235875 3.4582271682220385
2459951 zg 16.678116071279952 23.33566994774651
2459957 zg 8.072410158564734 10.375104031742966
2459978 zg 3.6567159661537527 11.58464451204368
2459995 zg 3.322230664861221 -3.9117001053460156
2460016 zg 6.5365037833230835 -0.6843328476476251
2460043 zg 10.142322392372844 -9.774435920424297
2460045 zg 3.5098269683584142 -5.857354146112729
2460055 zg 2.974549370326104 -0.9125394144098269
2460057 zg 3.0628156297055193 -1.3141716013759135
2460061 zg 2.9243243076630097 6.076895949104678
2460065 zg 6.531093077896377 -7.11901733705614
2458198 zr 3.738022727617709 40.62811365214109
2458217 zr 4.510782711689889 32.85399351053554
2458217 zr 3.8499931808543275 31.42538814392703
2458218 zr 3.726278210060549 37.09529353251389
2458219 zr 5.5780901081769665 35.464345993520894
2458243 zr 4.361778653971582 38.55502127535157
2458246 zr 4.586188566228368 30.896708568212844
2458256 zr 3.9524437063209534 34.851716349242146
2458256 zr 3.7641393524668936 34.22743927691618
2458256 zr 3.293288403978959 38.333198282715706
2458262 zr 7.007178266328739 29.603073082545315
2458270 zr 6.27855583281962 33.61394617546351
2458279 zr 3.5782878755929097 35.355995978455596
2458282 zr 3.59811696449697 33.10979710361585
2458288 zr 3.858919270284279 31.305233538089027
2458294 zr 6.706532120730463 29.356847499437492
2458300 zr 5.006912171267698 31.196473937044733
2458303 zr 4.906479326615731 29.87440098262174
2458306 zr 6.08066698403388 31.630501471545486
2458325 zr 9.898667391971204 5.510593830472004
2458336 zr 5.692508044321233 24.726651567596576
2458458 zr 6.15406275061755 8.981737254754188
2458462 zr 10.818403918531475 0.6063369567521963
2458462 zr 5.621934554817378 4.834199747739763
2458462 zr 5.306033325143683 1.2022939038327642
2458462 zr 5.364903570051833 4.338197846096193
2458465 zr 5.632300085052255 3.4601970347048674
2458477 zr 6.0808168123104895 -0.4543914205741224
2458487 zr 4.0296348432228415 8.69433450087156
2458488 zr 3.7537530069484615 8.92429414301101
2458492 zr 4.649988804434321 -2.515679946199903
2458494 zr 3.5928735912804286 -0.5898387291107787
2458506 zr 8.051274216579719 2.2216830862032664
2458509 zr 7.988954651683866 -0.6397339036075804
2458527 zr 6.972327824350015 -7.926179194617081
2458539 zr 7.302509069692474 -12.30754944815066
2458557 zr 4.331349050729491 2.7970987830379177
2458560 zr 4.911519456694996 -0.698652254115109
2458573 zr 4.862010235875427 1.7357348797995056
2458582 zr 4.283740789505439 6.646581616701853
2458585 zr 3.6616369074574098 3.875309214902752
2458591 zr 15.167907951501967 25.25988167021762
2458594 zr 12.238150264602705 14.804114564468966
2458597 zr 4.3636700740429895 6.200752615502251
2458606 zr 3.7606740480791236 2.6195434503031487
2458617 zr 5.411099570867436 -8.096368687128399
2458628 zr 4.492246952895436 2.5357542792048697
2458633 zr 3.9198161065799493 1.092418976274832
2458634 zr 3.4874916033257413 -3.459720583326935
2458635 zr 3.0431350326065862 -0.07449822039722542
2458637 zr 3.4406614188393365 7.475666865800909
2458640 zr 3.6630423319034104 7.065420659895864
2458643 zr 4.01490503122022 -1.562011584966929
2458649 zr 10.89265249458156 11.033478883187005
2458652 zr 8.278543603593464 0.6672206956741873
2458655 zr 3.917959661560475 1.7003742622600315
2458658 zr 4.571551565009981 0.907490853972032
2458661 zr 3.45870220401022 -1.0843440414825851
2458667 zr 4.119700963794188 1.9140711854131376
2458670 zr 4.697339038464814 2.0877335005612627
2458673 zr 5.255383699746554 -0.9748701039135673
2458677 zr 6.869071057262023 -6.335881255682201
2458680 zr 7.946534963168777 -2.33142315686265
2458680 zr 9.926056242413631 -1.4564553557600446
2458681 zr 9.265778261384959 -6.757919050304987
2458686 zr 5.849056084268545 4.849101196576841
2458828 zr 5.3027805297015504 -5.200230728849834
2458828 zr 5.952313347028812 8.071035877316765
2458828 zr 6.196841448851643 3.062645882030694
2458828 zr 8.25813356799861 0.318977466341792
2458856 zr 7.473177069863291 6.801911364007668
2458874 zr 3.837737598065247 -7.071497628659546
2458881 zr 4.106387793462163 2.7803667648085555
2458887 zr 5.182074508184138 -5.913474114424373
2458895 zr 4.428941325892169 -0.46808675682442535
2458900 zr 3.8447286424584415 -5.162919287640479
2458905 zr 4.11433762077438 4.117041685023575
2458911 zr 4.057513376808781 -0.8722476404917883
2458972 zr 5.297677607175627 1.331135370009755
2458986 zr 3.5132832945075143 -1.339703392790839
2458992 zr 3.5961842745412995 -3.9610975149766845
2458995 zr 3.3397439412313674 -2.595337163622326
2458998 zr 3.1909838763514675 -0.07543344675101196
2459001 zr 8.099755944902965 14.330730938227864
2459009 zr 6.232837232618252 11.603916664109061
2459012 zr 3.925183461292584 7.306294365109536
2459015 zr 3.679950167088365 -4.1043289673744585
2459018 zr 3.715914332346483 -1.6479183583172705
2459021 zr 3.366896490569701 2.7686336952162782
2459024 zr 3.9981580702050765 2.53723487444954
2459027 zr 4.61585233857343 -2.643579037306474
2459036 zr 8.435094568149564 1.5937199490556326
2459043 zr 4.586695685312716 -3.718718012800395
2459045 zr 3.671768374821805 -3.531535904031908
2459186 zr 8.9508569916159 -18.013203656708978
2459186 zr 9.401892594570688 -0.5575869393724754
2459186 zr 9.978054333702444 -11.22230049674979
2459186 zr 11.797229314582804 -3.085694284706494
2459186 zr 14.808998339518945 -41.13584636839523
2459189 zr 8.636821432330972 0.01959124055501855
2459189 zr 7.893869745457305 1.8328888517889879
2459189 zr 7.2296028872668385 -4.860004345283248
2459189 zr 7.717838540568558 9.759371052615183
2459190 zr 6.033461363252991 -8.007384121903533
2459190 zr 5.492934618392251 5.3939769412799015
2459190 zr 5.884174255486468 5.1323852257582265
2459190 zr 7.387065217888957 0.9993548890452071
2459193 zr 6.598720912515096 -4.452574037958462
2459194 zr 8.81718437785021 -7.260758729180857
2459194 zr 6.867517691348751 -0.5520890593776684
2459194 zr 6.2213664903267984 7.79726703776196
2459194 zr 5.945200915081853 -10.25732911631045
2459195 zr 5.827547010818011 2.0944519708559945
2459195 zr 5.5373713964415145 12.723223824967398
2459195 zr 5.745180172745953 3.5065524398026837
2459195 zr 8.467920744995256 -2.92597095180889
2459196 zr 7.01948535961159 -8.914857671711605
2459196 zr 8.597138842439993 -0.898197769581863
2459205 zr 4.217935427618171 5.4584091020667405
2459217 zr 6.828907331034792 0.5359715509929347
2459219 zr 7.306308552975322 -3.8557091447775544
2459227 zr 4.152025004573852 5.8327815334957895
2459227 zr 4.48562727314125 5.954633472687302
2459228 zr 3.7606740480791236 0.048831549567300736
2459231 zr 3.5468427765296386 -2.8817945115774077
2459231 zr 3.816587968752661 -4.857964279554884
2459233 zr 3.566497612358869 -4.079184667979575
2459253 zr 3.345259132248894 -0.785280911685956
2459260 zr 5.521861705265756 -2.1076409323156002
2459265 zr 3.539265727749663 -0.12076511758697459
2459272 zr 9.504595717485516 -3.4334304005734517
2459292 zr 3.57307339841137 4.939404976090423
2459295 zr 4.377877677672152 -7.207717806545522
2459297 zr 4.845971392153704 -4.320406800132334
2459305 zr 5.9797879771099876 -5.5892671314024645
2459307 zr 4.186970749038509 -2.6784604023292364
2459309 zr 3.9035519210767786 0.9437419183096428
2459311 zr 3.4788999387826745 -3.5558420841396274
2459316 zr 3.5272962577703932 -1.519305722382733
2459316 zr 3.28722752653846 -1.4319725831427446
2459316 zr 3.293288403978959 -5.638725770614775
2459316 zr 3.404315208347868 0.4959326025619005
2459316 zr 3.369998945351137 -3.608578958086192
2459316 zr 3.260091316142351 -2.9396294919337937
2459316 zr 3.4175365710741703 -1.625430083202379
2459316 zr 3.2057127887064376 0.811148534193727
2459316 zr 3.3762124338965847 -2.27929191135426
2459316 zr 3.1770918094592577 2.391766251945986
2459316 zr 3.4333112031549926 -0.13446072905102702
2459316 zr 3.4459833176330315 -0.7788513458268687
2459316 zr 3.6250430679808114 -1.3729064236130075
2459316 zr 3.3824373786592328 4.998846627986328
2459316 zr 3.3762124338965847 -1.55784285004705
2459316 zr 2.938469746170356 5.997743245952696
2459316 zr 3.3893246536816664 0.33158375410124563
2459316 zr 2.9683918031955274 -1.3933854335804372
2459316 zr 3.4618892539300723 -1.388475814845723
2459316 zr 3.251095784452244 -2.885085392311307
2459316 zr 3.179249486120438 -1.7936635991117191
2459316 zr 3.2963230319766397 0.757266175496553
2459316 zr 3.2661021607682477 -4.32077803789777
2459316 zr 3.1240977189957153 2.596948918669793
2459316 zr 3.278157118221623 -4.52957692004669
2459316 zr 3.3237608263986402 -2.4866036033630823
2459316 zr 3.1501019516320476 -0.9973042530820114
2459316 zr 3.3391026093088456 4.174643423138193
2459316 zr 3.3955737743057197 1.1167841718689542
2459316 zr 3.221289559141492 3.6546930428867808
2459316 zr 3.3243992116686436 -2.1870531818896004
2459316 zr 3.3335975682972445 2.0149780043251373
2459316 zr 3.7656672179239123 0.6949740086495616
2459316 zr 3.474363684184083 -0.41830368657614564
2459316 zr 3.5753056124790983 -2.045954899397435
2459316 zr 3.675151756337319 -5.458486925405594
2459316 zr 3.519453867538651 1.0378331628261488
2459316 zr 3.5389569276778805 2.2903927880464665
2459316 zr 3.626118041308486 -4.734521054756761
2459316 zr 3.468272166676842 0.5342471324829975
2459316 zr 3.654898131557638 1.9582802065121012
2459316 zr 3.618055936333981 4.5495537462118865
2459316 zr 3.2473164291321317 1.0268921482143283
2459316 zr 3.705742829294008 1.2412171756853756
2459316 zr 3.6765623681078616 0.46281992623499507
2459316 zr 3.4900348604272278 3.1073357962654544
2459316 zr 3.4949578112996225 -0.7965010228661129
2459316 zr 3.251095784452244 -5.360338401486563
2459316 zr 3.3520707054092633 4.496828215950015
2459316 zr 3.6314099308600354 2.7044209676386406
2459316 zr 3.6413774053713657 -2.010074118008691
2459316 zr 3.651533395731955 1.1954859786552234
2459316 zr 3.4949578112996225 -2.311199799134783
2459316 zr 3.6935326089444787 2.630437201505761
2459316 zr 3.305443703977994 -1.582989668206418
2459316 zr 3.2175448531592292 4.229547014792864
2459316 zr 3.632803753464314 0.3899463451457433
2459316 zr 3.4555180881204515 7.397502124646957
2459316 zr 3.39179632242676 -3.729921103925208
2459316 zr 3.6414577625077733 1.0109667956800648
2459316 zr 3.6361512307053196 -2.978956901756334
2459316 zr 3.7503800250909114 3.8943722065005604
2459316 zr 3.6381054000204407 7.280829610602231
2459316 zr 3.582959817365913 3.297873285187094
2459316 zr 3.639501792507072 -2.2195185252642924
2459316 zr 3.1939242349910697 3.6323832003660037
2459316 zr 3.39805000022892 -2.042813323692585
2459316 zr 3.2242578432046227 1.227586274421065
2459316 zr 3.2005879436800604 2.3497607804684475
2459316 zr 3.223477252075001 -0.1624773732703256
2459316 zr 3.0473659440295897 -4.266244931149483
2459316 zr 3.076955558798865 0.1266552529611132
2459316 zr 3.0041473027606185 4.546019122578948
2459316 zr 3.0041473027606185 2.3170808699315364
2459316 zr 3.265311439151325 0.06634092995884441
2459316 zr 2.919585672071026 -1.5362342463386758
2459316 zr 3.0180138166755603 -2.2691533386273313
2459316 zr 3.109743793823885 -0.6004983023227499
2459316 zr 3.0459391546991283 -0.7688819838826887
2459316 zr 3.2116233720673386 -4.765215012041609
2459316 zr 2.882251836675183 3.1719627238297883
2459316 zr 2.9493154350142716 1.0838808402602784
2459316 zr 3.2205096866318876 -2.0713710294677714
2459316 zr 3.1617287603267767 -0.6864049653092074
2459316 zr 3.0557977709391406 2.4640554338267737
2459316 zr 2.990344499689899 -2.064355941022419
2459316 zr 2.7331000486513877 0.9352446047878858
2459316 zr 2.938542150375219 0.5831617503356805
2459316 zr 3.079790845096623 3.368846560178922
2459316 zr 3.0571815057059406 1.1768646618110916
2459316 zr 2.8166437749672384 0.46684060038898334
2459316 zr 3.0712928143792646 -5.009368034414892
2459316 zr 2.855827193003626 -0.2246864373178092
2459316 zr 2.997261324521971 3.1049984612755037
2459316 zr 3.0110960542055136 -5.073228032321675
2459316 zr 2.982093277223183 -3.5643187812742836
2459316 zr 3.135628547864161 -1.7803047318428409
2459316 zr 3.1472019362254096 -5.301270165894301
2459316 zr 2.930361661101938 -4.02984452645278
2459316 zr 2.971200261401844 8.364137461883038
2459316 zr 3.109743793823885 -3.391660625609797
2459316 zr 3.1183482154405096 -1.141958753541488
2459316 zr 3.044560508420513 -2.7395407854744662
2459316 zr 3.2421250740271077 -0.8938717924436398
2459316 zr 3.2481027931115967 3.2053378891599
2459316 zr 3.092606111318001 -0.7834871006686551
2459316 zr 3.1733984827692328 -0.05458625255446848
2459316 zr 3.1133630366688068 2.6312472162020377
2459316 zr 3.081233491352731 1.2014602494232693
2459316 zr 3.0557977709391406 -3.33134537104518
2459316 zr 3.020794790614692 5.276396459894498
2459316 zr 2.9331341381872598 3.9730028876243577
2459316 zr 3.0826287439925344 0.15192499384638633
2459316 zr 2.935836899040509 -3.767131707868755
2459316 zr 3.020794790614692 4.331793336747611
2459316 zr 3.2153611863956524 0.8542075524409445
2459316 zr 3.1414099123039887 4.698901515804205
2459316 zr 3.0983081524639617 2.527956352705452
2459316 zr 3.153004639282003 -0.7419335229685409
2459316 zr 2.9629288565271303 1.6306290344010135
2459316 zr 3.115477432841433 1.8712106673138038
2459316 zr 3.095455818947574 1.5732491622873535
2459316 zr 2.9629288565271303 1.6398840941705721
2459316 zr 3.001381654665551 -2.3328122606721413
2459316 zr 3.0152354029289024 2.552187482454874
2459316 zr 3.107633288927834 -2.367404788728262
2459316 zr 3.223477252075001 -0.8303188561064099
2459316 zr 3.223477252075001 -3.981404050137618
2459316 zr 3.1733984827692328 1.2992008113915954
2459316 zr 3.1011631142867984 -4.455612019192776
2459316 zr 3.1457284032707498 -8.007278740229907
2459316 zr 3.131275094132281 1.2139215348232462
2459316 zr 2.8955557066827997 4.127957650902458
2459317 zr 3.2811778033701593 0.6805048423604183
2459323 zr 4.174679926539209 -1.6469168968193177
2459325 zr 4.035523928987902 -3.493705706745361
2459329 zr 10.146482746676472 5.518159970214126
2459335 zr 11.551042494483557 5.682739862853847
2459338 zr 3.7194204700845748 3.3995437244010884
2459342 zr 3.39179632242676 -5.018218744920998
2459344 zr 3.8519024224291702 4.639810531206284
2459346 zr 3.7399491131272242 -2.614230718102589
2459348 zr 3.4555180881204515 8.445547025719076
2459352 zr 3.7227656078258797 -6.726654460769522
2459353 zr 4.865976120118376 7.574297583643491
2459354 zr 4.9610085245644475 2.9888068713112
2459356 zr 7.04203223890964 -1.5263183952345316
2459361 zr 8.478004025420729 0.9253622018060275
2459363 zr 5.774119738682839 5.828137433272479
2459364 zr 3.905401539283208 -0.13881180695059664
2459368 zr 3.3237608263986402 -0.5145845968758012
2459370 zr 3.4470051924313703 1.7687877411782298
2459387 zr 9.137592028548369 -3.888202926127821
2459391 zr 7.11120447217693 -1.8091612620680726
2459393 zr 3.9270433291617453 -0.15872029682603295
2459400 zr 3.9126885272466163 -0.022975687531177735
2459402 zr 4.144383731901752 -1.2089048627500316
2459404 zr 5.191629039541664 -2.7036834289091587
2459406 zr 6.504288358898369 1.7017695935264887
2459410 zr 6.710318997695275 4.988806562110416
2459415 zr 7.185747182560857 1.4175445262215078
2459419 zr 15.908341589104653 9.502001128149782
2459427 zr 5.202408250015262 11.822153724220218
2459551 zr 5.1071762529546 6.651700461870426
2459551 zr 5.229805356635791 1.7884430606699424
2459551 zr 6.012924983283883 -1.3576164032505846
2459551 zr 6.605633022841144 -0.8207216744883128
2459551 zr 7.699666828670718 -7.869948460147501
2459601 zr 6.342669835997213 -9.18677938484955
2459637 zr 5.051314741175673 1.417529191180919
2459670 zr 3.1472019362254096 0.16466608995711574
2459673 zr 4.0724893783899585 4.735640917303617
2459675 zr 3.4459833176330315 0.9576158192910833
2459677 zr 4.813000079137307 -6.556899807320159
2459679 zr 3.9764902948708283 -5.2184075643265935
2459684 zr 11.003570964823725 5.141925963709398
2459687 zr 10.379183551433567 -7.26612271366692
2459690 zr 4.914189586173689 -2.44523503409702
2459694 zr 4.132948182531805 7.408906765526915
2459699 zr 3.7692935409653194 -8.66737707683499
2459699 zr 3.7850818642073545 6.149205335352336
2459702 zr 3.469300651029275 2.22757833758782
2459709 zr 5.356778057363179 -1.2406036975737116
2459709 zr 5.721182290722831 4.056261096906269
2459709 zr 8.823314588750952 -4.015728188719972
2459724 zr 3.887543636722417 -2.486043055021069
2459726 zr 3.7414671597577804 -1.7222542424874223
2459730 zr 3.792060668411211 -3.0675876396488593
2459732 zr 3.7936735820138243 -1.883404349453931
2459734 zr 3.675151756337319 3.7964943517598004
2459736 zr 3.5782878755929097 -2.3557059348364158
2459747 zr 3.6280668185071607 2.3991383107159656
2459754 zr 4.46090714790151 0.4045992950863194
2459756 zr 3.5093748950839383 4.4352819797428396
2459759 zr 3.9780083748071675 6.366002255160214
2459759 zr 3.4885257870261164 3.0286846469147153
2459761 zr 3.572014150323633 -4.538484212474547
2459765 zr 4.461695494197723 5.273488781827885
2459772 zr 8.075212145369333 6.039421558153159
2459774 zr 7.625566364340125 -1.0766750152737237
2459774 zr 8.572266984858269 1.2695049036083033
2459776 zr 3.8095640251795464 -4.85709250597656
2459776 zr 6.959496143903396 -6.810530642218306
2459778 zr 4.933668590910816 -0.0032499009963801633
2459778 zr 4.908862257493424 -2.638377944498726
2459914 zr 8.572266984858269 3.644842890560327
2459929 zr 11.401973342910663 -3.0257759137887055
2459929 zr 8.259046713429244 -12.583662784726855
2459929 zr 7.692578438271937 -0.2685670163722474
2459937 zr 4.636851460225859 3.155957819679897
2459994 zr 4.156233388144459 -1.0346818535910296
2460043 zr 6.998062204701957 7.825415550721123
2460045 zr 3.4206856885790846 1.8018121477570777
2460055 zr 3.8553667105548954 7.472178176741106
2460061 zr 4.248738090954887 1.7899536375221192
2460063 zr 4.848082183683439 4.47413350378485
