jd filt fluxerr adjflux
2458203 zg 3.803848256224255 -1.2633110049268859
2458203 zg 4.090541903980336 -2.630005069547703
2458206 zg 6.11043225135061 -11.272577829909721
2458206 zg 6.392517612784616 1.370141132251551
2458233 zg 4.755124806862824 5.560683887251073
2458236 zg 11.214603831442071 12.842512897354654
2458236 zg 13.12519153932497 -10.002389903524618
2458236 zg 13.25850675126216 21.7163689236906
2458267 zg 11.98079691688604 -3.684956312288839
2458270 zg 5.637862018616573 5.554340623333858
2458273 zg 2.401772813597824 -0.885755548592313
2458279 zg 2.2385893538813693 -3.7043372292165584
2458282 zg 2.503409665056006 0.6730477576036257
2458288 zg 3.2573595058223503 6.83400805378162
2458294 zg 6.802892659609304 -4.537805937502642
2458300 zg 2.41953508796086 0.720822071194289
2458305 zg 3.186216460370304 1.6399518691951627
2458308 zg 21.647012446460945 -15.877033743771943
2458332 zg 3.493539782301147 -0.7639906909515657
2458336 zg 3.260361026837921 -2.529467146277488
2458349 zg 9.266609343283703 2.2312229468244538
2458487 zg 3.450324645168369 -0.18748978997176355
2458488 zg 3.1832831975852085 2.5882691085870007
2458493 zg 3.622623363153245 -4.97692740538788
2458494 zg 2.6334266342891075 0.8450051763793576
2458495 zg 2.6116875795282644 -4.6044768070631
2458540 zg 3.4471482417431623 3.403255465635773
2458540 zg 3.381115138943029 4.818737019444508
2458544 zg 7.810765843785008 12.00273219427508
2458544 zg 6.940292887908793 0.7033939711794904
2458558 zg 3.642698137243903 -0.27225438943257124
2458568 zg 4.426940174783439 -3.671368498231411
2458568 zg 4.128391222209757 -6.3121047247082025
2458573 zg 2.996690821175687 -5.203695275736515
2458574 zg 2.662693779356979 -0.3065145908085571
2458581 zg 3.1920910970692558 2.1637218886568887
2458581 zg 3.0580313799915615 3.3114212554722426
2458582 zg 6.235883729035244 2.5741451029815345
2458584 zg 3.7919589111895364 4.492377106585037
2458584 zg 3.7606561206170204 0.27803464718975834
2458585 zg 3.345609717534387 0.8913453190321404
2458588 zg 5.198281101213364 8.863864445332405
2458588 zg 12.025189683242488 -10.39774070310842
2458597 zg 3.4630595550856 2.740479321500307
2458597 zg 3.2573595058223503 3.0221754312825886
2458598 zg 2.457717289205082 -1.1428402737654983
2458606 zg 2.356435353926247 1.3332911835184829
2458617 zg 6.0739624823188825 0.6654387142722046
2458633 zg 2.7285040940198644 -3.450750540173636
2458633 zg 2.7084736185124845 -3.673114638097357
2458634 zg 2.446425103993249 -0.8815501635512663
2458635 zg 2.123982089921763 -0.8106248600559953
2458636 zg 2.367312165324575 -0.07017295003461504
2458639 zg 2.6935473210336376 2.3072317584120148
2458642 zg 2.5079635695024303 -1.9664053937749943
2458645 zg 5.165962143820163 4.908625573951478
2458649 zg 10.042022302209912 0.5006210560592783
2458652 zg 5.905707500102565 0.6289374582005641
2458661 zg 2.7664613669558857 0.2317072633060199
2458665 zg 2.849900942451819 -5.707700725170371
2458668 zg 2.365132794035267 -1.70243311076563
2458677 zg 6.831089193400144 -10.255820337041303
2458678 zg 7.907559681508601 -8.874666658659017
2458679 zg 10.679340613263445 -10.933038501778267
2458680 zg 7.579533527963563 -8.278693020003535
2458680 zg 7.155905858218186 -7.452125531460675
2458683 zg 4.564370039316884 5.589784508316474
2458683 zg 3.299706231332592 -1.5411215704381533
2458686 zg 4.153515818696225 -3.819861916856494
2458690 zg 3.3301645478199045 0.07097912505111596
2458716 zg 4.053702821783461 -3.2168480855767574
2458720 zg 4.853840773754784 1.3679335836825794
2458726 zg 5.968425271916933 -6.2629393161795175
2458853 zg 3.16112695199494 -1.264158911639076
2458874 zg 2.282308953734553 1.4559177330422226
2458882 zg 2.8056259187179164 2.821313136648814
2458887 zg 6.78231253439937 -3.684721618655175
2458891 zg 7.553996592940033 7.660775207161307
2458896 zg 3.6032958942746602 5.346591771561462
2458900 zg 2.3848195864867208 0.6165490023049459
2458904 zg 2.3929406350180753 -2.9396552828787885
2458911 zg 3.0439810020745615 1.674563037831374
2458913 zg 2.7184704075373234 -1.1074516715531528
2458914 zg 2.473613967918286 1.2347976395787
2458914 zg 10.547001802466333 11.245385073014567
2458939 zg 14.931576026794897 12.900749329722316
2458939 zg 11.262259611187483 -17.0224721086798
2458940 zg 3.954138774599744 -1.9667433964934147
2458941 zg 2.6960293126210266 1.2269134349589526
2458943 zg 5.096658391549242 -4.571082201664652
2458943 zg 4.669857765268834 -3.125204702759784
2458944 zg 7.480901570574368 -0.2415493335715504
2458955 zg 2.741098296691613 1.0912416430029963
2458963 zg 2.3586067108870097 4.33745452035786
2458963 zg 2.733534816346294 3.2365144467673574
2458963 zg 2.4896134674055443 4.319725473311022
2458964 zg 2.7620387356374976 -0.4741456089026914
2458965 zg 2.3268823963919147 0.8376900289669795
2458966 zg 2.688590190594268 5.44295914474176
2458969 zg 8.527749318713827 1.8600906968011253
2458972 zg 4.919842721051187 8.414005296092325
2458980 zg 6.140133284824705 0.9997898687528384
2458992 zg 2.40841833402834 4.638219661925158
2458995 zg 2.603302346113645 4.218946230815977
2458998 zg 2.321964255513232 5.359351237551772
2459001 zg 6.976750293531145 4.417040416491001
2459012 zg 2.100636224006114 5.53711069490295
2459016 zg 2.2545274628000604 5.233513962815947
2459019 zg 2.3326819555506098 7.20927677920562
2459022 zg 2.512587666768979 6.225837749011722
2459025 zg 2.6057011807181136 6.769253296104968
2459028 zg 4.046242498553523 -3.368927908368299
2459033 zg 6.9844131686821855 6.2511530259382315
2459040 zg 2.40841833402834 13.874275000500674
2459043 zg 2.960146264728804 4.253737904688267
2459218 zg 7.468517885447977 41.72789131568351
2459229 zg 2.444172900540244 41.32258245502429
2459232 zg 2.616502919569267 37.704030708791656
2459253 zg 2.3412917235071076 44.18466298853149
2459255 zg 3.490323594587873 39.30227692025989
2459257 zg 2.391418198643281 43.52320100177349
2459269 zg 3.5732216795023723 42.01697497220673
2459279 zg 4.546776985029401 48.356490863109315
2459290 zg 2.349933269522371 47.08921520513102
2459295 zg 5.0323447375332035 48.23600551188215
2459305 zg 6.169814474300193 48.507473285746286
2459307 zg 3.1165584540227145 54.88025986042428
2459311 zg 2.480458267290786 50.762884502791294
2459313 zg 3.899628032517198 49.60300263030355
2459317 zg 2.227693973096815 54.77442564421624
2459320 zg 2.393621790837341 52.73948300790909
2459322 zg 2.8399661957603404 52.26803607448014
2459324 zg 3.020738777233618 56.10563486120063
2459334 zg 2.889547013773594 55.4638409302725
2459339 zg 2.5523011996445515 56.441322794877784
2459343 zg 2.3958274135497515 59.38068534098517
2459345 zg 2.4758933000877446 56.55920507091605
2459348 zg 2.3155572868064533 55.52521685010616
2459349 zg 2.3863378220207014 57.74319849006172
2459352 zg 3.7344202011083163 60.74255310957708
2459352 zg 3.5636900693473685 59.98319661696243
2459356 zg 5.990454317297325 56.37157769800355
2459356 zg 6.543013231455438 64.77159021066038
2459363 zg 3.8181405152331225 61.70999860528021
2459363 zg 3.581489009463079 52.30200468920219
2459366 zg 2.2566049158867387 58.54822795961505
2459373 zg 2.503409665056006 57.40941133904839
2459375 zg 3.334724500096642 58.60746909862882
2459377 zg 2.7360536547438956 61.76379692574429
2459383 zg 6.041477554467236 50.80317973311927
2459387 zg 12.223635193423144 58.656631605295416
2459391 zg 3.7468268415752024 59.332419124476544
2459393 zg 5.870292759182468 46.47475916832373
2459397 zg 3.711076669765694 52.98516567826484
2459400 zg 3.5505851049988864 62.226542660947004
2459408 zg 3.3640751823033432 53.27511450981831
2459410 zg 4.209707365645293 61.456498589454505
2459415 zg 12.50344771961946 44.123211009494746
2459423 zg 3.5404621862343326 52.33893448819325
2459425 zg 4.339622050396196 54.212319509725425
2459427 zg 7.477850608242704 34.10348109014136
2459430 zg 3.820002285722123 50.897351502014594
2459435 zg 3.508325877543247 57.43151051661559
2459600 zg 6.72195636199497 24.842662777049792
2459641 zg 2.262848767922721 26.222959554465202
2459675 zg 2.580603153665336 19.417685787900492
2459679 zg 3.381115138943029 28.619602521392782
2459682 zg 5.738518510647504 13.76869014752488
2459695 zg 2.3348314247448276 23.153043861569625
2459697 zg 2.3091679967731995 21.413711312722075
2459699 zg 3.5032061378642867 17.48075653740734
2459699 zg 3.412400212135826 22.017346191192406
2459700 zg 2.808750551181323 23.196813662786468
2459701 zg 2.9189708969480628 20.04712487420677
2459701 zg 2.782465351154989 16.85008291338232
2459711 zg 6.512935610910319 16.142293434708282
2459712 zg 7.201879730336605 13.034436716763206
2459712 zg 7.614519065136702 31.917034250484452
2459717 zg 7.160278630649349 16.268457877757577
2459723 zg 2.6985135912602067 25.97720189811562
2459726 zg 2.189648651527404 19.8007521075977
2459730 zg 2.7715620736011317 17.705976124920966
2459731 zg 3.0936791965140147 23.71501664036398
2459737 zg 3.5339464169601986 15.460785344809285
2459743 zg 9.018486274930396 9.190657245755876
2459747 zg 3.544050705783354 15.951252026266062
2459749 zg 3.0936791965140147 19.092241799235374
2459749 zg 3.024418859951075 15.85768332321831
2459751 zg 3.052403463110375 25.74437731155958
2459751 zg 3.0430786049794043 21.70902124143977
2459754 zg 2.9875361608866533 20.54669254083991
2459755 zg 3.2097800758083284 18.292850876116454
2459759 zg 2.7442884953238065 17.575673676652492
2459759 zg 2.889547013773594 16.22737178013959
2459760 zg 3.0179578548609665 17.233792433307933
2459761 zg 2.921660606964837 16.532150499036142
2459763 zg 3.0439810020745615 16.435478720593764
2459766 zg 3.3640751823033432 18.798200304378657
2459770 zg 6.502729501876517 16.750927089453505
2459782 zg 3.5669738612091604 14.346764112283438
2459785 zg 3.165740242157544 20.860558812811668
2459787 zg 4.431807070064972 14.599533435088254
2459791 zg 7.670642881104956 2.5541903571327893
2459978 zg 3.5306930304943704 6.4241186396857834
2459993 zg 3.1835609625029537 4.190278871036142
2460016 zg 6.308058158739731 5.515490590242891
2460032 zg 4.271504281230531 7.990713562919223
2460043 zg 7.203672172940483 9.881158789427474
2460045 zg 3.527143943337377 11.94524261626771
2460049 zg 2.774115952531291 7.118931126235433
2460051 zg 2.5593001591018694 7.232764549434521
2460057 zg 2.9249144675449936 4.076743425710635
2460061 zg 2.7512155011498907 4.208560978275089
2460063 zg 3.2288058960455803 8.223026333387516
2460065 zg 6.195808825910082 11.746954138333983
2458217 zr 3.5977415730739644 -3.5226582400468347
2458218 zr 3.8264248471691884 -1.117906674229953
2458219 zr 5.239878582084296 -0.6732941438719113
2458231 zr 4.487189740612658 -3.3337122325872492
2458243 zr 4.285000237383687 -0.826430365477457
2458246 zr 4.409109151550752 -0.20847412937604448
2458256 zr 3.7913439733066614 6.345637128476866
2458256 zr 3.31623486754663 0.36625067625791213
2458256 zr 3.634376909766351 4.090578217557144
2458262 zr 5.872591131872585 -0.39243930866343035
2458270 zr 5.5863045655423615 0.4274161045464154
2458273 zr 4.336614826791748 -0.8037369779143972
2458279 zr 3.2228885033747616 -2.8139039527995116
2458282 zr 3.279784289676929 8.118649866387505
2458288 zr 3.766978903487131 -0.5467321735759852
2458300 zr 6.064985472814651 -2.659077731044359
2458305 zr 4.837884880095603 -5.058141699220411
2458336 zr 4.300815877252459 -8.836045415325017
2458462 zr 6.038278928116014 2.599062899595707
2458462 zr 5.760096575004328 2.139459819794893
2458465 zr 5.149107093814726 10.765444488303705
2458465 zr 7.72793788661069 4.108386849254043
2458466 zr 8.246162850213208 23.188705019013895
2458466 zr 5.426517697018073 0.8990199110987118
2458468 zr 4.324648856418759 -3.570766159914579
2458468 zr 4.429460674708862 -4.61289813963206
2458468 zr 4.7364780595355835 -3.3037929496320695
2458469 zr 4.261385760283761 -8.565250355004732
2458469 zr 4.714715919628362 2.893404231430426
2458469 zr 5.130171983415712 8.262880946474045
2458469 zr 5.612089775848143 11.566365873278269
2458472 zr 8.527384952456972 4.010087396396436
2458472 zr 5.5147345133083965 -6.538782673362441
2458472 zr 4.524540021043642 2.109024881449903
2458472 zr 4.4954630672536 1.6346106585340288
2458477 zr 5.993950756338134 -6.003171963464257
2458487 zr 4.405050081506225 3.156967251203314
2458488 zr 3.8405479169510395 4.4358361910667
2458492 zr 6.814907418891231 -1.4753583593871882
2458494 zr 3.7983343233726363 5.574267515345461
2458504 zr 10.494708605241835 9.083143048704564
2458509 zr 6.855919239529262 -13.077502547561098
2458509 zr 6.577718400503761 -8.565553982324433
2458523 zr 3.2737482648371334 0.19124156254160748
2458527 zr 6.410254569156822 -11.176747971122971
2458527 zr 6.184622137659906 6.775638433199499
2458540 zr 5.3817215504916645 0.3683754046512714
2458540 zr 4.253543223083361 -2.205407577435875
2458543 zr 5.139630818677092 -6.7052546202462535
2458560 zr 5.2689153789723635 1.5437223861072373
2458561 zr 7.175628733988885 11.868578211619553
2458573 zr 4.261385760283761 1.3631572846019078
2458573 zr 4.545424348886983 3.52952081012208
2458583 zr 4.574824455565973 -1.1029399516974514
2458584 zr 4.051556611597479 1.9932266791658018
2458584 zr 4.10413758673257 7.8063598950988515
2458585 zr 3.8123537129716443 -3.166830298627679
2458586 zr 4.582004695369953 -4.451219160025607
2458597 zr 4.376741029742517 -4.096640196579744
2458597 zr 4.454248414120487 6.047033732564743
2458598 zr 3.252709523534335 0.23792878886742566
2458601 zr 3.31623486754663 -5.031071270395201
2458606 zr 3.541848369502025 1.9521539296747914
2458617 zr 5.013395012098543 -8.353016914273459
2458628 zr 3.8689506307377286 1.3424359142199063
2458632 zr 3.5713298573579095 -1.461632569688227
2458633 zr 3.5977415730739644 -1.8736552485221005
2458633 zr 3.3500036578991157 -5.076454818215844
2458634 zr 3.3284748613575674 5.922261329302784
2458635 zr 2.798302201212138 0.462321885937521
2458636 zr 3.5320753888828467 0.5576874753368098
2458639 zr 3.2617095203162245 3.3508072988852318
2458642 zr 3.0163600140290954 1.2193163203032937
2458645 zr 5.211130205539837 7.041745456833346
2458649 zr 10.279008361502664 -8.793494919575373
2458655 zr 4.047826708002314 -2.3638457454889643
2458658 zr 3.021921475234277 -0.8011133994574081
2458661 zr 3.3438384032644954 0.10520188756671718
2458668 zr 4.206790168891572 8.04107230559691
2458677 zr 6.799323319277123 -7.958373236699157
2458678 zr 5.529993359053341 -9.979193884723221
2458679 zr 5.982919654150211 -1.5565932720521407
2458680 zr 7.425059306105344 0.03569674994395663
2458681 zr 7.645804404262346 15.58037609552902
2458682 zr 5.332513021191489 7.232898603536918
2458684 zr 5.187187237118532 -7.280580293687988
2458685 zr 4.723408751239501 -2.167249217656173
2458686 zr 5.172874292280768 1.2731292225175082
2458690 zr 4.145929488476447 1.9605584782359557
2458693 zr 5.966411054197264 -12.295240200969372
2458716 zr 5.6758350417631895 8.46765053934509
2458828 zr 6.607933946680283 -4.239526005803743
2458828 zr 6.1184573580373 22.662861676263798
2458828 zr 7.685349508047509 5.689438228258503
2458874 zr 3.4772023512472985 9.542398525054077
2458878 zr 3.5944294561484815 2.32140921629207
2458882 zr 3.0080370072591256 -3.690096700325366
2458886 zr 3.973945544282627 -3.611588375992072
2458888 zr 4.908309326723921 2.2882282542604306
2458896 zr 4.36466433960887 1.453031716532264
2458899 zr 3.5878143669944427 2.0049009183298967
2458899 zr 3.2647150496888466 -6.786978893946421
2458900 zr 3.486823502396757 4.797002572280947
2458904 zr 3.26772334853152 9.859023690361512
2458905 zr 3.7948375387521693 -3.8468063053729127
2458905 zr 3.5516483912060233 -2.0199441325100693
2458908 zr 4.206790168891572 -6.457144354049648
2458908 zr 3.966369665604356 -1.8476980972941164
2458912 zr 3.6849361288705786 6.668150987105777
2458913 zr 5.031899106763345 -1.837750646625326
2458916 zr 4.621409300762333 -2.9752459774281452
2458916 zr 4.241806471211097 1.4369615245640008
2458941 zr 4.516213181976311 2.2989745564594988
2458944 zr 6.541468838792348 -7.891952443054574
2458955 zr 4.352620972544512 -7.004954181432052
2458956 zr 5.753400539858536 3.734830196416633
2458962 zr 3.8868088954466686 1.5238920161576197
2458964 zr 3.574620688965921 1.892216002603095
2458965 zr 3.574620688965921 0.08481734561497667
2458966 zr 3.3070844196143447 -1.7576846361987177
2458966 zr 3.496471274530578 7.13940345025135
2458967 zr 3.072438333560832 2.8124539039890446
2458972 zr 4.312715903607314 8.634452043787906
2458980 zr 4.0702577472176555 -4.247568000889654
2458986 zr 3.0442700496051627 -1.113184453481768
2458992 zr 3.0414674641074995 3.5922154592773836
2458998 zr 3.2828064741961542 1.8351189955819545
2459001 zr 6.3345121086625795 -3.0763459091159047
2459005 zr 8.766290711524219 1.0284208208057974
2459012 zr 3.0866200645518425 5.483034177082743
2459016 zr 5.834850928409895 -2.0418137168988775
2459019 zr 3.2979592204055925 10.384847223745707
2459022 zr 3.31623486754663 2.3964892285247523
2459028 zr 4.450147788418762 5.181811227162752
2459033 zr 6.5656129483923085 9.728795458933035
2459037 zr 4.385048832017732 11.970719009043012
2459040 zr 3.337684494995018 3.520578670641684
2459043 zr 3.568042055322428 8.299920891974093
2459193 zr 9.08594227441588 17.719148082682064
2459194 zr 6.088540099210325 11.927188097745114
2459194 zr 5.606923229792387 17.869963780016587
2459194 zr 6.213169056398473 12.013131615182758
2459194 zr 8.452415660112791 12.262324943244748
2459194 zr 10.659936199806822 21.005028486619906
2459195 zr 10.64539842165451 36.21388789979004
2459195 zr 6.589846172232916 3.2688584474541837
2459195 zr 6.082934928214999 18.079251713290123
2459195 zr 5.5863045655423615 15.97911141592602
2459196 zr 8.617491148304582 16.361027751406468
2459199 zr 10.470367379364053 9.354973637646047
2459200 zr 5.932390967131184 11.75376143531959
2459200 zr 6.76823262294446 24.670160446386916
2459200 zr 10.026790024197085 37.13110680498656
2459217 zr 6.5863065070046565 15.107063995364504
2459219 zr 6.144876667121664 10.54342829162918
2459228 zr 3.777401844042846 15.080984536500736
2459231 zr 3.5614755288154485 13.12689169276109
2459253 zr 2.983205527098632 14.403710160076848
2459260 zr 6.53544669706304 24.903362391263567
2459264 zr 3.486823502396757 22.47518035384673
2459264 zr 3.2557067597850544 19.147599310188454
2459264 zr 3.228830754729634 19.44611914843397
2459264 zr 3.3070844196143447 17.974583347432883
2459264 zr 3.2228885033747616 20.36650612242497
2459264 zr 3.313181908513683 17.389927623724205
2459264 zr 3.2737482648371334 15.104883215106849
2459264 zr 3.2587067578640525 20.627447350415984
2459264 zr 3.225858260798353 15.85305889769426
2459264 zr 3.095160504590183 16.261595041613184
2459264 zr 3.0330751786453294 23.468323784513046
2459264 zr 3.2737482648371334 26.46803591847022
2459264 zr 3.279784289676929 15.866687627144383
2459264 zr 3.26772334853152 20.92405686389674
2459264 zr 3.2617095203162245 22.0776307017855
2459264 zr 3.474001203936688 20.41941076341926
2459264 zr 3.252709523534335 20.02183195245284
2459264 zr 3.2587067578640525 21.353629611263187
2459264 zr 3.5647572800704443 17.456755254553734
2459264 zr 3.6076962469682785 21.08813396700522
2459264 zr 3.2979592204055925 19.74099477849199
2459264 zr 3.225858260798353 17.12072727855708
2459264 zr 3.52557505443999 22.741341578997805
2459264 zr 3.337684494995018 19.426402848346836
2459264 zr 3.515846976587989 15.620857195395981
2459264 zr 3.4421513694564077 16.69089677784403
2459264 zr 3.325410634063728 17.365819906090074
2459264 zr 3.246723326349822 21.181433068334357
2459264 zr 3.304039884575425 18.54837468634095
2459264 zr 3.2557067597850544 21.530803775606664
2459264 zr 3.2228885033747616 17.140331185466728
2459264 zr 3.2647150496888466 19.93768804170172
2459264 zr 3.0025010986470786 20.616490809910673
2459264 zr 3.2888592002518804 18.125516505720128
2459264 zr 3.118050717090261 20.72391105702266
2459264 zr 3.2557067597850544 15.1620984957653
2459264 zr 3.3070844196143447 24.677883239398977
2459264 zr 3.548378708125416 17.01476334808503
2459264 zr 3.3070844196143447 20.46801731024502
2459264 zr 3.2737482648371334 29.01476779615034
2459264 zr 3.322349227728225 17.233042978985274
2459264 zr 3.2318059876901843 20.05856358431796
2459264 zr 3.294923086116458 19.312023169570427
2459264 zr 3.2228885033747616 23.484756849348184
2459264 zr 3.0302828992579887 18.828817802282042
2459264 zr 2.8189970026384907 20.038986291772385
2459264 zr 2.9667651922791745 18.90767886883211
2459264 zr 2.8424616508189904 18.362245465706525
2459264 zr 3.193340883971353 19.14803059237588
2459264 zr 3.072438333560832 21.789260276544855
2459264 zr 3.270734419396174 21.016978961687112
2459264 zr 3.2767648874110544 20.93268580224952
2459264 zr 3.246723326349822 16.22680469188959
2459264 zr 3.2979592204055925 21.536501243286235
2459264 zr 3.0583217617049385 15.17595018619907
2459264 zr 2.9260596478296823 24.298073254336277
2459264 zr 3.0809395338415553 19.430455495796963
2459264 zr 3.035870031001736 19.5012495035189
2459264 zr 3.035870031001736 22.435173722134444
2459264 zr 3.021921475234277 18.000188066013862
2459264 zr 3.0470752175685614 15.749890217485056
2459264 zr 3.28583144353244 14.478792997336004
2459264 zr 3.234783962203885 15.346047102585093
2459264 zr 3.5385877084195507 11.759808243427786
2459264 zr 3.038667458698109 17.563808022850154
2459264 zr 3.7427704157744968 20.029455134279495
2459264 zr 3.805337562006453 28.72862379056195
2459264 zr 3.584511389154304 20.913454393012437
2459264 zr 3.486823502396757 16.653356938214102
2459264 zr 3.5911203883909986 18.28537819529894
2459264 zr 3.4836134977580304 21.19103313083254
2459264 zr 3.3407600321401096 24.140922064235706
2459264 zr 3.3438384032644954 20.830620935861628
2459264 zr 3.558196798773535 24.102806001837344
2459264 zr 3.5713298573579095 18.270436959970443
2459264 zr 3.8123537129716443 16.477710570574125
2459264 zr 3.861830320361044 19.05749138437206
2459264 zr 3.617372127923647 16.695243930023704
2459264 zr 3.496471274530578 20.397361085003283
2459264 zr 3.2737482648371334 13.849960305549049
2459264 zr 3.574620688965921 19.1846586476471
2459264 zr 3.243734360337897 20.367392858124017
2459264 zr 3.454856112377594 16.663963530137092
2459264 zr 3.294923086116458 19.408949432468287
2459264 zr 3.313181908513683 21.476147466830334
2459264 zr 3.300998152365941 15.92924369622677
2459264 zr 3.300998152365941 17.34242566163484
2459264 zr 3.5353300491343203 20.60912653650291
2459264 zr 3.558196798773535 24.783081084494494
2459264 zr 3.558196798773535 20.83462248273161
2459264 zr 3.7635109849802593 15.094459086254933
2459264 zr 3.50937650846898 24.87542371131404
2459264 zr 3.52557505443999 22.805632700329653
2459264 zr 3.7913439733066614 17.410478919496754
2459264 zr 4.168904164431869 19.91671697757892
2459264 zr 3.805337562006453 19.22992145148596
2459264 zr 3.7358823239965253 21.49042394304474
2459264 zr 3.5126102526482423 20.036427121904786
2459264 zr 3.5029179484215915 16.353362806173585
2459264 zr 3.5812114520686302 24.04361573928016
2459264 zr 3.4772023512472985 20.10169356080175
2459264 zr 3.766978903487131 20.208484280839272
2459264 zr 3.7427704157744968 19.44866704022779
2459264 zr 3.7221441470750225 15.613664312479287
2459264 zr 4.032941399890529 20.453825884169646
2459264 zr 3.7600462590739068 15.282307524594195
2459264 zr 4.0218133520387935 17.03915954576114
2459264 zr 4.130683421315592 27.314164726359035
2459264 zr 3.5320753888828467 21.386076678970987
2459264 zr 3.5911203883909986 17.719997131690643
2459264 zr 3.739324783843882 24.101212693886463
2459264 zr 4.164384777800352 15.160742012579263
2459264 zr 3.7635109849802593 20.494625657514394
2459264 zr 3.9776073694648426 13.043430852629864
2459264 zr 4.0033347981961045 16.71228872215158
2459264 zr 3.7913439733066614 12.351794871177667
2459264 zr 3.8370122700735325 8.05711130932042
2459264 zr 4.0218133520387935 14.381669914342105
2459264 zr 3.7948375387521693 16.626551727961754
2459264 zr 3.5549210871633212 21.046405624038364
2459264 zr 3.6076962469682785 21.50399777638956
2459264 zr 3.5549210871633212 14.845554173456573
2459264 zr 3.766978903487131 15.520114149377504
2459264 zr 3.8264248471691884 19.06635643200961
2459264 zr 3.718717503893956 16.435920195564663
2459264 zr 3.777401844042846 24.09127822729004
2459264 zr 4.051556611597479 19.102639175044096
2459264 zr 3.5549210871633212 16.65660707681687
2459264 zr 3.5320753888828467 23.476308552367712
2459264 zr 3.5516483912060233 15.659079367852609
2459267 zr 4.891651739123989 15.958161660898009
2459269 zr 4.837884880095603 21.7315908534659
2459273 zr 11.42728782495076 21.621319294261554
2459278 zr 4.316689891555462 23.74569597238273
2459292 zr 3.28583144353244 27.022201769272293
2459295 zr 4.312715903607314 29.854684832536226
2459297 zr 4.701706659349403 17.9007191574618
2459301 zr 11.249966244203646 33.94925803195408
2459305 zr 6.472051100415077 25.061285317890903
2459307 zr 3.8476289875617837 19.059075214441066
2459309 zr 3.766978903487131 22.531325082226676
2459311 zr 3.26772334853152 29.488942227084152
2459315 zr 4.740842526647696 24.581082819165918
2459317 zr 3.1904010623705483 25.23568761070134
2459328 zr 5.852119295659365 25.31604661609582
2459334 zr 4.896159192314092 22.203466125170618
2459336 zr 3.5320753888828467 21.987821836256746
2459339 zr 3.144004615947549 28.879151500126657
2459341 zr 2.7220406975180755 24.894736761199248
2459343 zr 3.337684494995018 20.863975891192702
2459345 zr 3.300998152365941 25.00614647715655
2459349 zr 2.7548287967412 25.633927758412998
2459350 zr 3.568042055322428 28.039463760223445
2459352 zr 4.085280787389624 26.65534464144298
2459352 zr 3.6043749656703077 32.13145248157716
2459353 zr 3.711873678433739 22.346918671412013
2459354 zr 4.900670798934456 24.80013305014356
2459354 zr 4.944608653798624 26.122887280556352
2459356 zr 5.765404263913323 30.838057052305814
2459356 zr 6.348073369934503 31.523687132032915
2459361 zr 7.4524646870817834 27.88290251869621
2459364 zr 3.651152431374465 24.964881004006767
2459366 zr 3.055506240060381 24.5769609212482
2459369 zr 3.541848369502025 23.46441467449971
2459371 zr 2.8060448879240716 26.346450982134662
2459373 zr 3.3592728600588067 33.30320802076344
2459375 zr 3.2979592204055925 32.44014299964436
2459377 zr 3.3438384032644954 27.666219275529684
2459379 zr 3.2979592204055925 28.82787547137889
2459383 zr 6.489958767439913 27.618006915055382
2459387 zr 8.908496828240974 22.764318817230134
2459393 zr 3.4996931270746727 21.6347447869677
2459400 zr 3.694819168037485 23.07915906432542
2459402 zr 4.092813088078435 30.20536124864307
2459404 zr 4.655586863052691 32.2978761092303
2459406 zr 4.591709816603026 57.322915898919376
2459410 zr 6.077334917396218 27.530102648886768
2459415 zr 7.558987423560012 34.79861457070085
2459423 zr 5.51981611130438 14.533420796868272
2459426 zr 5.47424978219119 32.44135805811067
2459427 zr 4.352620972544512 21.165762797013965
2459637 zr 4.029228633645703 12.767119995855115
2459641 zr 3.2228885033747616 13.607527841937035
2459675 zr 3.548378708125416 6.7042724774238405
2459679 zr 3.9996492880853403 11.808491062198847
2459682 zr 6.139219632117652 9.760160160081274
2459684 zr 7.955214738929685 9.724522010504195
2459688 zr 8.253761345573821 8.732789359377914
2459697 zr 4.891651739123989 13.670724301458229
2459699 zr 3.6010567419771493 7.056216641126275
2459699 zr 3.6578843010806272 15.440303847614516
2459700 zr 3.815866638016552 9.718475710862315
2459702 zr 3.577914552938089 9.304672994206037
2459707 zr 4.458352818377888 3.7242083104067207
2459707 zr 4.449906136229722 7.130546028948968
2459709 zr 4.780304151425177 4.92098016560408
2459709 zr 5.861783376601132 12.940934751909792
2459710 zr 5.966411054197264 5.023512756111118
2459710 zr 6.547496529674267 17.9254818421878
2459711 zr 7.816695308309755 23.527045716038877
2459712 zr 8.036221660772545 -1.6482381654967533
2459712 zr 7.896813971148786 -5.626179409351456
2459719 zr 4.206790168891572 9.526819274336347
2459719 zr 3.822902202131173 8.026556440698965
2459721 zr 3.2557067597850544 12.174204095186283
2459723 zr 4.296856503080884 9.441062623819567
2459726 zr 3.5516483912060233 11.97319650452006
2459730 zr 3.2228885033747616 10.806833781667155
2459735 zr 3.2979592204055925 8.28476636874638
2459737 zr 3.035870031001736 7.617046941443954
2459743 zr 7.853294922758273 2.5613232165616866
2459747 zr 3.279784289676929 4.985637786215511
2459749 zr 4.5370590748768445 5.524069759407814
2459751 zr 3.7427704157744968 9.211823043866309
2459752 zr 3.8264248471691884 15.419273657198694
2459753 zr 3.3592728600588067 8.209662286552678
2459755 zr 3.9083476541548774 14.84616926117824
2459756 zr 3.216957187975907 10.018567077042256
2459759 zr 3.337684494995018 13.96778070955957
2459759 zr 3.2979592204055925 7.562898772399793
2459760 zr 3.5647572800704443 13.555063170130527
2459761 zr 3.279784289676929 6.5691335488282645
2459765 zr 3.9011548385793877 10.9434377478747
2459765 zr 3.2767648874110544 9.633515986840225
2459772 zr 7.321889724587326 12.866279322806951
2459772 zr 7.886124385234207 10.79828138670372
2459774 zr 7.276121237628502 10.884750586651707
2459775 zr 3.6043749656703077 8.586126278953962
2459775 zr 8.084694669472029 2.8950602761688184
2459776 zr 5.943328906257889 -5.6755244557668085
2459777 zr 3.756584722828909 9.474338616609488
2459778 zr 4.237901421689734 8.81428597968223
2459778 zr 4.784709002454272 11.220046670743391
2459779 zr 4.0441002381937725 10.277957842124497
2459779 zr 3.9736827220426125 6.822352150378179
2459782 zr 7.1624229041372605 14.394715242780464
2459785 zr 3.28583144353244 12.303301861850235
2459787 zr 4.61715478507414 6.957314924713131
2459789 zr 5.2063327868803535 8.726605423796844
2459791 zr 6.499286668272987 14.239304634291237
2459798 zr 7.7994436154831845 11.726552789214043
2459924 zr 8.394019490568517 -0.48565019899633644
2459924 zr 9.45552235105751 11.053745233567163
2459924 zr 9.35159145728135 -7.723248220353138
2459924 zr 10.155136975194079 19.271861371571006
2459924 zr 14.497394464929771 6.764564151200844
2459933 zr 6.342229270010756 -0.3084635967074698
2459933 zr 6.144876667121664 3.2833745986793215
2459935 zr 5.439069519178486 4.636384254348801
2459935 zr 5.476728647061698 8.583414876345646
2459935 zr 5.917158063837067 -5.2268092468397285
2459952 zr 7.628929873045311 8.626358036217216
2459970 zr 4.074008320080508 5.453065709131416
2459977 zr 6.483984046398165 8.056070201654583
2459996 zr 3.7808825623973705 7.77115390157141
2460016 zr 6.681520064280219 9.60927114377284
2460032 zr 4.040377199010652 -1.2074444059293676
2460045 zr 3.2647150496888466 4.057389530218073
2460049 zr 3.2888592002518804 6.621232206153289
2460055 zr 3.631031065982972 6.554415182607714
2460057 zr 6.712212435971922 2.197082728265049
2460059 zr 3.7808825623973705 1.4956107286973823
2460061 zr 3.8939752604639475 1.6609390702325504
2460063 zr 4.142112704265649 2.692170180099154
