jd filt fluxerr adjflux
2458207 zg 9.114407188137397 -1.868063746948195
2458207 zg 8.282154374980221 6.160163843612295
2458223 zg 2.5636788632411616 -2.8659599851747686
2458229 zg 2.895881896769541 -0.18019735878277743
2458243 zg 2.4947278978259124 -2.3683905071544586
2458246 zg 2.693096448991183 -1.2808439059179761
2458249 zg 2.624358634076018 2.3231022793852674
2458267 zg 9.94324188942209 17.504985067948226
2458270 zg 6.03705022634209 -2.8659599851747686
2458274 zg 2.120865710648021 3.2902581482142637
2458277 zg 2.4361270094189194 -1.4490075020328135
2458280 zg 2.3124145486833863 0.33225527781677044
2458283 zg 2.343473032706949 -1.784406812850321
2458286 zg 2.60029836949766 1.4523322677591608
2458289 zg 5.883162464227624 1.27913860935422
2458293 zg 6.636416717601518 4.7146380639365475
2458299 zg 4.949142088941017 -0.009694374015538187
2458302 zg 2.88148172025341 2.1483060797897053
2458305 zg 3.7559036492418314 -2.035146639811458
2458338 zg 4.258649848190501 -0.18019735878277743
2458472 zg 10.370038587437051 6.982682356750516
2458472 zg 10.430662625335856 -4.1794471743282315
2458472 zg 3.741620708964579 -4.342276260675476
2458488 zg 2.620979491855495 -0.8590771773689028
2458492 zg 3.216654601876806 4.356572821507086
2458495 zg 2.6089371849602085 -1.2808439059179761
2458502 zg 8.382631449929763 -12.112891827199746
2458539 zg 9.576499278405407 -1.4490075020328135
2458543 zg 2.5030159828362257 -4.990601454224802
2458547 zg 2.7105155757480803 -0.6898258879419075
2458568 zg 4.16362976954477 -4.016317869292521
2458581 zg 2.851047347407604 -6.669900314588219
2458584 zg 3.7436738769082463 -9.70372083082897
2458587 zg 6.274958264912623 7.534828104588101
2458597 zg 3.1014870581850835 3.555732960149527
2458600 zg 2.8221548917454036 -2.5345526124030897
2458606 zg 2.421395288854608 4.7146380639365475
2458617 zg 5.866468345617921 2.4106211982858383
2458634 zg 2.5224535850882224 -1.3649644250714346
2458634 zg 2.535500046067512 -3.852887792035787
2458635 zg 2.117590293553188 -0.6898258879419075
2458637 zg 2.371919397934124 -3.852887792035787
2458640 zg 2.7388608824915424 -7.693306118235029
2458643 zg 3.6432232570299896 3.8219423204469365
2458649 zg 9.686880367325276 -3.525123101621986
2458652 zg 5.54428905591892 -1.4490075020328135
2458658 zg 2.400490142170105 -2.78322257086721
2458667 zg 2.743164850141542 0.41793971418509557
2458679 zg 7.2932458683806844 0.503703105190354
2458683 zg 4.789218135959626 1.8867147643200326
2458686 zg 4.439947128847724 -1.700672792374192
2458692 zg 4.083755765455937 3.7331241251861655
2458831 zg 7.4890293777735275 -7.0649687359775015
2458872 zg 3.056930221973996 -5.312977056027847
2458882 zg 2.6028665801492727 -4.342276260675476
2458884 zg 5.536244802647651 -0.18019735878277743
2458887 zg 6.679341501843375 5.344435257623232
2458896 zg 3.484613424609294 -6.669900314588219
2458911 zg 3.0739985124824556 -2.45150982001482
2458915 zg 5.217874369920417 -1.2808439059179761
2458937 zg 2.0666897089343665 -6.352533022796223
2458944 zg 8.27822304243672 -1.868063746948195
2458956 zg 6.887980922413052 -8.62717388467199
2458963 zg 2.6906171574274373 -1.3649644250714246
2458963 zg 2.6919291341870437 1.625845254695686
2458966 zg 6.957056561559053 -13.14478080451638
2458972 zg 4.870280116430036 -3.0312063772344513
2458986 zg 2.5684056864566096 -2.7004089173731085
2458992 zg 2.4892219547538557 -5.473720024163881
2458995 zg 2.6807227947759844 -1.7006727895217781
2458998 zg 2.8746226684866723 -0.8590771692482092
2459012 zg 2.395648979078451 -5.954175351714194
2459018 zg 2.2462596728567545 -5.553975653148905
2459024 zg 2.127452931010304 -10.160838145347691
2459027 zg 4.364206306818486 -1.5329103795014727
2459033 zg 6.609854747878794 -2.948313134939055
2459039 zg 4.196352218094699 -1.531592419183103
2459043 zg 3.5211602106928512 0.5931158428145051
2459217 zg 13.638745768611638 68.35138538283391
2459218 zg 6.2373479089490145 82.04529110910715
2459225 zg 3.1223783398767333 69.24307515851312
2459227 zg 3.8535390174904776 69.54611486157937
2459227 zg 3.22318909962857 63.94564968352741
2459231 zg 3.1957039242478316 64.76400476344222
2459250 zg 4.0538913521404885 50.25543383868958
2459252 zg 2.6072390128889786 46.08950285523475
2459255 zg 3.901214115059822 51.312611127403535
2459256 zg 2.549550524278791 49.95058813217081
2459265 zg 3.0803809555863833 48.9695783302845
2459269 zg 4.138088617457426 49.7499061107965
2459290 zg 2.440187418889943 33.60317869189962
2459292 zg 2.4686733160784105 31.00067422357172
2459300 zg 11.53346808420671 49.62975904711478
2459305 zg 6.506736090157227 34.19900455514763
2459306 zg 4.416437664918041 33.70067931658004
2459308 zg 2.6682295137140777 35.605550538307156
2459309 zg 2.612473580890837 27.363022695375854
2459316 zg 2.085766525118195 20.476085718163457
2459319 zg 3.0787184427039507 31.242628451781325
2459324 zg 3.198648632214842 23.401271204097878
2459328 zg 8.840807525514919 41.14534318321492
2459334 zg 3.029469161605487 16.121224249608964
2459336 zg 2.4718560949810917 20.758196478502256
2459338 zg 3.0130367563375056 21.69561050633122
2459340 zg 2.4686733160784105 16.82167144651775
2459342 zg 2.328215539964272 14.16467898189466
2459344 zg 2.2547579498424986 13.873331284528184
2459346 zg 2.4316436282441227 20.057926186289524
2459348 zg 2.3784823162623185 17.63842073165727
2459356 zg 8.409784699689292 25.137283400779335
2459362 zg 4.534088115416711 13.721996658438556
2459366 zg 2.7150688429555783 11.791639191368215
2459368 zg 2.5647905642336313 11.76025748465408
2459370 zg 2.8314954547830893 17.553695071987622
2459374 zg 2.466400630698537 10.108443879110574
2459376 zg 2.971006849222344 10.58335770708251
2459378 zg 2.6476685867217196 15.814801260312926
2459382 zg 7.022503035279399 8.135885787999515
2459387 zg 14.307499292790562 3.9202500802226723
2459391 zg 7.1184362676213535 8.991487154556658
2459399 zg 3.697087766951663 7.3645022632422705
2459401 zg 3.4814054545903126 5.756205097258128
2459405 zg 4.091401546989088 6.460945728253721
2459407 zg 5.445693312302418 17.664517444678346
2459409 zg 5.040014245257581 8.595193040668338
2459419 zg 10.850388320031957 8.41012845968081
2459600 zg 6.533043068115965 2.3848795222659134
2459673 zg 2.866061633946313 -9.942694139705585
2459675 zg 2.6366465013131646 -2.38867937395308
2459677 zg 4.0148741205707354 -4.682239707734852
2459679 zg 3.947691134367161 -2.584979419216595
2459682 zg 7.459599672621295 14.665136557302903
2459684 zg 12.102853899075281 20.3943902539401
2459687 zg 11.138453797421937 17.01030990539351
2459694 zg 3.8527460558631406 5.29274214085971
2459696 zg 3.1619224879511414 -10.262660004531549
2459699 zg 3.082504029658123 -1.5667442049739737
2459701 zg 2.7974992147203914 -5.25168392657567
2459711 zg 7.447055681894865 -0.21113830322022176
2459715 zg 9.709721653874343 0.36106548644414793
2459722 zg 3.180427687245145 -1.279736681016026
2459724 zg 3.3679868294684465 -7.120339908500386
2459726 zg 2.623394615212964 -0.2896087712804316
2459730 zg 2.8299635770153033 -1.8193253550828132
2459732 zg 2.7680940765394215 -3.80425479123291
2459734 zg 2.968960568812697 -2.666113241442223
2459736 zg 3.4478726731157767 -3.0863839663520407
2459738 zg 5.3458317444555306 -2.9307358579696143
2459742 zg 13.118621361726733 3.350619817820316
2459753 zg 3.2128135706615746 -0.48892840527772824
2459756 zg 3.441612102632315 1.1206769565201722
2459758 zg 3.357081774475759 -1.180876804639678
2459760 zg 3.1281352740372452 -2.933381497253814
2459762 zg 3.008638255053405 1.0137575481957037
2459764 zg 3.038116544423913 -0.696425076198672
2459770 zg 6.1706888572810294 -1.8062912443936625
2459770 zg 8.326985160166984 -15.070593574593701
2459935 zg 4.388390564167874 -0.9680433486207145
2459938 zg 3.5996457312745984 -7.635104974196944
2460036 zg 5.025206820864791 -0.15835382345943516
2460045 zg 3.7420918467388686 -2.3484270190258827
2460051 zg 2.516609715102715 -9.837582290724313
2460055 zg 3.021373597028183 -1.5149094970423596
2460057 zg 2.8626613423342877 -3.8351817664263925
2460059 zg 2.962808984907509 -5.6969245506643595
2460061 zg 3.4085254102030538 2.2526756936926513
2460063 zg 5.115992775275967 3.130356928496157
2460065 zg 6.189061369058443 -0.5887385350969756
2458218 zr 3.6586530194412075 2.0134140388766184
2458219 zr 7.916889903059834 8.210517939244994
2458219 zr 4.190269324458106 -5.164170186059579
2458219 zr 3.9339584166374197 -1.4391207615038866
2458231 zr 4.119360164906162 7.312939695923319
2458243 zr 4.2368387707436215 -3.1416848313507444
2458246 zr 4.492367502347522 0.45190075993798473
2458256 zr 3.389471016594897 -3.1416848313507444
2458256 zr 3.5361601414630783 4.8215998543327885
2458270 zr 5.691357530733488 0.1066521123683799
2458274 zr 3.506882571229512 -5.833379791399892
2458277 zr 3.46833647864318 -7.82627923296846
2458283 zr 3.50696898118641 3.236904875769028
2458286 zr 3.7603629493986412 -9.633854838158044
2458289 zr 5.815983739777311 23.34221570257182
2458293 zr 8.253910599966284 7.671475049536582
2458296 zr 7.077596274503319 0.27919693971989545
2458305 zr 5.021848685839838 -11.26128913440101
2458450 zr 8.798320676764355 16.102730386752768
2458450 zr 10.29659470685577 -6.8325827975052675
2458450 zr 7.8082661013887735 5.530136253500956
2458450 zr 8.911343127512447 14.424909170603257
2458451 zr 7.12993853025157 1.6652916251975398
2458451 zr 7.725283797513462 -0.7536922496388172
2458451 zr 7.378395321777541 13.129518630675278
2458451 zr 8.44251679520437 -3.818331839482653
2458457 zr 7.077596274503319 0.27919693971989545
2458469 zr 3.9886852296433224 1.1443089016063652
2458477 zr 5.699698816127066 6.24128781157205
2458539 zr 5.580227528690866 2.187715867867439
2458557 zr 4.315607484453244 0.27919693971989545
2458560 zr 5.066405270852368 2.53680150945857
2458573 zr 4.067365219913876 -3.1416848313507444
2458581 zr 5.722896199053463 1.1443089016063652
2458584 zr 3.963813118449348 -7.82627923296846
2458587 zr 4.82458497817223 -0.0657338684861486
2458594 zr 11.4397171246634 3.939592275241523
2458597 zr 4.177468373517865 1.839272673894925
2458606 zr 3.75253377435311 -1.9515375164470754
2458617 zr 5.647443663286203 4.468309332681571
2458634 zr 3.0646044935659758 -2.292362942286701
2458634 zr 3.4051161039621958 -2.292362942286701
2458637 zr 3.2980370478171017 1.3178098864384822
2458640 zr 3.5263159675069033 -4.828639699982006
2458643 zr 3.784685226787575 -8.48569931018693
2458649 zr 8.927773556525986 14.796557329763829
2458652 zr 7.641872489491314 -10.612113567486574
2458655 zr 5.331674438680397 -0.41002987551587466
2458658 zr 4.117578974430125 -8.321071976536444
2458661 zr 3.28497390969019 -8.814499444296757
2458667 zr 3.4907699094175104 -6.66643218589104
2458670 zr 4.521324658194226 -5.331703795116425
2458676 zr 7.666027706056348 6.4194854500244105
2458686 zr 4.847300309673209 -5.666308455863401
2458873 zr 4.824176443328334 -12.552487294025951
2458876 zr 3.852238529301577 -12.873803023332954
2458882 zr 4.189027106828065 2.362178308729426
2458885 zr 4.584323713196161 4.291907966504908
2458888 zr 4.892151827218097 -3.9871044408002945
2458899 zr 3.0058993467681527 -5.833379791399892
2458905 zr 3.5573337257648108 -11.58498114930444
2458911 zr 4.015255361271469 -5.49908317105448
2458915 zr 5.262787915898821 -13.993758405366322
2458940 zr 5.453206042438986 -2.122028707315451
2458941 zr 4.171016785727534 -6.000297319391223
2458944 zr 6.591806187064645 11.659262840676064
2458956 zr 3.5295653206916358 -4.660642538329142
2458966 zr 5.294478434330815 4.468309332681571
2458980 zr 2.918440545727308 -0.7536922496387387
2458986 zr 3.087268729550632 -0.9252861888567355
2458992 zr 3.107237388806335 0.2791969397297284
2458995 zr 3.081587005055108 -1.2680002993960784
2458998 zr 3.240824623304959 -1.9515375163509416
2459012 zr 2.9976052039945262 -6.333671505151785
2459015 zr 3.3522154595664855 -5.164170148375547
2459021 zr 3.0477155720666786 -3.3110800997555496
2459024 zr 3.1380187187724005 -7.826278569164783
2459027 zr 4.656668012502618 7.312941347088418
2459033 zr 6.920963135321868 5.530145802928019
2459036 zr 6.821592706859185 -6.500106270330729
2459043 zr 4.347523494055835 1.6654373152095783
2459180 zr 13.248392688826124 82.5873129163512
2459182 zr 6.543414464776676 86.59887644217385
2459182 zr 10.926520953652151 74.61818673474149
2459184 zr 12.95462330457683 80.41640915115266
2459184 zr 11.913364383640765 67.39061584534653
2459184 zr 12.324243705000749 76.20408278409019
2459185 zr 9.242251844394247 76.32885790028233
2459185 zr 8.840400353657696 78.96274188674768
2459185 zr 9.362175642617043 65.32664258811813
2459185 zr 13.061487950515456 71.16900882131499
2459186 zr 12.079095791003216 68.40694314140134
2459186 zr 10.309361391500167 69.7540216219191
2459186 zr 8.122655027651506 66.23900006136816
2459186 zr 8.17227864950927 71.11106240087912
2459186 zr 8.807891036290988 77.51909434035849
2459189 zr 6.34752514134853 75.52593423794156
2459189 zr 6.578148191982994 77.11941080667066
2459189 zr 7.834292583091263 65.06696509000139
2459189 zr 9.180999335245886 62.09133180775726
2459190 zr 5.556686162108131 66.20105220208573
2459190 zr 5.523977580100151 70.80443280703962
2459190 zr 7.789073207122968 89.64531730936669
2459190 zr 5.20263290823042 71.66954476892609
2459190 zr 5.117995819853121 74.9935452000013
2459201 zr 8.984735004695043 63.630814449722045
2459216 zr 7.220289405577911 45.3999224309886
2459218 zr 4.865191360265185 48.30534442908595
2459224 zr 4.730153962785211 60.579415621455716
2459227 zr 4.077836087919821 54.06695894868082
2459228 zr 4.508948520466364 49.37379608686541
2459232 zr 3.0589644797072792 43.70582082094668
2459250 zr 5.0710737521381075 41.41665570044922
2459256 zr 3.257856303002055 26.164434460684262
2459260 zr 6.000734744495435 28.85473449669852
2459265 zr 5.25368007572209 30.17207771654204
2459269 zr 4.798438432299753 24.5118541821384
2459273 zr 13.459259964179749 11.575107182073545
2459278 zr 4.8334803825876325 29.53185961979706
2459290 zr 3.2229645592180995 22.972651148253842
2459292 zr 3.324542770873819 18.764611022377352
2459295 zr 3.745627714358415 22.38707935265648
2459297 zr 5.028323189349727 19.026586409394355
2459307 zr 3.4051161039621958 19.596338795880193
2459307 zr 3.949236758387035 13.403002427979963
2459308 zr 3.59518483923096 20.40290521743009
2459309 zr 3.742179451970092 18.992736038303196
2459309 zr 3.572080385971452 18.992736038303196
2459311 zr 3.3552217133724374 7.355925855381077
2459313 zr 3.6485577411229198 22.10547372840635
2459316 zr 3.3645882552570328 15.512276549316798
2459319 zr 3.6908348250287606 14.41705470302211
2459322 zr 3.370791767757536 14.684058511258076
2459324 zr 4.307665159082348 18.40099366897737
2459328 zr 6.565767888046378 18.19453755363632
2459334 zr 5.363190010052586 23.664450245490514
2459338 zr 3.859341154662667 3.501714371533872
2459340 zr 3.030919724786253 11.412123508346848
2459342 zr 3.2111125645656258 11.775303693044787
2459344 zr 2.9948455786211055 8.619149270219546
2459346 zr 3.455667309498094 15.271796745603808
2459348 zr 3.0477155720666786 11.215362023012307
2459350 zr 3.7396397289000047 3.6266859848770636
2459354 zr 4.791436016761293 19.210624489618766
2459354 zr 4.840226589443819 21.172613053037338
2459355 zr 6.036926228912652 25.020606514454933
2459356 zr 7.064570860895051 13.3438625507452
2459362 zr 4.373964731834143 8.136191743015956
2459364 zr 3.6384903185875612 13.349585296559102
2459366 zr 3.2081563821776604 8.31517276139889
2459368 zr 2.921129767047538 11.311304918587966
2459372 zr 3.678927451939049 14.48854145406011
2459376 zr 3.2229645592180995 8.006715763689186
2459378 zr 3.4461321272658787 10.695719331037347
2459380 zr 5.392910137447601 18.579033607370537
2459387 zr 8.296060934389292 2.836647228679734
2459391 zr 6.557856668032776 0.30688842088764723
2459393 zr 3.132243595391911 1.1061756610946922
2459396 zr 3.4208334057716696 7.549600527554611
2459403 zr 4.177468373517865 10.220300852670098
2459405 zr 4.467511643865287 0.7194156494767796
2459407 zr 3.844410590430475 2.386094907541814
2459415 zr 5.904321170780462 3.446200731657785
2459600 zr 5.678738982828199 6.698928095162695
2459670 zr 2.883705131931984 -2.3917283593393854
2459673 zr 3.618438733629173 0.4975174275547283
2459675 zr 3.2259343867239796 -2.2503271829812594
2459677 zr 4.112568745383409 -0.5555562601517204
2459679 zr 4.559059675542333 3.7673549698756874
2459690 zr 4.307665159082348 0.40946143288585324
2459699 zr 3.315369399041431 -6.73012947677943
2459699 zr 3.2738255209025846 0.3685619365320836
2459702 zr 3.545857053985835 -3.3968714152638557
2459709 zr 4.276041757214587 -1.046153666627341
2459709 zr 5.080423624106306 3.4546042477451158
2459719 zr 3.3522154595664855 -4.808598854558393
2459724 zr 3.140910272226913 -7.3228143581694605
2459726 zr 3.4429595835146496 0.09357136294688717
2459730 zr 3.1787438276732463 -5.18055023476288
2459732 zr 3.7224576450900617 -11.11098411313092
2459734 zr 3.9521167436525513 -0.27589711254638344
2459736 zr 3.3645882552570328 -4.192507552116584
2459738 zr 5.169198190898817 0.22830909186715986
2459742 zr 9.134931027011756 3.870438347054737
2459750 zr 3.1438044901274242 -7.2348643414950145
2459753 zr 3.217033103848161 -3.0579952392937146
2459756 zr 3.0730840182146673 -1.5352838993938027
2459760 zr 3.8612205576226004 3.648309103662556
2459762 zr 4.15062187546697 0.8560661044916379
2459772 zr 8.747929463668285 -4.283199521497717
2459772 zr 7.409184073621638 0.14355718431059905
2459774 zr 7.059304579107753 4.673456144967917
2459774 zr 7.97102998273479 5.380688573225159
2459776 zr 3.6117794584609144 -0.20894524227968825
2459778 zr 4.190269324458106 -4.967067295339094
2459910 zr 8.40897703300354 3.114290293099529
2459910 zr 11.707978140921506 11.52889455091001
2459914 zr 6.475952475989211 2.9371193642621227
2459914 zr 8.119759505564078 -3.429731361718745
2459936 zr 3.6653987184745564 2.4027765960020444
2459957 zr 6.410405842561644 -3.954196108723738
2460030 zr 3.2438109081154822 -1.7650304039755407
2460036 zr 4.869226313342535 1.6802269004319084
2460043 zr 5.626675990894035 3.77760320961082
2460045 zr 2.846759969974143 -5.318053981319127
2460051 zr 3.0477155720666786 -3.2982254501571195
2460055 zr 3.2919674311030316 0.9833185057919657
2460057 zr 3.9448433766480298 -0.9131798900434468
2460059 zr 3.8408713875370846 -5.82151321336355
2460061 zr 3.673876979383298 -5.821748187351979
2460063 zr 4.29450557288426 7.145320817400726
