jd filt fluxerr adjflux
2458203 zg 4.964154404084872 -3.4824386156871014
2458203 zg 5.2581135992993095 -10.299220648478581
2458206 zg 6.994786030796536 3.836718524477078
2458206 zg 7.527582603090599 12.0767333531914
2458233 zg 5.932283692476461 -15.523579177024885
2458236 zg 12.091039021552744 5.393982244616268
2458236 zg 15.159531705078722 -16.63434708009197
2458236 zg 15.155369733392497 3.836718524477078
2458267 zg 12.338535721914864 14.062244442723625
2458270 zg 6.860794861097666 -4.245451701075865
2458279 zg 3.5038413887634996 4.614633238302645
2458282 zg 4.1275715857018955 -10.674627283603002
2458288 zg 4.637492016580419 1.5115537658665517
2458294 zg 8.209649384104303 -12.919820554631201
2458300 zg 3.9291800377383455 8.525774157897729
2458305 zg 5.014703745746246 0.7393498741930671
2458308 zg 17.477203105615395 -38.56688464708873
2458332 zg 4.578077865066281 -3.864120848623827
2458336 zg 4.633222694982976 1.1252740135250292
2458349 zg 10.93100166068857 5.784195433669197
2458487 zg 4.923175087240988 -6.904956149814723
2458488 zg 4.785013583676232 14.859012630748225
2458493 zg 5.786196629707207 0.7393498741930671
2458494 zg 4.266724622651448 3.0602354635038296
2458495 zg 4.258872259955529 2.2851814206082963
2458502 zg 14.20704162864348 -1.1849480751288297
2458544 zg 9.410869799816656 26.16925717352086
2458544 zg 9.773850528996235 -25.049032513771465
2458558 zg 5.370688507394761 -1.56874540086784
2458568 zg 5.796865020725524 1.5115537658665517
2458568 zg 5.717329050914722 -4.245451701075865
2458573 zg 4.689031767045877 6.174768187912264
2458574 zg 4.22760705618359 -0.800797096149438
2458581 zg 4.641765272179773 1.8981894589003332
2458581 zg 4.637492016580419 1.5115537658665517
2458582 zg 11.414580632051567 24.535595328972704
2458584 zg 5.420382876307038 2.2851814206082963
2458584 zg 5.262958731819177 -9.923468091787868
2458585 zg 5.005474822835418 -0.03143287466906486
2458588 zg 7.672412153421087 -1.56874540086784
2458588 zg 14.808247109651354 16.456958877013733
2458597 zg 5.023949684628787 1.5115537658665517
2458597 zg 4.599209312369588 -1.9521893989456203
2458598 zg 4.196571376310757 -3.864120848623827
2458606 zg 3.9291800377383455 8.525774157897729
2458617 zg 6.943435955648648 0.7393498741930671
2458633 zg 4.181139080796213 -5.387339208866251
2458633 zg 4.196571376310757 -3.864120848623827
2458634 zg 3.811552700609815 -4.245451701075865
2458635 zg 3.8645766804836827 1.5115537658665517
2458636 zg 3.965536293002308 12.473104418849005
2458639 zg 4.310172127134355 7.34864715654777
2458642 zg 4.208182966158689 -2.7180187129237083
2458645 zg 6.2635696574624316 6.956993717569105
2458649 zg 9.996361141249762 16.056920235040593
2458652 zg 7.001231434576307 4.225496759920588
2458661 zg 4.2120606313619655 -2.3352803946392555
2458665 zg 4.239304519367877 0.35378102048741766
2458668 zg 3.494173280360012 3.448298202170122
2458677 zg 7.764829511911139 3.448298202170122
2458678 zg 9.209624804387662 -18.110604746158174
2458679 zg 13.08133016879861 25.760277292461183
2458680 zg 8.847687296104851 -0.41629213805458676
2458680 zg 9.130891257133865 -5.0070605581580026
2458683 zg 4.702005956873842 7.34864715654777
2458683 zg 5.855893746797449 5.784195433669197
2458686 zg 5.592808698995958 15.65724987264872
2458690 zg 4.723709430258533 9.312334391778109
2458716 zg 5.861289708807346 6.174768187912264
2458720 zg 6.797525576049838 16.056920235040593
2458726 zg 8.228510424529224 7.34864715654777
2458853 zg 4.671788518351333 4.614633238302645
2458874 zg 3.7975362566200763 -5.7672677712382665
2458882 zg 4.208182966158689 -2.7180187129237083
2458887 zg 8.041206659872845 -2.3352803946392555
2458891 zg 8.662231077066101 -9.170923938399085
2458896 zg 5.028579044861421 1.8981894589003332
2458900 zg 4.1888481217207705 -4.626431496525015
2458904 zg 3.9219488828168108 7.740661487845159
2458909 zg 33.83321910518244 -14.40973786470056
2458911 zg 4.565445628566932 -5.0070605581580026
2458913 zg 4.235401773168431 -0.03143287466906486
2458914 zg 9.430032090572029 8.525774157897729
2458914 zg 4.2120606313619655 -2.3352803946392555
2458939 zg 15.028085353168251 22.90794104395235
2458939 zg 12.875996382014893 -6.904956149814723
2458940 zg 5.516072486879491 9.706158179016711
2458941 zg 4.603447292052652 -1.56874540086784
2458943 zg 6.183322688773892 1.5115537658665517
2458943 zg 5.931891352905853 11.285085595458725
2458944 zg 9.179726983980801 15.257947450793665
2458955 zg 4.314143771098491 7.74066148784516
2458963 zg 3.8645766804836827 1.5115537658665752
2458963 zg 4.184991826186354 -5.0070605581579795
2458963 zg 4.278530321129965 4.2254967599206115
2458964 zg 4.25103434853205 1.5115537658665876
2458965 zg 3.8397409807144545 -1.1849480751287746
2458966 zg 4.25103434853205 1.5115537658666356
2458969 zg 12.954357224301052 8.133037044011482
2458972 zg 5.888344192864115 8.133037044012186
2458980 zg 7.562328345689755 14.062244442747113
2458992 zg 4.247120803734394 1.1252740155162537
2458995 zg 4.27459146326455 3.8367185301886817
2458998 zg 3.88957301920906 4.225496775939177
2459001 zg 8.100874883084467 21.691129542309188
2459012 zg 3.4813239541348295 1.8981909226399656
2459016 zg 3.380215885263842 -10.299215788691857
2459019 zg 3.8967444806229725 5.004139933190564
2459022 zg 3.9039291645316325 5.784222709324386
2459025 zg 3.9545942352705694 11.285148069089056
2459028 zg 5.460469235539949 5.394122153943898
2459033 zg 8.19825124551643 5.784705603949532
2459040 zg 3.8468205635238486 -0.4134819840885731
2459043 zg 4.565445628566932 -5.001436861173704
2459218 zg 8.904914725361563 30.628661906868096
2459229 zg 3.9003351682428207 27.709149733881944
2459232 zg 3.871702054505027 23.191453478824254
2459253 zg 3.452585469039489 11.675027514343109
2459255 zg 5.010087159252946 13.034076004088936
2459257 zg 3.8645766804836827 13.652344906016426
2459269 zg 5.0797844142997 15.527807834335261
2459279 zg 5.802206590224716 9.423785999526315
2459290 zg 3.452585469039489 4.356248438266268
2459295 zg 6.53357454137464 4.513942386178618
2459302 zg 14.046559827544264 22.223792910040196
2459305 zg 7.020603302837077 9.670301663173712
2459307 zg 4.310172127134355 11.443023586781816
2459311 zg 3.565697022516599 15.830117634760546
2459313 zg 5.888344192864115 11.726727466054488
2459317 zg 3.8645766804836827 4.805950696085269
2459320 zg 3.9436823698302517 13.186746003510908
2459322 zg 4.282472808488722 7.5697184098431
2459324 zg 4.208182966158689 0.111337537496631
2459334 zg 4.239304519367877 2.6303236649425807
2459339 zg 3.9003351682428207 7.43604868454654
2459343 zg 3.8432791419850822 1.0711998264969758
2459345 zg 4.27459146326455 5.629068283078531
2459348 zg 3.9436823698302517 11.779532419780928
2459349 zg 3.9255627952427434 9.77611445167993
2459352 zg 5.042492735860802 4.599575166598359
2459352 zg 4.959584353821804 -2.3247811455292977
2459356 zg 7.764829511911139 4.859437002922756
2459356 zg 7.817277517100304 30.04220144208247
2459363 zg 5.075107913891122 6.996136335354973
2459363 zg 4.658897707146683 4.660239103855898
2459366 zg 3.91473103591402 8.092417246041855
2459373 zg 4.200438341917969 -2.50729271639032
2459375 zg 4.9824767550670535 -1.018532673305846
2459377 zg 4.25103434853205 2.4054865424500496
2459383 zg 8.123089226314605 2.6828065335387423
2459387 zg 14.294533055718839 26.070945695546694
2459391 zg 4.996262884580607 -0.14142846857136593
2459393 zg 7.337944692033149 25.166910042245956
2459397 zg 5.490728435943535 8.319398387565858
2459402 zg 4.286418928685269 5.5232572431679
2459408 zg 4.987067899723707 -1.1130987890924646
2459410 zg 6.126633645617405 -1.8990200115459763
2459415 zg 14.627495503842704 36.071840523628076
2459423 zg 5.1267870807793265 10.429204348752958
2459427 zg 9.206894584105305 -1.2672743312805275
2459430 zg 5.425377533202191 2.95496730364775
2459435 zg 5.0797844142997 6.428115421656684
2459600 zg 7.410636819661359 5.4009955175805615
2459641 zg 3.465328723501443 -0.02855658790685146
2459675 zg 3.9255627952427434 8.134410554288097
2459679 zg 4.991663274928791 -1.1836889549742065
2459682 zg 7.046515864645235 6.958173341630596
2459695 zg 3.8967444806229725 5.0050175076910355
2459697 zg 3.88957301920906 4.226348144650718
2459699 zg 4.9458994309475095 -5.006245396980618
2459699 zg 4.763028443291967 12.870655885101812
2459700 zg 4.2237150787859 -1.1841504436164128
2459701 zg 4.557043507944091 -5.766487292423461
2459701 zg 4.231502619876233 -0.41551165923978134
2459711 zg 7.679481961428909 -1.1843200901217332
2459712 zg 9.037114086798194 8.526388638377028
2459712 zg 8.82113786644083 17.25875683791034
2459715 zg 14.302252126428243 13.26751828946939
2459717 zg 8.50591862723869 21.6916806894485
2459723 zg 4.278530321129965 4.225980547888022
2459726 zg 3.8503652483349375 -0.030979631247498425
2459730 zg 4.2706562315511265 3.4487136980980657
2459731 zg 4.306204139505422 6.957400278448847
2459737 zg 4.693352514377073 6.566057682737463
2459743 zg 10.319894960465929 12.870153930863168
2459747 zg 4.646042465406032 2.285468542718533
2459749 zg 4.706338659380173 7.740936393876653
2459749 zg 4.654608679256125 3.0605103695353226
2459751 zg 4.519424909773618 -9.17066072869333
2459751 zg 4.318119074767017 8.133300253716945
2459754 zg 4.306204139505422 6.957240309207709
2459755 zg 4.9824767550670535 -1.9519481101464167
2459759 zg 4.22760705618359 -0.8005759026168742
2459759 zg 4.258872259955529 2.2854026141408603
2459760 zg 4.306204139505422 6.95721015443682
2459761 zg 4.426848038471266 18.865155408279882
2459763 zg 4.282472808488722 4.614836010163624
2459766 zg 4.2237150787859 -1.184758105517648
2459770 zg 7.486098375050737 9.70633232737965
2459782 zg 5.061104228213944 4.614767398961875
2459785 zg 4.815963369443748 17.659413565784895
2459787 zg 5.981266979595289 14.859132973312613
2459951 zg 18.552386651165378 10.494898169088039
2459978 zg 5.093839786613329 7.348649049558359
2459993 zg 4.927711587882466 -6.526074553597847
2460016 zg 7.383385254729678 3.836719353159328
2460043 zg 8.138066299803286 2.6725304400419354
2460045 zg 4.548656850353046 -6.526075478706376
2460049 zg 4.282472808488722 4.614633642719224
2460055 zg 4.2706562315511265 3.448298557132108
2460057 zg 4.32209804151218 8.525774497757277
2460061 zg 4.173444227378648 -6.146846256016449
2460063 zg 4.557043507944091 -5.767267472938873
2460065 zg 6.551652439023084 0.3537813060951766
2458217 zr 5.70952486900893 -6.957864964389842
2458218 zr 6.531183952227091 -6.1418428201327515
2458219 zr 7.07529314552613 -38.990043831468824
2458231 zr 6.51916414083491 -7.773135870489682
2458243 zr 6.549255235299449 -3.6892620328713974
2458246 zr 6.42971785556811 -19.91251965740082
2458256 zr 5.699017216404691 -8.58765623002455
2458256 zr 5.821031761593795 10.33743080124782
2458256 zr 6.585547945341569 1.2362766248185153
2458262 zr 7.98549659692817 -25.520425602888054
2458270 zr 8.051965936206686 -18.303608786784366
2458273 zr 6.664873577639186 12.002115493675205
2458279 zr 5.767664221622549 2.059849329010717
2458282 zr 5.662392485607896 -14.268341403681916
2458288 zr 5.688528901795419 -10.214448072621849
2458336 zr 6.7389450627969305 22.054877140671124
2458468 zr 6.640364451165655 8.675809748761594
2458468 zr 6.664873577639186 12.002115493675205
2458468 zr 6.622041771503737 6.189110164120393
2458469 zr 5.7464544551929615 -1.2298951434272567
2458469 zr 6.555290101021192 -2.8702280072525355
2458469 zr 7.456661670357899 7.017246697981477
2458469 zr 7.442938635216275 5.361736021044862
2458472 zr 7.6303496330857525 27.97050330512718
2458472 zr 9.997310366458779 12.002115493675205
2458472 zr 6.677162043096589 13.669869474677967
2458472 zr 6.652607727535766 10.33743080124782
2458477 zr 8.224356529931585 0.4134621099027527
2458487 zr 6.664873577639186 12.002115493675205
2458488 zr 6.597690152917105 2.8841809211244254
2458494 zr 5.804969857001965 7.846146325144673
2458509 zr 8.635787137892265 45.08397279075871
2458509 zr 9.030142715303224 -1.2298951434272567
2458523 zr 5.778298443222078 3.709272100443627
2458527 zr 8.996935647336333 -4.507542047565266
2458560 zr 7.4841836934777355 10.33743080124782
2458561 zr 9.671262584646328 -17.498041272562887
2458573 zr 6.591616253282912 2.059849329010717
2458573 zr 6.652607727535766 10.33743080124782
2458583 zr 7.616306947392475 26.276430830768163
2458584 zr 6.513162533033933 -8.58765623002455
2458584 zr 6.585547945341569 1.2362766248185153
2458585 zr 5.929252821948926 27.123076993373502
2458586 zr 7.36791213971188 -3.6892620328713974
2458597 zr 6.555290101021192 -2.8702280072525355
2458597 zr 6.6956372363055685 16.17726774428934
2458598 zr 5.788952271834881 5.361736021044862
2458601 zr 6.640364451165655 8.675809748761594
2458606 zr 5.778298443222078 3.709272100443627
2458617 zr 7.429240855571242 3.709272100443627
2458628 zr 6.6833147696105 14.504899216444073
2458632 zr 6.585547945341569 1.2362766248185153
2458633 zr 6.6710149808443555 12.835608469659064
2458633 zr 5.788952271834881 5.361736021044862
2458634 zr 5.896576929947313 22.054877140671124
2458635 zr 4.9711077802386 7.017246697981477
2458636 zr 5.880306574459461 19.53126085246447
2458639 zr 5.772978883802467 2.8841809211244254
2458642 zr 5.853289019904752 15.34069840331074
2458645 zr 7.491080056805215 11.169389839671112
2458649 zr 12.670483509119869 24.585476080821877
2458655 zr 6.714163548951519 18.691603791836542
2458658 zr 5.778298443222078 3.709272100443627
2458661 zr 5.757049570952109 0.4134621099027527
2458668 zr 6.501175887766192 -10.214448072621849
2458677 zr 9.248996478656814 20.371691622078174
2458678 zr 7.651462222957551 30.51747032735159
2458679 zr 8.262318434848494 4.535123566890206
2458680 zr 10.006522471266534 12.835608469659064
2458682 zr 8.277552214379671 6.189110164120393
2458684 zr 7.395106594444896 -0.4085949137277112
2458685 zr 7.518729115811811 14.504899216444073
2458686 zr 7.525657311306108 15.34069840331074
2458690 zr 6.6956372363055685 16.17726774428934
2458693 zr 7.340817688725767 -6.957864964389842
2458716 zr 8.262318434848494 4.535123566890206
2458828 zr 8.179032406669394 -4.507542047565266
2458828 zr 9.27458773970896 22.89763331750828
2458874 zr 5.929252821948926 27.123076993373502
2458878 zr 6.6710149808443555 12.835608469659064
2458882 zr 5.772978883802467 2.8841809211244254
2458886 zr 6.513162533033933 -8.58765623002455
2458888 zr 7.511807298483662 13.669869474677967
2458896 zr 6.525171278867349 -6.957864964389842
2458899 zr 5.842516787709515 13.669869474677967
2458899 zr 5.831764380434287 12.002115493675205
2458900 zr 5.891148482168211 21.212896813612588
2458904 zr 5.788952271834881 5.361736021044862
2458905 zr 5.678059889592024 -11.838246012233185
2458905 zr 6.483237269472962 -12.649023990659089
2458908 zr 6.42971785556811 -19.91251965740082
2458908 zr 6.782533007187336 27.97050330512718
2458912 zr 5.751749573457142 -0.4085949137277112
2458913 zr 8.384978028428009 17.852719727909857
2458916 zr 6.720350370810813 19.53126085246447
2458916 zr 6.707982422742407 17.852719727909857
2458944 zr 9.071823960261018 2.8841809211244254
2458962 zr 6.603769649396661 3.709272100443627
2458964 zr 5.778298443222078 3.709272100443627
2458965 zr 5.8103188947699485 8.675809748761594
2458966 zr 5.788952271834881 5.361736021044862
2458966 zr 5.842516787709515 13.669869474677967
2458967 zr 5.693770644076533 -9.40142673396224
2458972 zr 6.634251265145102 7.846146325144675
2458980 zr 5.821031761593795 10.337430801247871
2458986 zr 5.70952486900893 -6.957864964389231
2458992 zr 5.7464544551929615 -1.2298951434206284
2458998 zr 5.783622904393946 4.535123566955987
2459001 zr 8.331091972048982 12.002115493875557
2459005 zr 9.9422155604772 7.017246698835601
2459012 zr 5.030986817056806 17.85271973772151
2459019 zr 5.730598330887018 -3.68926193315594
2459028 zr 6.677162043096589 13.669871116514448
2459033 zr 8.194112626276489 -2.870220875439949
2459037 zr 6.652607727535766 10.33745287888981
2459040 zr 5.858682581767372 16.17731793427017
2459043 zr 6.531183952227091 -6.141731259813801
2459193 zr 10.071245323427279 59.22166675893359
2459194 zr 8.493798011335077 69.32618191762921
2459194 zr 8.118988550163943 28.63176172969051
2459194 zr 8.300455563957069 48.334292414144414
2459194 zr 9.832935151531787 36.788254658130285
2459194 zr 12.39347765227274 44.19360623227303
2459195 zr 12.56588810051243 55.82025324492136
2459195 zr 8.300455563957069 47.48145504463221
2459195 zr 8.269931816906972 44.16738131691548
2459200 zr 8.361841457006788 50.14949327985061
2459200 zr 8.171502707518387 29.48372613105618
2459200 zr 11.492908910385923 33.578899733112614
2459217 zr 8.816467564553108 1.7337498538500746
2459219 zr 8.171502707518387 17.70559657997054
2459228 zr 5.858682581767372 35.11534242554266
2459231 zr 5.783622904393946 22.27751970779061
2459250 zr 7.525657311306108 27.079662335903116
2459253 zr 4.961959090144184 16.359546087871163
2459260 zr 8.8653240359258 -8.052694123260858
2459264 zr 5.794286550065769 14.847820013651168
2459264 zr 5.714785958198705 2.516867029398023
2459264 zr 5.751749573457142 8.250114935803063
2459264 zr 5.804969857001965 16.504856174675446
2459264 zr 5.699017216404691 0.07105361950622502
2459264 zr 5.847900423409188 23.163609065974846
2459264 zr 5.794286550065769 14.847820013651168
2459264 zr 4.989455795651824 18.996140650778592
2459264 zr 5.762354452173873 9.89498647434929
2459264 zr 5.778298443222078 12.367981949974402
2459264 zr 5.667610144270889 -4.800345709225175
2459264 zr 5.720051895262872 3.333641104047084
2459264 zr 5.8103188947699485 17.334519598292367
2459264 zr 5.794286550065769 14.847820013651168
2459264 zr 5.751749573457142 8.250114935803063
2459264 zr 5.735878838393543 5.788481842278239
2459264 zr 5.8103188947699485 17.334519598292367
2459264 zr 5.858682581767372 24.83597759382011
2459264 zr 5.821031761593795 18.996140650778592
2459264 zr 5.730598330887018 4.969447816659377
2459264 zr 5.757049570952109 9.072171959433527
2459264 zr 5.783622904393946 13.193833416420981
2459264 zr 5.704268623230546 0.8855739790410926
2459264 zr 5.7996257436117 15.675956547512252
2459264 zr 5.735878838393543 5.788481842278239
2459264 zr 5.741164211667665 6.608270573617611
2459264 zr 5.82639559973739 19.828099689201885
2459264 zr 5.757049570952109 9.072171959433527
2459264 zr 5.757049570952109 9.072171959433527
2459264 zr 5.757049570952109 9.072171959433527
2459264 zr 5.714785958198705 2.516867029398023
2459264 zr 4.966531328627802 14.847820013651168
2459264 zr 4.93461391795895 9.072171959433527
2459264 zr 4.9711077802386 15.675956547512252
2459264 zr 5.778298443222078 12.367981949974402
2459264 zr 5.767664221622549 10.718559178541492
2459264 zr 5.778298443222078 12.367981949974402
2459264 zr 5.837138108238811 21.494318319189837
2459264 zr 5.725322684668575 4.151167801965508
2459264 zr 5.804969857001965 16.504856174675446
2459264 zr 4.998655183229389 20.66082534320598
2459264 zr 4.957391060909097 13.193833416420981
2459264 zr 4.925532390165396 7.428814706103518
2459264 zr 5.82639559973739 19.828099689201885
2459264 zr 4.911941426474587 4.969447816659377
2459264 zr 5.730598330887018 4.969447816659377
2459264 zr 4.966531328627802 14.847820013651168
2459264 zr 5.831764380434287 20.66082534320598
2459264 zr 5.8103188947699485 17.334519598292367
2459264 zr 5.778298443222078 12.367981949974402
2459264 zr 5.837138108238811 21.494318319189837
2459264 zr 4.9711077802386 15.675956547512252
2459264 zr 5.837138108238811 21.494318319189837
2459264 zr 4.966531328627802 14.847820013651168
2459264 zr 4.898387964170318 2.516867029398023
2459264 zr 5.772978883802467 11.5428907706552
2459264 zr 5.751749573457142 8.250114935803063
2459264 zr 4.898387964170318 2.516867029398023
2459264 zr 5.778298443222078 12.367981949974402
2459264 zr 4.893878459150511 1.700844885140933
2459264 zr 4.93461391795895 9.072171959433527
2459264 zr 4.966531328627802 14.847820013651168
2459264 zr 5.757049570952109 9.072171959433527
2459264 zr 5.767664221622549 10.718559178541492
2459264 zr 5.847900423409188 23.163609065974846
2459264 zr 5.831764380434287 20.66082534320598
2459264 zr 5.783622904393946 13.193833416420981
2459264 zr 5.858682581767372 24.83597759382011
2459264 zr 5.788952271834881 14.020445870575637
2459264 zr 5.70952486900893 1.700844885140933
2459264 zr 5.730598330887018 4.969447816659377
2459264 zr 5.741164211667665 6.608270573617611
2459264 zr 5.885725031872519 29.030401471608947
2459264 zr 5.7464544551929615 7.428814706103518
2459264 zr 5.778298443222078 12.367981949974402
2459264 zr 5.762354452173873 9.89498647434929
2459264 zr 5.762354452173873 9.89498647434929
2459264 zr 5.68329198511476 -2.3680110861615358
2459264 zr 5.783622904393946 13.193833416420981
2459264 zr 5.815672861453296 18.164947522175147
2459264 zr 5.804969857001965 16.504856174675446
2459264 zr 5.794286550065769 14.847820013651168
2459264 zr 5.762354452173873 9.89498647434929
2459264 zr 5.788952271834881 14.020445870575637
2459264 zr 5.030986817056806 26.51142957744063
2459264 zr 5.837138108238811 21.494318319189837
2459264 zr 5.772978883802467 11.5428907706552
2459264 zr 5.82639559973739 19.828099689201885
2459264 zr 5.783622904393946 13.193833416420981
2459264 zr 5.902010379814793 31.556343167039053
2459264 zr 5.767664221622549 10.718559178541492
2459264 zr 5.7464544551929615 7.428814706103518
2459264 zr 5.783622904393946 13.193833416420981
2459264 zr 5.741164211667665 6.608270573617611
2459264 zr 6.6956372363055685 24.83597759382011
2459264 zr 6.543225925335515 4.151167801965508
2459264 zr 5.772978883802467 11.5428907706552
2459264 zr 5.678059889592024 -3.1795361627024104
2459264 zr 6.615945453525578 14.020445870575637
2459264 zr 5.778298443222078 12.367981949974402
2459264 zr 5.82639559973739 19.828099689201885
2459264 zr 5.699017216404691 0.07105361950622502
2459264 zr 5.788952271834881 14.020445870575637
2459264 zr 5.853289019904752 23.999408252841512
2459264 zr 5.804969857001965 16.504856174675446
2459264 zr 5.788952271834881 14.020445870575637
2459264 zr 5.794286550065769 14.847820013651168
2459264 zr 5.762354452173873 9.89498647434929
2459264 zr 6.603769649396661 12.367981949974402
2459264 zr 5.772978883802467 11.5428907706552
2459264 zr 6.609854747878795 13.193833416420981
2459264 zr 5.778298443222078 12.367981949974402
2459264 zr 5.794286550065769 14.847820013651168
2459264 zr 6.597690152917105 11.5428907706552
2459264 zr 5.858682581767372 24.83597759382011
2459264 zr 5.847900423409188 23.163609065974846
2459264 zr 5.778298443222078 12.367981949974402
2459264 zr 5.847900423409188 23.163609065974846
2459264 zr 5.804969857001965 16.504856174675446
2459264 zr 5.869484619899606 26.51142957744063
2459264 zr 5.757049570952109 9.072171959433527
2459264 zr 5.853289019904752 23.999408252841512
2459264 zr 5.757049570952109 9.072171959433527
2459264 zr 6.573428083951019 8.250114935803063
2459264 zr 6.658737828271303 19.828099689201885
2459264 zr 6.6710149808443555 21.494318319189837
2459264 zr 6.664873577639186 20.66082534320598
2459264 zr 6.597690152917105 11.5428907706552
2459264 zr 5.896576929947313 30.713586990201897
2459264 zr 5.751749573457142 8.250114935803063
2459267 zr 6.615945453525578 13.473767619038549
2459269 zr 7.456661670357899 14.78413867335766
2459273 zr 13.244083543007473 13.309151702498458
2459278 zr 6.763818043498053 31.817265403313378
2459292 zr 5.885725031872519 25.08254973581985
2459295 zr 6.495190840131154 -6.613288618820265
2459297 zr 6.567376520220527 2.9957604931037194
2459301 zr 14.12377694924372 13.379967828074369
2459302 zr 12.752437038262585 34.30789770330231
2459305 zr 8.089132122296995 -10.717227302626918
2459307 zr 6.000673109684624 41.60075917109379
2459309 zr 6.634251265145102 11.101512820158536
2459311 zr 5.842516787709515 16.78673108962595
2459315 zr 7.36791213971188 -0.8319821533310474
2459317 zr 5.772978883802467 5.619893165304352
2459328 zr 8.277552214379671 8.342969742548117
2459334 zr 6.591616253282912 3.9503214605581007
2459336 zr 5.804969857001965 9.656185234734126
2459339 zr 5.757049570952109 2.1092219959997998
2459341 zr 5.688528901795419 -8.590837058242977
2459343 zr 5.730598330887018 -2.1347301987214258
2459345 zr 5.82639559973739 12.65778158004752
2459349 zr 5.891148482168211 22.577330753270356
2459350 zr 5.730598330887018 -2.354169615474807
2459352 zr 6.513162533033933 -7.309367498305627
2459352 zr 5.82639559973739 12.447678571390034
2459353 zr 6.622041771503737 7.439909886523591
2459354 zr 7.395106594444896 0.8153069378204296
2459356 zr 8.431443399735418 24.069462267458174
2459356 zr 8.254712061745826 4.881101050393523
2459361 zr 9.851064780330791 -0.1787606180715462
2459364 zr 5.82639559973739 12.154159699339028
2459366 zr 4.925532390165396 -0.28702392451598435
2459369 zr 5.778298443222078 4.592613990120361
2459371 zr 4.907419444001636 -3.6617833801383894
2459373 zr 5.891148482168211 22.022671298313476
2459375 zr 5.70952486900893 -6.182543656637138
2459377 zr 5.837138108238811 13.577942467102071
2459379 zr 5.907448836379832 24.4519162451155
2459383 zr 9.1136975971041 7.668803442219465
2459387 zr 10.820448970940866 11.76668295232061
2459393 zr 5.847900423409188 15.0291515842114
2459400 zr 6.652607727535766 10.787679130444044
2459406 zr 7.5743337627877 21.608085955535472
2459415 zr 9.09692499859767 5.686699341782465
2459423 zr 8.141453166292417 -8.314566813882653
2459427 zr 6.701806986939962 17.26495364624676
2459637 zr 6.726542893568593 20.374297124070868
2459641 zr 5.751749573457142 -0.4062064058824718
2459675 zr 5.815672861453296 9.507378254353755
2459679 zr 6.6833147696105 14.505944807032233
2459682 zr 8.194112626276489 -2.8692484313067994
2459684 zr 9.997310366458779 12.003053391963729
2459688 zr 10.136386807295896 24.586335868082244
2459697 zr 7.553433992570459 18.69231079335459
2459699 zr 5.858682581767372 16.177944665274026
2459699 zr 5.82639559973739 11.170066760655798
2459700 zr 6.652607727535766 10.338093165359092
2459702 zr 5.778298443222078 3.7099062831928524
2459709 zr 6.646483270232339 9.506782333461949
2459709 zr 7.4019208769384255 0.41400677072032765
2459710 zr 8.269931816906972 5.362268969182886
2459711 zr 9.914782121818194 4.535645054224449
2459712 zr 10.731125680269573 3.709782373433384
2459712 zr 10.201949630610068 30.517980600341346
2459721 zr 5.762354452173873 1.2366962213803725
2459723 zr 6.561330527620188 -2.050037531771783
2459730 zr 5.8103188947699485 8.676154782259852
2459735 zr 5.815672861453296 9.506547168857486
2459737 zr 5.804969857001965 7.846442653336321
2459743 zr 9.25751904340719 21.213156904935957
2459747 zr 5.788952271834881 5.361974451170068
2459753 zr 5.778298443222078 3.7094813738389485
2459755 zr 5.842516787709515 13.670069844195163
2459756 zr 5.699017216404691 -8.58746016936136
2459759 zr 4.984862452674254 9.506421354777459
2459759 zr 5.821031761593795 10.337614483380904
2459760 zr 5.783622904393946 4.535303299023778
2459761 zr 5.70952486900893 -6.9576890973128664
2459765 zr 5.794286550065769 6.1892713844511595
2459765 zr 5.7996257436117 7.0174079183122435
2459772 zr 9.046792182924742 0.41360057219500557
2459774 zr 9.013523888904139 -2.8700954360644673
2459775 zr 5.837138108238811 12.835738189964907
2459775 zr 10.652346414159435 -2.8700982869466927
2459776 zr 8.156464098584186 -6.957738033659317
2459777 zr 6.701806986939962 17.01473215019448
2459778 zr 6.658737828271303 11.169511369926564
2459778 zr 6.720350370810813 19.531382382719922
2459779 zr 6.701806986939962 17.01472686585413
2459779 zr 5.842516787709515 13.669988391481354
2459787 zr 6.591616253282912 2.0599492631212284
2459789 zr 7.4841836934777355 10.337526483498513
2459791 zr 9.005225948536742 -3.689170421578206
2459798 zr 10.419461667199128 -22.32025712104392
2459924 zr 10.034209748408145 15.34070348808281
2459924 zr 10.90047143695641 17.852724812681927
2459924 zr 11.535328443245097 2.0598544137827863
2459924 zr 10.671986845358356 -1.2298900586551873
2459924 zr 15.260699266171505 27.97050838989925
2459933 zr 8.194112626276489 -2.8702238260536066
2459933 zr 7.442938635216275 5.361740202243791
2459935 zr 7.511807298483662 13.669873477980964
2459935 zr 7.46353267328824 7.84615032844767
2459952 zr 9.172645598660988 12.83561123608041
2459970 zr 5.778298443222078 3.7092739710267346
2459996 zr 6.549255235299449 -3.6892609699376058
2460045 zr 4.989455795651824 10.337431167591056
2460049 zr 5.693770644076533 -9.401426398129184
2460059 zr 6.615945453525578 5.361736291261196
2460061 zr 5.7464544551929615 -1.2298948847077178
2460063 zr 6.597690152917105 2.8841811688363195
