jd filt fluxerr adjflux
2458204 zg 5.556181203744967 -7.285145131990235
2458207 zg 9.021613196979072 2.647001360217785
2458223 zg 2.0241464800967464 3.2751745611438707
2458229 zg 2.6271555389774073 1.5040986722330008
2458243 zg 2.1443616879211342 -0.17492362284276958
2458246 zg 2.249491969202969 -4.4735361112270216
2458249 zg 2.4080795688373144 0.8028686348160082
2458267 zg 8.926158997015866 -3.1254919417733205
2458270 zg 5.788044198456929 1.5209967915037488
2458274 zg 1.7865302249011648 -1.9947411666674177
2458277 zg 2.255408625227509 -0.9896476922358222
2458280 zg 1.9105348318443383 -1.091121979983793
2458283 zg 2.0380755032281095 1.6451603442450522
2458286 zg 2.2511789386430223 -2.9342130498462695
2458293 zg 7.056665718703021 1.5129469952966017
2458299 zg 4.84882737573785 7.622985878760205
2458302 zg 2.4006679604377816 4.437116099064089
2458305 zg 3.435010231595922 0.16909185476858363
2458338 zg 4.359717186896562 4.94505504443969
2458472 zg 3.286599531071423 3.6968610568901634
2458472 zg 9.047656998161353 -0.37931128996160374
2458488 zg 2.447472306228383 1.9509821985955367
2458492 zg 2.944194763711021 2.1598084019365915
2458495 zg 1.9886115031785436 -1.1714100761342356
2458502 zg 7.69371558950682 -1.7556104515861632
2458543 zg 2.0958805914424996 -4.896693953305965
2458547 zg 2.456037832121118 -1.3006776073128439
2458568 zg 3.272486301993762 -4.659897567963716
2458581 zg 2.6183624550709923 -2.837963684477433
2458584 zg 3.360463208616685 4.1563433160406476
2458587 zg 6.727190396404448 -6.033924418513085
2458597 zg 2.705372432211469 -2.4781363821076385
2458600 zg 2.445275441388195 0.8408442417622873
2458606 zg 2.1603692250253457 0.7912086526012307
2458617 zg 5.83159148260239 -14.856128124349205
2458634 zg 1.945374919950064 1.9363982587142894
2458634 zg 2.2434749447624736 0.9065797245953949
2458635 zg 1.6165197512025329 -2.1438054465065695
2458637 zg 2.0904603642516966 -0.9922086333212227
2458640 zg 2.3131382031286174 2.475350795937461
2458643 zg 3.348659597833724 -1.594600137187323
2458649 zg 9.420595983838075 15.843039366350142
2458652 zg 6.260343320009562 -4.87519609109331
2458658 zg 1.9366695751505059 -1.7254493561894864
2458667 zg 2.6543051537492026 1.2931631419537861
2458679 zg 7.0517745668400345 -3.251565791953286
2458683 zg 4.951459107100442 -4.806590112671804
2458686 zg 4.380459682884311 -9.685501034066979
2458692 zg 4.362956128515256 1.1611849559401817
2458831 zg 6.861308949483824 3.487039516809916
2458872 zg 2.799740542971148 -3.5024154376989
2458882 zg 2.305397282982511 0.8292419994462996
2458884 zg 4.97071232168183 10.205302355103608
2458887 zg 6.8189017992118615 3.4614329565904303
2458896 zg 3.2484128501544456 -0.33417104246923857
2458911 zg 2.8482996451069513 2.3331076546643743
2458915 zg 5.364248295751004 -5.452496191517808
2458937 zg 1.7854965521558908 -1.2585839866071336
2458944 zg 8.74918111660184 17.168943060444203
2458956 zg 5.501829503341778 3.7661401723479306
2458963 zg 2.11591387462358 1.6375969107661392
2458963 zg 2.578111090650132 1.9364015521751574
2458966 zg 6.94401720267684 -5.540943681792676
2458972 zg 4.481559202840066 -4.560585917427846
2458986 zg 1.8555113822163802 0.11437826978306392
2458992 zg 2.066097681323389 -1.970896538186637
2458995 zg 2.7027557003638876 -1.1558901980819196
2458998 zg 2.6684582256087155 -0.8822024076112593
2459012 zg 1.9154972480509467 2.5162520357468834
2459018 zg 1.928931161972277 -1.5107012993702729
2459024 zg 2.145904389315766 -1.0344607390117304
2459027 zg 4.189077416500598 -2.627002835159288
2459033 zg 6.718169549137264 2.278167686256674
2459039 zg 4.074504714277057 -2.9776025570824505
2459043 zg 3.7435569732763825 -3.197005443540049
2459217 zg 12.29689766399036 -13.898873024918986
2459218 zg 5.8317850864982255 4.339394197132357
2459225 zg 2.72761720425463 -3.3335692082839303
2459227 zg 3.352354575142964 0.5487215332269308
2459231 zg 2.6330203091549724 -2.182177904804518
2459250 zg 3.4272751115713773 -6.6318810302922255
2459252 zg 1.9605616524278333 0.7017904233800285
2459255 zg 2.9752796109924837 6.876385361728165
2459256 zg 2.0044798414662703 -3.448177172796574
2459265 zg 2.518579592769519 -0.3267617794178551
2459269 zg 3.6294197122895078 0.9937800569224688
2459290 zg 1.8691233649170345 0.32222512438032613
2459292 zg 2.2423212202088036 -1.5794755417237876
2459300 zg 11.300071017149682 -7.1957342252386844
2459305 zg 6.602341099843744 4.714786498688899
2459306 zg 4.070117762893111 3.1219262712865783
2459308 zg 2.3216066204239825 2.8215883323168467
2459309 zg 2.268053519249858 0.4638854782176337
2459316 zg 1.5410984223452528 3.0161369160402267
2459319 zg 2.9679981286101045 -0.05304381635712563
2459322 zg 2.824722391883587 2.195878354195924
2459324 zg 3.003726399294463 1.1114121864046305
2459328 zg 8.830100499036675 -2.361192866612997
2459334 zg 2.483972531351571 3.9266284292161657
2459336 zg 2.007311964301789 1.6780262142772762
2459338 zg 2.6126111239710172 2.5688618951869637
2459340 zg 2.3569373142831864 -0.9835835140593756
2459342 zg 1.9341472444021537 0.24351372111824765
2459344 zg 1.7412445824268337 6.180269414477457
2459346 zg 2.137205590603952 -1.5617274154875758
2459348 zg 1.827386347066715 -1.4543634103571463
2459356 zg 8.231374717087311 12.488854697120885
2459362 zg 4.292730800954936 3.9623375174354183
2459366 zg 2.1739733151007603 1.923629448855277
2459368 zg 2.1407158069935197 3.0385784990217175
2459370 zg 2.362430363854386 3.964105647999298
2459374 zg 2.184948506921953 1.1531641343111636
2459376 zg 2.7241726146140395 1.4548265709627448
2459378 zg 2.245556283793487 1.1265950695857816
2459387 zg 15.039678399783298 -4.5738654085935595
2459391 zg 7.669760845548147 6.458314404111283
2459399 zg 3.6646856109883155 -2.375367008260516
2459401 zg 3.5573597437161815 5.122299142326112
2459405 zg 4.627248635918387 -4.91586483566798
2459409 zg 5.318737465923739 -7.806113601001096
2459600 zg 6.278341523228588 4.042077600959399
2459673 zg 2.536284495612458 2.3439642315030498
2459675 zg 2.1951908024570708 5.417876227332526
2459677 zg 3.5646171641728146 6.615682533156321
2459679 zg 3.649058669356161 8.802300482518689
2459682 zg 7.2988981519352665 14.970186579093255
2459687 zg 10.296860292598248 -3.4738640019300275
2459694 zg 3.793743480316026 4.528118003249356
2459696 zg 2.7518932122798225 4.893706630232313
2459699 zg 2.9520331062580927 8.918427659158425
2459701 zg 2.5799242895467036 7.827122309696522
2459711 zg 7.290444046447116 5.642062405464871
2459715 zg 9.90271791377576 13.059129856486765
2459722 zg 2.840588005214184 9.788686516927289
2459724 zg 3.1831977764692736 7.78201783999639
2459726 zg 2.1667139594187526 4.942659731728774
2459730 zg 2.432542134575299 5.8945825481130605
2459732 zg 2.1177816107196126 8.94507292989509
2459734 zg 2.8052763501783637 1.7547095498738514
2459736 zg 3.357968627430834 3.4548888749434865
2459738 zg 5.389642493471824 9.377392648613462
2459742 zg 12.662565515390432 21.99411501039358
2459753 zg 3.246893272404056 3.9072757983705166
2459756 zg 3.8447286424584335 2.1503373117395004
2459758 zg 2.899664842272724 3.602800559639795
2459760 zg 2.9654760213055056 9.26667555920574
2459762 zg 3.0679259211064527 7.609509684541688
2459764 zg 3.5659709306644345 11.562512875640113
2459770 zg 6.693583200647326 -5.122698597560224
2459770 zg 9.411964287118641 -6.134220726324888
2459935 zg 3.946253277383357 5.670862689586878
2459938 zg 3.0806358405300283 6.244086957019286
2459978 zg 3.5159042240367886 5.927152969610182
2460036 zg 5.288636339710617 7.409513838738047
2460043 zg 8.814174133860691 -8.61481929432504
2460045 zg 3.04862251714334 6.542594428483467
2460049 zg 2.431631870518826 0.1490530995082162
2460055 zg 2.8509520554778893 5.719940213904705
2460057 zg 2.4244458172734933 5.994345086878372
2460059 zg 2.6509676602386416 2.930140177297095
2460061 zg 3.1661412208569644 8.828086766921453
2460063 zg 4.89489917692757 5.422713861809827
2460065 zg 6.551311200726699 -0.4959936719472786
2458218 zr 3.3505371890203928 2.8076497896697483
2458219 zr 6.958283204458169 14.910431225256575
2458219 zr 3.4538643170660297 2.997971524977574
2458219 zr 3.3802950187021343 -0.26810355756580695
2458231 zr 4.064225520091643 -8.834374970325975
2458243 zr 3.6852922450602197 2.0513492196375904
2458246 zr 3.936086359092322 -1.2238866718568109
2458256 zr 3.1500282070632903 -5.040452828274147
2458256 zr 2.994685496919404 8.269010486319436
2458270 zr 5.644491054020227 4.172995421939373
2458274 zr 3.052711661107469 -0.3248393325968712
2458277 zr 3.2775642909803526 0.027176024555035875
2458283 zr 3.1070712994919676 1.9803592987673455
2458286 zr 3.359807867419613 0.9054591122826211
2458289 zr 5.591335100481734 -3.009457693470544
2458293 zr 6.90443276180755 0.14998802023512386
2458296 zr 7.410050735851471 8.944201187525406
2458305 zr 4.6639505871313585 0.35194611848445073
2458450 zr 7.531573290699284 -2.666283166826488
2458450 zr 7.2949665144338045 6.090363652286386
2458450 zr 7.7356108540043 -5.662737803550307
2458450 zr 8.697289698342118 1.7843023260782875
2458451 zr 6.80645307343617 5.11122138336923
2458451 zr 7.612672094254782 -8.622983032624749
2458451 zr 6.207880113781307 -4.235565903242911
2458451 zr 6.311329505402086 -1.7783334388971928
2458457 zr 6.9994152534804 3.352043394322992
2458469 zr 3.7042107584561768 3.49106594364193
2458470 zr 7.574314279658606 -6.841756042020567
2458474 zr 10.668285119882475 -4.1839555874128775
2458477 zr 5.5025397978847845 -3.4243349966968224
2458539 zr 5.043720589776855 -3.3504780181031317
2458547 zr 3.576887430892103 8.215774924066709
2458557 zr 3.8396858096442905 4.74898824266027
2458560 zr 4.6467683183565285 -1.2669263212056248
2458573 zr 3.9652639807574968 -4.203844607362629
2458581 zr 5.530909236195201 -4.646172201964496
2458584 zr 3.2896615543645296 -1.791298374026873
2458587 zr 4.750000096397949 -5.882728174403113
2458594 zr 11.288485966959163 5.791111935790412
2458597 zr 3.787911178986479 0.28720778735533564
2458606 zr 3.1677523322564514 -0.26403078247388295
2458617 zr 5.540304679629658 3.8268841785633643
2458634 zr 2.8582726455323417 -5.539006447757463
2458634 zr 2.9346155829673433 -0.3976694511129556
2458637 zr 2.782938782054618 0.6160419500076807
2458640 zr 3.472639977710435 -8.174916608313431
2458643 zr 3.66012307139725 -4.218672573247482
2458649 zr 7.83742074267251 15.7773056940855
2458652 zr 8.111314264348538 -0.8736899135627267
2458655 zr 5.189915389480531 -0.7030111758790125
2458658 zr 3.6808080181962053 8.114838802899834
2458661 zr 3.1941199353187475 -0.4027850567009985
2458667 zr 3.656554956192885 1.4342687881286578
2458670 zr 4.082975600381134 -0.7729231441252558
2458676 zr 8.427419525867329 -1.597921138769055
2458686 zr 4.917336430210818 1.3586661830332807
2458873 zr 4.5925424503891055 -3.8140288658812675
2458885 zr 4.347750547325843 5.798071287233288
2458888 zr 5.100529756496127 -2.9166734558305407
2458899 zr 2.723716616213284 -0.736515835734035
2458905 zr 3.314360823615798 -1.744090785682439
2458911 zr 3.6991164979958984 -1.3750730571791436
2458915 zr 5.345154682012643 -0.36278272656485033
2458940 zr 5.345600902679947 -5.680838646865546
2458941 zr 3.813203262698597 2.2779425356735827
2458944 zr 7.0784329654226 -1.811124870281112
2458956 zr 3.0984979941371185 1.9633362998515889
2458966 zr 5.346067345752354 -9.427684142003645
2458980 zr 2.464795236482203 4.622392515801864
2458986 zr 2.832477938728907 0.5381987659040529
2458992 zr 2.5550795716265364 -2.026810089492574
2458995 zr 2.7650542276048986 2.1119366646449302
2458998 zr 2.6798078378866506 -0.9908906273689563
2459012 zr 2.5129326321471144 2.8302196649093108
2459015 zr 3.1701936056825932 1.535000623315128
2459021 zr 2.7936148844713022 -1.8324045728005858
2459024 zr 3.0886619967888747 3.045869804244096
2459027 zr 4.358428467104747 -5.108489939430219
2459033 zr 6.7348511966322855 0.4664802756592792
2459036 zr 7.101100913349178 3.558394275466473
2459043 zr 4.342869552807448 -0.631466441848106
2459180 zr 11.582061672680808 -16.608418838788687
2459182 zr 5.714523477625299 -9.874909211876629
2459182 zr 7.114482595303098 -5.591425564987004
2459182 zr 9.982039031235464 0.03642160917029494
2459184 zr 10.896071167761866 -3.28464733983717
2459184 zr 10.214802276941464 -6.809938201568962
2459184 zr 11.456419038518542 18.994517628416737
2459185 zr 8.53369513192979 -6.741064422169646
2459185 zr 8.484942241271645 -1.0228963980382442
2459185 zr 8.79472969679816 -12.200586920905474
2459185 zr 11.586520081292909 -0.5682697770262494
2459186 zr 11.020933962113464 1.4885697656581112
2459186 zr 9.122805734466338 -6.21243705727516
2459186 zr 7.691756624367635 5.82434905575631
2459186 zr 7.630854309911508 1.6354980912842128
2459186 zr 8.3965736303105 0.9243605253846544
2459189 zr 5.904413052635707 -9.352569414574484
2459189 zr 6.279624116503741 0.2753058347508782
2459189 zr 7.5145318398357706 14.689026595163803
2459189 zr 8.319279332177492 -4.370618679666177
2459190 zr 7.776922914343829 -2.2417810096461435
2459190 zr 4.928260075151182 -1.0605007516376983
2459190 zr 5.072531925316634 1.2973323704981017
2459190 zr 5.30164741447119 -1.8988436239217725
2459190 zr 4.906555680257438 5.060533366365299
2459201 zr 8.254712061745826 -1.5314752097631303
2459218 zr 5.003592154938443 -1.1831209429312484
2459224 zr 4.258255969872956 5.666295701092375
2459227 zr 3.6322672800261175 7.189651305953912
2459228 zr 4.015040736211796 3.6900523913817405
2459232 zr 2.7983604424806274 1.3105342916482732
2459256 zr 2.8039259240272383 -1.0490925037035288
2459260 zr 5.409149941372304 -0.8076803576483658
2459265 zr 4.711511740458134 5.958370046911544
2459269 zr 4.30392424391528 -0.508506180534946
2459273 zr 13.601699881243908 19.827703833989354
2459278 zr 4.204650697528463 -0.9255132507009061
2459290 zr 2.8242533528564033 -0.8993548841926577
2459292 zr 2.7212595946374982 5.308468828357189
2459295 zr 3.3928947249102714 6.834891409467782
2459297 zr 5.028054413377239 4.294993703073262
2459307 zr 2.919345697970025 2.6433786740923795
2459307 zr 3.7964509968456155 -1.1715147969151052
2459308 zr 3.3339156323272894 -0.04163861590636542
2459309 zr 3.1416023949378755 -2.0461524390397874
2459309 zr 3.331652987642863 -1.6958224543870708
2459310 zr 4.570397153645974 -5.372922475693421
2459311 zr 2.8015890396993726 3.8538926285535977
2459313 zr 3.3216556308534595 -3.2284821932127064
2459316 zr 2.790638959368778 3.3776333692006437
2459319 zr 3.369327032052599 -1.4444317681707504
2459322 zr 3.2809513210496553 0.4416854232564934
2459324 zr 3.839477306797814 -1.2110949084935863
2459328 zr 6.720184784748031 5.684544370847452
2459334 zr 5.0673013417892445 -15.299001212041512
2459338 zr 3.609708274967284 0.7081345077983334
2459340 zr 2.492188260768294 1.405664531003353
2459342 zr 2.6632039709931146 0.9603161846982997
2459344 zr 2.2912032822517805 0.6461507525040072
2459346 zr 3.122988496547256 -0.1326143018034216
2459348 zr 2.553700569235366 -0.26415565393158813
2459350 zr 3.198560763075638 0.5898625809302239
2459354 zr 4.479633444585006 -4.32249612744099
2459354 zr 4.596547622183118 -9.331786482683471
2459355 zr 5.994641174400837 3.6763996091841618
2459356 zr 7.539123448147104 1.5370769400201507
2459362 zr 3.9437127323720698 -0.8960223871168679
2459364 zr 3.070090793777216 -2.887322626885217
2459366 zr 2.873173950501279 3.092992594527626
2459368 zr 2.4202036259291915 1.6969847033366383
2459376 zr 3.285145470365844 1.2905104190433856
2459378 zr 2.9306674175359504 -0.1321129895601969
2459380 zr 4.507084379090197 -6.212069531549627
2459387 zr 7.374682394025493 3.00256387365269
2459391 zr 7.381985061095546 -2.8547225968084624
2459393 zr 3.089948345003064 -0.8508277798307189
2459396 zr 2.908731626494075 3.791309977897658
2459403 zr 4.852091925667036 7.181376907672281
2459405 zr 4.1704008318066155 0.7683923899429307
2459407 zr 4.125772460021808 8.45361936413333
2459415 zr 6.463859911458274 8.274521687077629
2459601 zr 5.310478423904229 -7.036109104525231
2459670 zr 2.422433742694698 -0.6175089360026251
2459673 zr 3.164836067732639 5.99816989014537
2459675 zr 2.901045934831154 2.8473165310830533
2459677 zr 3.861048638598923 4.63768887868806
2459679 zr 4.330886323842405 1.7328582130125108
2459690 zr 3.7592851796525886 -1.0297576625437523
2459699 zr 2.791043054629101 3.18337923511268
2459699 zr 2.96730316811673 7.058442944750439
2459702 zr 2.994759286286302 9.115854611322566
2459709 zr 3.8752995024031325 -2.8553212692806267
2459709 zr 5.9936576859961015 -2.2746137741799752
2459719 zr 3.129784552639184 0.4994687849477022
2459724 zr 2.951790465154064 0.8518078664317179
2459726 zr 3.3065141419490462 6.365736810277923
2459730 zr 2.9914778096757146 4.482828119212222
2459732 zr 3.544169164257642 6.919578305951299
2459734 zr 3.426098043571092 4.701983563133
2459736 zr 2.9442208541646715 -1.7772412853143074
2459738 zr 5.3726916464880565 -4.168014866340229
2459742 zr 9.78344120146148 -8.180215949210696
2459750 zr 3.157696491136372 9.784684828308247
2459753 zr 3.120113442058931 4.054255235058856
2459756 zr 2.9523411239091635 7.492867415913507
2459760 zr 3.976539241837486 10.38851187540968
2459762 zr 3.8696522036028385 4.406914858394389
2459772 zr 7.885092279848734 -0.38225945854755805
2459772 zr 8.654260519050593 -6.060299533257974
2459774 zr 6.757406128022706 5.280911798403504
2459774 zr 8.326985160166984 -6.013335545858142
2459776 zr 3.270170409969193 6.591105064539798
2459778 zr 4.370969726307582 8.001186137813972
2459907 zr 11.319481324678913 21.724104362068157
2459907 zr 13.822764785402608 2.044900661757406
2459910 zr 7.207309331099448 9.814807132762555
2459910 zr 10.733609150022687 5.613641880717779
2459914 zr 7.143928899253109 -1.3054710541495336
2459914 zr 5.913298228296476 4.82070239863949
2459936 zr 3.8048992916061124 7.273622653891853
2459957 zr 6.561772688245505 13.275140637637225
2459984 zr 8.190034036527237 -2.7921333870909875
2459996 zr 3.154674864166411 5.3686076772910445
2460030 zr 2.926590242362034 4.857688632859702
2460036 zr 5.709262630077781 -6.184898669328229
2460043 zr 5.301472727913331 4.727930893913824
2460045 zr 2.554940825544162 7.228115404832455
2460055 zr 3.1039480410411118 -0.2840104062999429
2460057 zr 3.2484181866711923 6.737967806251149
2460059 zr 3.411572503415773 4.755807819322188
2460061 zr 3.419048587908864 8.976940499767469
2460063 zr 4.179784975893371 5.791297348518534
