jd filt fluxerr adjflux
2458203 zg 4.340610836601476 1.2498801667467774
2458206 zg 5.792016160865698 -2.5537356254059773
2458206 zg 6.571517868216543 -11.714351397914413
2458233 zg 5.083138283962192 -0.023834990742216178
2458236 zg 12.191915199290342 -11.227123681026285
2458237 zg 12.327412632993891 -8.284834292551182
2458244 zg 4.0070237043508365 -4.060529104126658
2458247 zg 2.525235749381657 -1.7972105599161523
2458262 zg 5.177640880332062 5.106409525378297
2458267 zg 13.190829445315957 4.847646664355523
2458270 zg 5.955430635320036 -6.553421104707297
2458273 zg 2.5840560461990822 4.589122023013601
2458279 zg 2.7931522827711808 -0.2778748972818903
2458282 zg 2.7777593243198226 -1.7972105599161523
2458295 zg 7.262062131965944 5.62465078470882
2458298 zg 5.674460925082002 4.072786522348224
2458304 zg 2.8086305413303663 1.2498801667467774
2458332 zg 3.26772334853152 -3.0569256072246276
2458336 zg 3.2767648874110544 -2.301792829667761
2458493 zg 3.387234633600894 6.924438167928372
2458527 zg 4.6086575003412475 2.0169295442421458
2458540 zg 4.059026732806884 -0.5316809321392952
2458544 zg 6.173240129103685 3.300064442832195
2458568 zg 7.002702770110018 5.62465078470882
2458584 zg 2.999736966064005 -4.5609460246520825
2458587 zg 8.290502335517433 -11.227123681026285
2458591 zg 13.051845771990642 7.446031446155871
2458597 zg 5.414079264741834 -8.777476917940646
2458616 zg 4.558001188047164 -1.0385922478257044
2458619 zg 12.167456068780345 5.106409525378297
2458633 zg 2.8086305413303663 1.2498801667467774
2458636 zg 2.525235749381657 -1.7972105599161523
2458639 zg 3.26772334853152 -3.0569256072246276
2458642 zg 2.5345562200895833 -0.7852533106178612
2458645 zg 5.386680582586498 2.5294745262777383
2458650 zg 14.252966768966836 21.62422554172224
2458653 zg 7.1098421743266424 -0.2778748972818903
2458657 zg 3.0498829703773156 -0.023834990742216178
2458660 zg 2.8086305413303663 1.2498801667467774
2458665 zg 2.4951802771829983 -5.060441991634718
2458674 zg 6.092980173798673 11.653548077664652
2458683 zg 3.851174417301944 2.786101288298937
2458690 zg 3.0498829703773156 -0.023834990742216178
2458716 zg 3.8405479169510395 2.0169295442421458
2458720 zg 4.292900773948817 -1.7972105599161523
2458723 zg 4.595940885813326 1.2498801667467774
2458726 zg 5.116016360098043 1.761010889432157
2458853 zg 3.805337562006453 -0.5316809321392952
2458874 zg 2.788011842098541 -0.7852533106178612
2458877 zg 2.788011842098541 -0.7852533106178612
2458893 zg 6.295669740071411 -2.5537356254059773
2458896 zg 4.085280787389624 1.2498801667467774
2458905 zg 3.28583144353244 -1.5445706578631757
2458914 zg 7.842664246754484 -1.2916979586711932
2458943 zg 4.941462795533891 6.40380481563119
2458954 zg 3.228830754729634 -6.305163852429132
2458963 zg 3.035870031001736 -1.2916979586711932
2458963 zg 2.5509498981127927 0.9946676652767223
2458969 zg 10.383678172977111 -7.544166735759234
2458973 zg 8.387178168537618 -0.023834990742216178
2458978 zg 15.938710384589488 12.449383603150977
2458986 zg 2.839844852154469 4.330835382046928
2458992 zg 2.5298916925014465 -1.2916979586711932
2458995 zg 2.539229347973801 -0.2778748972818903
2458998 zg 2.8086305413303663 1.2498801667467774
2459001 zg 5.785283019628718 9.542039264916298
2459012 zg 2.5580081800490215 1.761010889432157
2459016 zg 2.2874122277829865 -0.023834990742216178
2459019 zg 2.8086305413303663 1.2498801667467774
2459022 zg 2.588820440166031 5.106409525378297
2459025 zg 2.8060448879240716 0.9946676652767223
2459028 zg 3.8868088954466686 5.365410825591596
2459032 zg 7.954688610090177 11.918582293165684
2459035 zg 7.1104964975976355 -9.760043899455013
2459038 zg 4.820094245208174 -0.5316809321392952
2459041 zg 2.788011842098541 -0.7852533106178612
2459217 zg 15.470117718534588 -5.060441991634718
2459229 zg 2.8241945726880924 2.786101288298937
2459232 zg 3.066783902518362 1.5053278358989814
2459249 zg 5.322568062188124 -0.7852533106178612
2459256 zg 2.2664411064257077 -2.5537356254059773
2459269 zg 4.524294329203167 12.981163586398452
2459279 zg 4.6714911442622675 -9.023458134049747
2459290 zg 2.5509498981127927 0.9946676652767223
2459292 zg 2.876700269929268 7.968586420191059
2459295 zg 6.060565798515977 -1.7972105599161523
2459305 zg 6.644551824910432 -8.777476917940646
2459307 zg 3.568042055322428 0.7396901149910491
2459309 zg 2.7700946856314204 -2.5537356254059773
2459313 zg 4.195182422172793 -8.03817246535857
2459317 zg 2.5275626488711076 -1.5445706578631757
2459320 zg 2.816401805764096 2.0169295442421458
2459322 zg 3.055506240060381 0.4849472995930455
2459324 zg 3.31623486754663 0.9946676652767223
2459328 zg 7.268753819532702 5.884129622643059
2459334 zg 3.3500036578991157 3.8149752250137112
2459336 zg 4.134489673918532 4.589122023013601
2459339 zg 2.4882953555414504 -5.807962860949829
2459341 zg 2.3107046503811666 2.786101288298937
2459343 zg 2.565085991707856 2.5294745262777383
2459345 zg 3.061139877735351 0.9946676652767223
2459349 zg 2.5066975060492713 -3.809974755774931
2459353 zg 2.9804591582119704 -6.305163852429132
2459356 zg 6.6141688392286895 0.23043900298165454
2459361 zg 7.25604432173044 -4.310852789635874
2459363 zg 4.0702577472176555 0.23043900298165454
2459365 zg 2.522910992059176 -2.0496178791455577
2459367 zg 2.996975378169067 -4.81080902133175
2459369 zg 2.832008901598099 3.557401271342769
2459379 zg 3.4122848758858293 9.016588551522034
2459385 zg 7.802309677158775 6.40380481563119
2459392 zg 2.8189970026384907 2.2730840174244804
2459394 zg 2.8034616148961935 0.7396901149910491
2459396 zg 2.795726056179206 -0.023834990742216178
2459399 zg 3.3346117892202125 2.5294745262777383
2459401 zg 3.545112035147794 -1.0385922478257044
2459405 zg 3.6578843010806272 7.707188610452079
2459407 zg 4.41723851587787 6.14384755951005
2459409 zg 3.8018343301343744 -0.7852533106178612
2459411 zg 5.322568062188124 -0.7852533106178612
2459419 zg 13.349488280990439 -12.443512213131953
2459423 zg 3.7913439733066614 -1.5445706578631757
2459425 zg 4.909706487778256 4.589122023013601
2459430 zg 3.5878143669944427 2.2730840174244804
2459435 zg 3.5812114520686302 1.761010889432157
2459438 zg 4.566405074407744 -0.5316809321392952
2459443 zg 12.726391304717582 -10.249971589640552
2459450 zg 21.385571203744217 -2.805446480082537
2459600 zg 7.823898067230996 7.185114705759588
2459675 zg 3.0526933104132414 0.23043908394984625
2459679 zg 5.028697712578154 11.38875814653031
2459683 zg 6.712360559637836 4.330836388367925
2459695 zg 4.085280787389624 1.249912831646668
2459700 zg 3.377888276847783 6.143972776869594
2459702 zg 2.7573672566541982 -3.809764136713955
2459712 zg 6.957699904867394 3.8174159517179747
2459722 zg 3.0894642562888355 3.579428862797177
2459722 zg 3.0526933104132414 0.2524665944360623
2459724 zg 2.7752020912650934 -2.016426312578856
2459726 zg 2.5275626488711076 -1.495054659105566
2459732 zg 3.0980125659866937 4.485660440532818
2459734 zg 3.337684494995018 3.0080165987377896
2459736 zg 3.4060050006098446 8.807017678755486
2459738 zg 4.320667541367864 0.41860101074418427
2459743 zg 14.16137008639038 20.70256154698086
2459747 zg 4.055289952143333 1.0201618037393476
2459749 zg 3.387234633600894 9.325210631997177
2459751 zg 3.418576329780606 12.702729857240403
2459755 zg 3.0837784912062554 8.359333489616173
2459761 zg 2.884659878060422 19.51374165311146
2459763 zg 3.075269457423808 15.613397579267192
2459768 zg 5.774635943806787 30.874010597408205
2459768 zg 6.770830433657238 39.93965314464488
2459771 zg 7.780780855677797 34.14992604796831
2459782 zg 3.6110205886885467 66.53367306975328
2459791 zg 5.943328906257889 99.29637115027964
2459794 zg 4.8334310748209655 104.24600339888927
2459806 zg 3.8440868217797597 121.96498871868498
2459810 zg 5.899697780928069 117.1288918130193
2459970 zg 3.8123537129716443 20.1081991493953
2459978 zg 3.627688302416891 23.820787800611495
2459993 zg 3.4772023512472985 9.373680100730219
2459996 zg 3.2767648874110544 12.874030468729131
2460016 zg 7.582687946613323 10.66612529051169
2460032 zg 4.762725261493615 6.451527433638333
2460043 zg 7.617688043921403 8.827218981925638
2460045 zg 3.876084069298623 13.498415059848432
2460049 zg 3.0837784912062554 11.573197146409559
2460055 zg 2.795726056179206 7.96783094986177
2460057 zg 3.6612548890008862 15.788395272456308
2460059 zg 3.331541912209125 9.924731488733133
2460061 zg 3.1065845281992366 12.5935118486306
2460063 zg 3.3407600321401096 10.369060163860254
2458198 zr 6.1786645046935975 4.397785034458025
2458198 zr 3.9030127406362536 -0.07927479732404663
2458217 zr 3.874359970322419 -4.523467668231092
2458217 zr 4.440091458310126 -2.86073158403633
2458247 zr 3.9174184910422083 2.155131598740695
2458256 zr 4.489437355831229 3.8363468528320936
2458262 zr 5.504297880681448 -7.83518859168521
2458270 zr 6.17297636426794 3.8363468528320936
2458273 zr 3.877930031549011 -3.969732707243338
2458279 zr 3.9282576863523255 3.8363468528320936
2458282 zr 3.8815033824382374 -3.4154875025665206
2458288 zr 4.431920036056012 -3.969732707243338
2458291 zr 6.593001506621379 -8.935034860970518
2458295 zr 6.133305735285541 -0.07927479732404663
2458304 zr 4.440091458310126 -2.86073158403633
2458312 zr 3.9066092041964384 0.47855530215963427
2458336 zr 3.9391268728812134 5.5222139000724155
2458468 zr 5.045967376691975 3.2754255368167833
2458468 zr 5.008923955657204 -1.1933948371330416
2458468 zr 7.322262283345252 6.0852055379142485
2458469 zr 5.62732410411602 5.5222139000724155
2458469 zr 4.949307512031578 -8.385364975273546
2458469 zr 5.013539470306855 -0.6365913528311467
2458469 zr 5.45885965525678 -12.768581234037583
2458472 zr 7.900052267224523 7.212745611614878
2458472 zr 6.230094211320571 9.47406635127561
2458472 zr 5.0599291798665815 4.959740557969781
2458472 zr 5.484056606584634 -10.032857003419622
2458473 zr 5.705607980393682 14.021777772419
2458473 zr 6.207183924247839 7.212745611614878
2458473 zr 6.715574556072357 2.155131598740695
2458473 zr 9.020319314267473 6.648715949086977
2458477 zr 6.647880054084019 -3.969732707243338
2458477 zr 6.550631586308136 -12.768581234037583
2458477 zr 7.943830421526196 10.607854690387398
2458477 zr 8.464341714883417 7.212745611614878
2458483 zr 5.575732486623219 -0.07927479732404663
2458483 zr 7.349288247611924 8.342364605054627
2458504 zr 15.207775511563218 6.0852055379142485
2458541 zr 4.355037670324402 -14.403978705026589
2458560 zr 4.953868092613303 -7.83518859168521
2458573 zr 4.526806344866833 8.907954894227714
2458581 zr 6.796466412349714 9.47406635127561
2458584 zr 5.064591693704417 5.5222139000724155
2458587 zr 6.190056514527621 5.5222139000724155
2458591 zr 8.355899117178092 -0.6365913528311467
2458597 zr 4.4564795291616495 -0.6365913528311467
2458602 zr 4.944751129966034 -8.935034860970518
2458606 zr 3.8815033824382374 -3.4154875025665206
2458616 zr 4.497714826548073 4.959740557969781
2458619 zr 12.414367848495678 7.212745611614878
2458628 zr 3.9427566141089825 6.0852055379142485
2458633 zr 3.9174184910422083 2.155131598740695
2458636 zr 3.9427566141089825 6.0852055379142485
2458639 zr 3.9427566141089825 6.0852055379142485
2458642 zr 3.367078016873422 3.8363468528320936
2458645 zr 5.632509448727118 6.0852055379142485
2458650 zr 8.024721418338697 16.88116068169495
2458660 zr 3.3639782511279837 3.2754255368167833
2458668 zr 3.9174184910422083 2.155131598740695
2458674 zr 5.5399000450700155 -3.969732707243338
2458677 zr 7.390014342076658 11.743733469574636
2458690 zr 4.4523768494730716 -1.1933948371330416
2458693 zr 7.89277939998404 6.648715949086977
2458698 zr 5.008923955657204 -1.1933948371330416
2458716 zr 5.555228521903513 -2.30546448105099
2458723 zr 7.849282585965295 3.2754255368167833
2458748 zr 8.758342239315278 -11.128658744177642
2458882 zr 3.88508002602136 -2.86073158403633
2458886 zr 3.874359970322419 -4.523467668231092
2458895 zr 4.4564795291616495 -0.6365913528311467
2458900 zr 3.8707931957299326 -5.076692855270267
2458905 zr 3.88508002602136 -2.86073158403633
2458908 zr 3.8459175455291374 -8.935034860970518
2458915 zr 3.3857366859533666 7.212745611614878
2458954 zr 5.489109936168261 -9.484198715067691
2458966 zr 3.888659965332459 -2.30546448105099
2458973 zr 5.545004832054625 -3.4154875025665206
2458978 zr 7.1621808202821295 -7.284505243492276
2458981 zr 4.4770497040482375 2.155131598740695
2458992 zr 3.3577872780361786 2.155131598740695
2458995 zr 3.354696065437964 1.5957580263265072
2458998 zr 3.3147683183536065 -5.629408737658991
2459005 zr 8.962350237487847 2.7150206105841335
2459012 zr 3.3300685937325945 -2.86073158403633
2459019 zr 3.3485221750255185 0.47855530215963427
2459022 zr 3.3485221750255185 0.47855530215963427
2459028 zr 5.032044098156946 1.5957580263265072
2459035 zr 10.516119919446565 -4.523467668231092
2459038 zr 3.3392826371048034 -1.1933948371330416
2459044 zr 3.9174184910422083 2.155131598740695
2459112 zr 6.721762678115885 2.7150206105841335
2459112 zr 6.8910146782583 18.028605967446538
2459112 zr 6.752788924939223 5.5222139000724155
2459112 zr 8.10643611769998 23.218346935800128
2459112 zr 6.5627094162976904 -11.675803126156552
2459205 zr 4.999705669713161 -2.30546448105099
2459205 zr 5.0413220085869135 2.7150206105841335
2459205 zr 5.570599411452061 -0.6365913528311467
2459207 zr 10.429308878719695 -9.484198715067691
2459228 zr 3.9174184910422083 2.155131598740695
2459231 zr 3.9174184910422083 2.155131598740695
2459248 zr 7.987851172551156 14.021777772419
2459254 zr 3.9536659180545057 7.777295003966401
2459255 zr 3.8958297432889375 -1.1933948371330416
2459262 zr 3.9500261336122615 7.212745611614878
2459269 zr 5.570599411452061 -0.6365913528311467
2459271 zr 6.6173358197384005 -6.733314463548027
2459273 zr 10.545217213486549 -2.86073158403633
2459275 zr 8.332842782855268 -2.30546448105099
2459278 zr 5.0413220085869135 2.7150206105841335
2459290 zr 3.3208799745620734 -4.523467668231092
2459292 zr 3.354696065437964 1.5957580263265072
2459295 zr 4.510159657133737 6.648715949086977
2459297 zr 5.07860502893005 7.212745611614878
2459300 zr 8.534796844929108 12.312457978384941
2459302 zr 10.166569503568729 7.777295003966401
2459305 zr 7.417290374511787 14.021777772419
2459307 zr 3.9246412929826473 3.2754255368167833
2459309 zr 3.94638969999202 6.648715949086977
2459311 zr 4.5143155812711555 7.212745611614878
2459317 zr 3.370180638923781 4.397785034458025
2459324 zr 5.027411547961552 1.0368994188268061
2459328 zr 6.138957320880118 0.47855530215963427
2459334 zr 5.004312690096559 -1.7496857225717122
2459336 zr 4.4278399660827645 -4.523467668231092
2459339 zr 3.3239400270420094 -3.969732707243338
2459341 zr 3.3516076986410352 1.0368994188268061
2459343 zr 3.8707931957299326 -5.076692855270267
2459353 zr 3.9174184910422083 2.155131598740695
2459356 zr 5.622143533185091 4.959740557969781
2459361 zr 8.38674016359491 1.5957580263265072
2459365 zr 5.07860502893005 7.212745611614878
2459369 zr 3.3732861199110546 4.959740557969781
2459370 zr 3.3577872780361786 2.155131598740695
2459370 zr 3.9391268728812134 5.5222139000724155
2459370 zr 3.9282576863523255 3.8363468528320936
2459370 zr 3.3300685937325945 -2.86073158403633
2459370 zr 3.3300685937325945 -2.86073158403633
2459370 zr 3.9246412929826473 3.2754255368167833
2459370 zr 3.3392826371048034 -1.1933948371330416
2459370 zr 3.327002899232775 -3.4154875025665206
2459370 zr 3.3516076986410352 1.0368994188268061
2459370 zr 3.9030127406362536 -0.07927479732404663
2459370 zr 3.9609555517584796 8.907954894227714
2459370 zr 3.8958297432889375 -1.1933948371330416
2459370 zr 3.9102089817478745 1.0368994188268061
2459370 zr 3.860112561514067 -6.733314463548027
2459370 zr 3.327002899232775 -3.4154875025665206
2459370 zr 3.333137113142108 -2.30546448105099
2459370 zr 3.379505669236271 6.0852055379142485
2459370 zr 3.9427566141089825 6.0852055379142485
2459370 zr 3.8815033824382374 -3.4154875025665206
2459370 zr 3.3577872780361786 2.155131598740695
2459370 zr 3.336208460064373 -1.7496857225717122
2459370 zr 3.9427566141089825 6.0852055379142485
2459370 zr 3.863669494347299 -6.1816157842717985
2459370 zr 3.3516076986410352 1.0368994188268061
2459370 zr 3.3239400270420094 -3.969732707243338
2459370 zr 3.3639782511279837 3.2754255368167833
2459370 zr 3.3577872780361786 2.155131598740695
2459370 zr 3.3485221750255185 0.47855530215963427
2459370 zr 3.8958297432889375 -1.1933948371330416
2459370 zr 3.9282576863523255 3.8363468528320936
2459370 zr 3.333137113142108 -2.30546448105099
2459370 zr 3.9318774120777444 4.397785034458025
2459370 zr 3.867229704745874 -5.629408737658991
2459370 zr 3.877930031549011 -3.969732707243338
2459370 zr 3.342359646871237 -0.6365913528311467
2459370 zr 3.899419588016443 -0.6365913528311467
2459370 zr 3.860112561514067 -6.733314463548027
2459370 zr 3.354696065437964 1.5957580263265072
2459370 zr 3.863669494347299 -6.1816157842717985
2459370 zr 3.9210282289009326 2.7150206105841335
2459370 zr 3.88508002602136 -2.86073158403633
2459370 zr 3.9792384918874317 11.743733469574636
2459370 zr 3.964605407204 9.47406635127561
2459370 zr 3.9355004732295638 4.959740557969781
2459370 zr 3.9138120763442914 1.5957580263265072
2459370 zr 3.370180638923781 4.397785034458025
2459370 zr 3.3239400270420094 -3.969732707243338
2459370 zr 3.3639782511279837 3.2754255368167833
2459370 zr 3.892243203408435 -1.7496857225717122
2459370 zr 3.9138120763442914 1.5957580263265072
2459370 zr 3.3639782511279837 3.2754255368167833
2459370 zr 3.3392826371048034 -1.1933948371330416
2459370 zr 3.94638969999202 6.648715949086977
2459370 zr 3.3732861199110546 4.959740557969781
2459370 zr 3.9355004732295638 4.959740557969781
2459370 zr 3.9246412929826473 3.2754255368167833
2459370 zr 3.9282576863523255 3.8363468528320936
2459370 zr 3.9573090564064213 8.342364605054627
2459370 zr 3.9138120763442914 1.5957580263265072
2459370 zr 3.8958297432889375 -1.1933948371330416
2459370 zr 3.8958297432889375 -1.1933948371330416
2459370 zr 3.8707931957299326 -5.076692855270267
2459370 zr 3.9500261336122615 7.212745611614878
2459370 zr 3.3239400270420094 -3.969732707243338
2459370 zr 3.3516076986410352 1.0368994188268061
2459370 zr 3.9573090564064213 8.342364605054627
2459370 zr 3.9427566141089825 6.0852055379142485
2459370 zr 3.3516076986410352 1.0368994188268061
2459370 zr 3.3763944624696114 5.5222139000724155
2459370 zr 3.3485221750255185 0.47855530215963427
2459370 zr 3.3392826371048034 -1.1933948371330416
2459370 zr 3.3208799745620734 -4.523467668231092
2459370 zr 3.3763944624696114 5.5222139000724155
2459370 zr 3.342359646871237 -0.6365913528311467
2459370 zr 3.3639782511279837 3.2754255368167833
2459370 zr 3.342359646871237 -0.6365913528311467
2459370 zr 3.3454394919739316 -0.07927479732404663
2459370 zr 3.336208460064373 -1.7496857225717122
2459370 zr 3.354696065437964 1.5957580263265072
2459370 zr 3.3516076986410352 1.0368994188268061
2459370 zr 3.370180638923781 4.397785034458025
2459370 zr 3.3577872780361786 2.155131598740695
2459370 zr 3.3454394919739316 -0.07927479732404663
2459370 zr 3.3608813390579426 2.7150206105841335
2459370 zr 3.3608813390579426 2.7150206105841335
2459370 zr 3.3826197428503026 6.648715949086977
2459370 zr 3.317822739197085 -5.076692855270267
2459370 zr 3.336208460064373 -1.7496857225717122
2459370 zr 3.9282576863523255 3.8363468528320936
2459370 zr 3.336208460064373 -1.7496857225717122
2459370 zr 3.336208460064373 -1.7496857225717122
2459370 zr 3.3888565011895766 7.777295003966401
2459370 zr 3.3577872780361786 2.155131598740695
2459370 zr 3.3732861199110546 4.959740557969781
2459370 zr 3.9174184910422083 2.155131598740695
2459370 zr 3.370180638923781 4.397785034458025
2459370 zr 3.3608813390579426 2.7150206105841335
2459370 zr 3.3300685937325945 -2.86073158403633
2459370 zr 3.3763944624696114 5.5222139000724155
2459370 zr 3.3208799745620734 -4.523467668231092
2459370 zr 3.9246412929826473 3.2754255368167833
2459370 zr 3.874359970322419 -4.523467668231092
2459370 zr 3.3208799745620734 -4.523467668231092
2459370 zr 3.342359646871237 -0.6365913528311467
2459370 zr 3.9066092041964384 0.47855530215963427
2459370 zr 3.3857366859533666 7.212745611614878
2459370 zr 3.8815033824382374 -3.4154875025665206
2459370 zr 3.3516076986410352 1.0368994188268061
2459370 zr 3.3577872780361786 2.155131598740695
2459370 zr 3.3485221750255185 0.47855530215963427
2459370 zr 3.370180638923781 4.397785034458025
2459370 zr 3.3639782511279837 3.2754255368167833
2459370 zr 3.3485221750255185 0.47855530215963427
2459370 zr 3.379505669236271 6.0852055379142485
2459370 zr 3.354696065437964 1.5957580263265072
2459370 zr 3.849461398246784 -8.385364975273546
2459370 zr 3.3392826371048034 -1.1933948371330416
2459370 zr 3.3086679098692002 -6.733314463548027
2459370 zr 3.354696065437964 1.5957580263265072
2459370 zr 3.3516076986410352 1.0368994188268061
2459370 zr 3.342359646871237 -0.6365913528311467
2459370 zr 3.860112561514067 -6.733314463548027
2459370 zr 3.892243203408435 -1.7496857225717122
2459370 zr 3.9066092041964384 0.47855530215963427
2459370 zr 3.336208460064373 -1.7496857225717122
2459370 zr 3.874359970322419 -4.523467668231092
2459370 zr 3.370180638923781 4.397785034458025
2459370 zr 3.9500261336122615 7.212745611614878
2459370 zr 3.892243203408435 -1.7496857225717122
2459370 zr 3.3608813390579426 2.7150206105841335
2459370 zr 3.3577872780361786 2.155131598740695
2459370 zr 3.3608813390579426 2.7150206105841335
2459374 zr 4.5018592832928155 5.5222139000724155
2459377 zr 3.8815033824382374 -3.4154875025665206
2459379 zr 3.3608813390579426 2.7150206105841335
2459383 zr 6.253089058680249 11.743733469574636
2459385 zr 7.2018700585910205 -3.969732707243338
2459390 zr 7.349288247611924 8.342364605054627
2459392 zr 6.138957320880118 0.47855530215963427
2459394 zr 7.430966120269473 15.163951025971869
2459399 zr 3.9246412929826473 3.2754255368167833
2459401 zr 4.472928087250619 1.5957580263265072
2459403 zr 3.9030127406362536 -0.07927479732404663
2459405 zr 4.440091458310126 -2.86073158403633
2459409 zr 4.5018592832928155 5.5222139000724155
2459411 zr 6.641759949124147 -4.523467668231092
2459415 zr 6.568756679486459 -11.128658744177642
2459427 zr 5.1114537836711795 11.17553253424444
2459430 zr 6.088279953363801 -4.523467668231092
2459438 zr 5.632509448727118 6.0852055379142485
2459450 zr 10.93089015029921 19.178166873484884
2459477 zr 10.593891724584116 -0.07927479732404663
2459477 zr 8.921171978597151 -0.07927479732404663
2459477 zr 8.978874711662458 3.8363468528320936
2459477 zr 9.531271711529287 3.2754255368167833
2459477 zr 8.954099408096475 2.155131598740695
2459601 zr 6.641759949124147 -4.523467668231092
2459639 zr 4.411557213158933 -6.733314463547399
2459641 zr 3.299538341354386 -8.385364975272148
2459675 zr 3.8958297432889375 -1.1933945930210135
2459677 zr 4.468810264854714 1.0368998726135004
2459679 zr 3.8707931957299326 -5.076692020106986
2459688 zr 7.827624152688583 1.595769512246908
2459690 zr 5.07860502893005 7.212765619410372
2459702 zr 3.874359970322419 -4.523014564098508
2459710 zr 7.181998023099481 -5.626439317523025
2459712 zr 7.777319930664918 -2.3008307300415067
2459717 zr 7.248452232610185 -0.06578253050175603
2459719 zr 3.9318774120777444 4.41811542206734
2459719 zr 5.087968786808255 8.362694992663942
2459724 zr 3.8958297432889375 -1.1391576548438436
2459732 zr 3.9066092041964384 0.7074739505733316
2459734 zr 4.4811751187439235 3.035035234132184
2459738 zr 4.431920036056012 -3.3628310925864877
2459743 zr 8.317507248081938 -2.1386817995456138
2459747 zr 3.3577872780361786 4.368158936731984
2459749 zr 6.116382176784683 1.120456014683052
2459751 zr 3.8707931957299326 -1.39135791513884
2459753 zr 3.867229704745874 -0.9444298263671298
2459759 zr 3.367078016873422 12.900808137234764
2459761 zr 3.3577872780361786 13.226489612746189
2459765 zr 4.493574185231708 20.42617326266398
2459773 zr 6.071480633974327 23.614004558740056
2459773 zr 7.4515270313145034 46.676781024706806
2459775 zr 6.1786645046935975 38.32988317984443
2459778 zr 4.472928087250619 42.067800010605204
2459784 zr 6.369342663907127 77.036531567032
2459787 zr 3.9138120763442914 61.59676916282904
2459789 zr 4.510159657133737 70.3599824035005
2459794 zr 5.050617025310133 74.68963778553805
2459798 zr 6.660137187465189 70.88413700571188
2459806 zr 5.705607980393682 83.45698329334172
2459808 zr 6.060306847931033 60.65752822322848
2459810 zr 5.468924513581409 54.80516826237114
2459842 zr 8.440986156174029 52.47251764738705
2459842 zr 7.3020580510015245 51.34808878177266
2459842 zr 6.161615788272894 49.66532435789877
2459842 zr 6.241581045484868 57.55815843770203
2459842 zr 7.1621808202821295 39.66579850382236
2459843 zr 6.715574556072357 48.59786946501191
2459843 zr 6.623433418881084 40.26112208199942
2459843 zr 6.666274226284216 44.137273385220226
2459843 zr 6.105125755176423 43.582006282234886
2459843 zr 5.674164586804426 57.050592556658614
2459936 zr 5.529704565328475 11.823931152598949
2459936 zr 6.127659352597267 16.26403265503807
2459936 zr 4.967575064160812 10.719008223597417
2459936 zr 4.940198942551435 7.416425292801524
2459936 zr 5.555228521903513 14.595159526818225
2459938 zr 5.0599291798665815 21.4969244452575
2459938 zr 5.674164586804426 27.145038577675116
2459938 zr 6.116382176784683 14.787498164716006
2459938 zr 5.7108654603338564 31.12978529139037
2459952 zr 8.143164123779187 -1.8320867502895322
2459970 zr 4.489437355831229 15.515264750944212
2459977 zr 6.8720003823677605 27.131499367701302
2459986 zr 6.796466412349714 19.288678236473302
2460016 zr 7.116153069443663 -4.045036966706019
2460045 zr 3.3608813390579426 7.8834452805964
2460049 zr 3.3608813390579426 7.66354621849509
2460051 zr 3.94638969999202 11.490825797271999
2460053 zr 4.44418281752281 2.432518029215986
2460055 zr 3.860112561514067 -2.0972200808462027
2460057 zr 6.672416920128746 2.7867115897324855
2460059 zr 4.493574185231708 8.836629215858789
2460061 zr 3.8707931957299326 -0.7333039697082606
2460063 zr 3.867229704745874 -1.379422425846096
2460067 zr 8.970608669674622 7.344589245306557
