jd filt fluxerr adjflux
2458207 zg 9.519958436140001 31.468210559230062
2458207 zg 9.183506843780268 29.360759378839482
2458223 zg 2.3869639748310614 43.312135167100145
2458233 zg 5.051738218741789 43.3672045301031
2458243 zg 2.506912371949274 48.0092008833487
2458246 zg 2.6447988909448745 51.408051564001646
2458249 zg 2.7821910411238293 49.2367167773507
2458262 zg 5.437792730316311 59.330571516070606
2458267 zg 11.02768740802635 35.78126419140304
2458273 zg 2.4118540285749246 58.08326748731617
2458279 zg 2.463964380901689 57.49946326731895
2458282 zg 2.5445491360044525 56.73815892704852
2458294 zg 8.540361617848044 66.17407403011516
2458300 zg 4.727958516382475 71.61260793728304
2458303 zg 2.682383411539515 69.82501607516765
2458333 zg 4.440242887753297 77.72440550533761
2458336 zg 3.832424988323892 80.97604022258973
2458488 zg 2.9362424692852604 84.80979431907743
2458488 zg 3.310762326185941 85.60044253476103
2458493 zg 2.7173428569700016 81.34313025403142
2458494 zg 2.464903769401665 81.97644230463628
2458495 zg 2.4185274429509995 79.98697011532413
2458495 zg 2.947826569494247 80.98336661414001
2458502 zg 12.131266186803323 95.64659392398484
2458502 zg 11.042292269565593 71.46239410546366
2458508 zg 7.341870625056774 75.85989072580607
2458508 zg 6.682476055549214 79.5151802188643
2458539 zg 17.90390571056606 90.71200375398303
2458544 zg 5.0730592097463845 66.14208010131294
2458568 zg 6.578551546866911 61.73600297229908
2458582 zg 2.648385582711153 54.19058816211223
2458585 zg 3.1542196690916313 53.061927707260075
2458588 zg 7.110494910268278 55.991889792657965
2458594 zg 11.345246385075995 38.10184433589607
2458597 zg 3.2937801967083713 52.78515584929794
2458606 zg 2.5339142620355015 51.99529776871305
2458617 zg 6.225729874263113 46.42244944576392
2458628 zg 2.4051028263166225 43.945778496252075
2458633 zg 2.603663635562938 47.924110524623465
2458634 zg 2.6181043231642294 43.169499442468826
2458634 zg 2.5502339401364007 42.66516341276368
2458635 zg 2.0570894616436846 43.21276059146348
2458637 zg 2.463964380901689 43.8850090074396
2458640 zg 2.5903782943908165 41.49909349049558
2458643 zg 3.7358084585602387 44.36596825212271
2458649 zg 10.587830043053884 41.277110308846474
2458652 zg 6.112256644842994 50.20938696013313
2458667 zg 2.963610887267149 35.931629302602815
2458670 zg 3.789163291046875 41.80655551005859
2458673 zg 5.441937753807023 36.803695820071944
2458677 zg 7.979456599407652 47.66220383525881
2458680 zg 9.904941326287474 31.85127375569477
2458683 zg 5.205364875296668 42.043093511114215
2458683 zg 3.5065957864985453 30.143439491426108
2458686 zg 3.335046771457907 35.00443300965479
2458686 zg 3.4719475997542713 38.22787459247878
2458853 zg 3.137473174815619 20.7263242242612
2458856 zg 3.225101009970095 13.103599088459113
2458874 zg 2.430157522209351 13.749497881137966
2458877 zg 2.1448650321666904 11.65619600315349
2458896 zg 3.446044288196608 15.735238257906296
2458900 zg 2.765433326934382 18.458951467383095
2458914 zg 8.755044911397913 29.60997083350391
2458937 zg 2.2306653712968156 17.45528106544523
2458940 zg 3.752093595011984 13.460681459656794
2458944 zg 7.818600967765284 14.845249959715467
2458954 zg 3.227065602562772 11.93602283975984
2458963 zg 2.67512032629031 10.969865845475297
2458969 zg 4.2756950923429375 9.366998022377546
2458972 zg 5.311435866965447 8.077993411207153
2458980 zg 1.9517840469898573 10.963215665001671
2458986 zg 2.226546471426038 10.195585318741433
2458992 zg 2.502515243938468 6.981759443607913
2458995 zg 2.846983023686527 10.65298526424717
2458998 zg 2.9095188924861604 15.66172510876897
2459012 zg 2.2532575848300316 13.216327845281807
2459018 zg 2.3425124239326385 7.6918882106343665
2459024 zg 2.385028749384786 11.700015127778132
2459027 zg 4.814823509713628 8.53774884114375
2459032 zg 7.830952627436903 7.7655179878776615
2459036 zg 5.0810193673784365 3.6657896114658985
2459040 zg 2.810583754318006 9.068655196083846
2459045 zg 3.408226327221326 12.397053656528033
2459218 zg 9.264252173960967 3.5704140400545517
2459227 zg 3.0421797943311626 1.8588495767859812
2459227 zg 2.8105217323265843 2.8373865108561924
2459229 zg 2.727854372028086 -0.9927473881595974
2459230 zg 3.0615201595994264 -1.4748550950869648
2459250 zg 4.187677461824451 11.775400724134164
2459253 zg 2.4925613957682997 3.807985483533814
2459255 zg 3.145830134015237 -3.5200450906711245
2459257 zg 2.5937830547590424 2.842755720333322
2459264 zg 2.408140950366506 4.3960686434327965
2459268 zg 3.3817159318163545 1.4166516059953562
2459270 zg 7.087359247550079 1.5776954796750384
2459272 zg 12.06693893177012 17.191964932173107
2459290 zg 2.584844521418112 2.8138053000702383
2459292 zg 2.7216030881908106 -0.12960819898461606
2459301 zg 14.2893024467867 12.966453259811718
2459305 zg 6.460397463503845 -0.4906304085898441
2459305 zg 6.933225029521895 12.230559405587426
2459307 zg 3.492887525080776 6.8267343977657
2459311 zg 2.5283338862117604 2.2010621533401036
2459313 zg 3.958104893699684 4.055559043565654
2459321 zg 2.6288341771206514 2.499809761003327
2459325 zg 4.636022306014282 -1.1605212352778524
2459329 zg 11.056854051316039 15.44226658019112
2459335 zg 3.1086595486544506 -2.7264241546428822
2459340 zg 2.778904763389206 0.8140515028232802
2459344 zg 2.2529472308472975 4.276942507457802
2459346 zg 2.5715795825440515 4.79063753084124
2459348 zg 2.389646434414717 1.1798177499216336
2459356 zg 7.453847510857799 -0.45988365865189307
2459361 zg 8.71239207451523 -4.101481695040475
2459363 zg 2.697689216505628 2.317847967842525
2459365 zg 2.7937093094904397 3.0431847547532302
2459366 zg 2.509772898858565 0.4155190925621379
2459368 zg 2.371172733646241 5.057074512366146
2459370 zg 2.657030450653306 3.0781185894294616
2459374 zg 2.752727314954931 -2.4528025393587045
2459376 zg 2.7566837603399548 1.491912757305496
2459378 zg 2.571705191398812 2.258905820554639
2459387 zg 15.832952916112427 26.408722472572933
2459391 zg 5.863890787471957 9.266892555736513
2459393 zg 7.908181611376251 -0.6704601328775692
2459395 zg 3.431935788817741 4.411094186942698
2459397 zg 3.401651016749372 3.3658080788291977
2459400 zg 3.8948580949903358 4.462937724167402
2459408 zg 3.679978499147177 2.5355165445976726
2459419 zg 11.366578744607104 12.75630170421295
2459423 zg 3.98191182875028 2.854865121773428
2459600 zg 6.753391567939994 3.30290171952453
2459641 zg 2.2531833411505398 3.043253883853318
2459670 zg 2.312146167863026 0.6089785500394937
2459673 zg 2.6302702944481076 0.5078229271068122
2459677 zg 3.7994149669052524 -2.2002878660800067
2459679 zg 4.1211497911932735 -3.387872852376965
2459682 zg 6.82746115591037 4.695324092296107
2459684 zg 12.183344818095563 -0.18742007111300407
2459687 zg 11.81175533960477 -2.551733095193166
2459694 zg 3.5952217665111745 -0.20025210293541829
2459697 zg 1.9973454258395413 -0.3742531773214832
2459699 zg 3.1826186331080817 -1.5400447528620274
2459699 zg 3.8542255276398496 -0.5854444433321131
2459710 zg 6.289101929759158 -3.854910715913723
2459711 zg 7.57014941232773 -17.26121967089391
2459715 zg 12.248556195783594 0.6056567924145869
2459722 zg 3.5851068240489807 -0.6081412899222798
2459722 zg 2.5186062553293174 3.472118304624108
2459724 zg 3.390184256306131 1.7735491988044239
2459730 zg 2.773268481847825 -0.5483361019501451
2459730 zg 2.8339530701184397 0.5626905100220042
2459732 zg 2.6889616050219707 5.3130037966244785
2459734 zg 3.1709321390903566 3.9168584601983842
2459738 zg 5.401391415872177 2.3507390535070924
2459747 zg 4.925509683473914 6.603015147071376
2459749 zg 3.832206386714861 1.6578755445456643
2459759 zg 2.910234632592839 0.46464723549033016
2459759 zg 2.879917330655636 -3.240543207405133
2459761 zg 3.542222685999213 -1.064698540555486
2459763 zg 3.3972538902635856 -4.306022896051329
2459770 zg 8.328826699432831 10.196175579928454
2459770 zg 10.17987478911376 -3.5719597061564627
2459937 zg 4.273265909235875 3.6227368692028894
2459951 zg 16.678116071279952 23.49058646351181
2459957 zg 8.072410158564734 10.526082369563918
2459978 zg 3.6567159661537527 11.722611040879457
2459995 zg 3.322230664861221 -3.7834410251036767
2460016 zg 6.5365037833230835 -0.5671276348642541
2460043 zg 10.142322392372844 -9.670054707848058
2460045 zg 3.5098269683584142 -5.753865052763398
2460055 zg 2.974549370326104 -0.8133978450569961
2460057 zg 3.0628156297055193 -1.2158773707616315
2460061 zg 2.9243243076630097 6.173517165684047
2460065 zg 6.531093077896377 -7.024040659865883
2458198 zr 3.738022727617709 23.71887437071355
2458217 zr 4.510782711689889 18.12540964973465
2458217 zr 3.8499931808543275 16.696804283126145
2458218 zr 3.726278210060549 22.489268798196903
2458219 zr 5.5780901081769665 20.98162301458331
2458243 zr 4.361778653971582 27.238178969657824
2458246 zr 4.586188566228368 20.00090106743852
2458256 zr 3.9524437063209534 25.39378941985523
2458256 zr 3.7641393524668936 24.76951234752927
2458256 zr 3.293288403978959 28.8752713533288
2458262 zr 7.007178266328739 21.030688656738455
2458270 zr 6.27855583281962 26.244821999539028
2458279 zr 3.5782878755929097 31.050225562937918
2458282 zr 3.59811696449697 30.23530753006734
2458288 zr 3.858919270284279 31.20421715569334
2458294 zr 6.706532120730463 31.91404463398741
2458300 zr 5.006912171267698 36.30048874422828
2458303 zr 4.906479326615731 36.211151101259006
2458306 zr 6.08066698403388 39.173411774981176
2458325 zr 9.898667391971204 20.098083973594438
2458336 zr 5.692508044321233 42.94327874987112
2458458 zr 6.15406275061755 45.46143681667984
2458462 zr 10.818403918531475 36.58847653401699
2458462 zr 5.621934554817378 40.816339325004556
2458462 zr 5.306033325143683 37.18443348109756
2458462 zr 5.364903570051833 40.32033742336098
2458465 zr 5.632300085052255 39.07157405187834
2458477 zr 6.0808168123104895 33.69563839110749
2458487 zr 4.0296348432228415 41.65458698109732
2458488 zr 3.7537530069484615 41.76702897830939
2458492 zr 4.649988804434321 29.859699406641706
2458494 zr 3.5928735912804286 31.553507186413988
2458506 zr 8.051274216579719 32.99633518976013
2458509 zr 7.988954651683866 29.799147822209527
2458527 zr 6.972327824350015 20.5531985125917
2458539 zr 7.302509069692474 14.918814208659892
2458557 zr 4.331349050729491 28.224808737017028
2458560 zr 4.911519456694996 24.43872365289313
2458573 zr 4.862010235875427 25.646029225876998
2458582 zr 4.283740789505439 29.736709973789715
2458585 zr 3.6616369074574098 26.697341973776727
2458591 zr 15.167907951501967 47.553605610018394
2458594 zr 12.238150264602705 36.837604176121474
2458597 zr 4.3636700740429895 27.976606320909536
2458606 zr 3.7606740480791236 23.637959069822443
2458617 zr 5.411099570867436 12.027393921905075
2458628 zr 4.492246952895436 21.79842395349158
2458633 zr 3.9198161065799493 19.974575080416972
2458634 zr 3.4874916033257413 15.347139773955337
2458635 zr 3.0431350326065862 18.657333979897942
2458637 zr 3.4406614188393365 26.058243097590662
2458640 zr 3.6630423319034104 25.42610464161548
2458643 zr 4.01490503122022 16.579155394267282
2458649 zr 10.89265249458156 28.742670122478888
2458652 zr 8.278543603593464 18.163919018352104
2458655 zr 3.917959661560475 18.986886584958018
2458658 zr 4.571551565009981 17.986106624128546
2458661 zr 3.45870220401022 15.788647025400651
2458667 zr 4.119700963794188 18.38255742733537
2458670 zr 4.697339038464814 18.357303885007322
2458673 zr 5.255383699746554 15.097984822461191
2458677 zr 6.869071057262023 9.47807799108884
2458680 zr 7.946534963168777 13.290884506597973
2458680 zr 9.926056242413631 14.165852307700579
2458681 zr 9.265778261384959 8.800981191633891
2458686 zr 5.849056084268545 20.09450722376796
2458828 zr 5.3027805297015504 3.2646432953448805
2458828 zr 5.952313347028812 16.53590990151148
2458828 zr 6.196841448851643 11.527519906225407
2458828 zr 8.25813356799861 8.783851490536506
2458856 zr 7.473177069863291 14.326988386871067
2458874 zr 3.837737598065247 -0.09609633647189941
2458881 zr 4.106387793462163 9.552760387588103
2458887 zr 5.182074508184138 0.6895177588758479
2458895 zr 4.428941325892169 5.915470199425405
2458900 zr 3.8447286424584415 1.0871334528143786
2458905 zr 4.11433762077438 10.236326894189617
2458911 zr 4.057513376808781 5.093653855239948
2458972 zr 5.297677607175627 5.937091786953856
2458986 zr 3.5132832945075143 3.0001300415505665
2458992 zr 3.5961842745412995 0.2693860663261023
2458995 zr 3.3397439412313674 1.5814969521329116
2458998 zr 3.1909838763514675 4.048423753360312
2459001 zr 8.099755944902965 18.402275572182695
2459009 zr 6.232837232618252 15.539147688791768
2459012 zr 3.925183461292584 11.191580108053394
2459015 zr 3.679950167088365 -0.2683612079743867
2459018 zr 3.715914332346483 2.139351031712829
2459021 zr 3.366896490569701 6.507816734350742
2459024 zr 3.9981580702050765 6.2289360729471746
2459027 zr 4.61585233857343 1.0012374092458902
2459036 zr 8.435094568149564 5.101391738493355
2459043 zr 4.586695685312716 -0.3141684846700752
2459045 zr 3.671768374821805 -0.15589400612106807
2459186 zr 8.9508569916159 -16.165078980833776
2459186 zr 9.401892594570688 1.2905377365027242
2459186 zr 9.978054333702444 -9.37417582087459
2459186 zr 11.797229314582804 -1.2375696088312944
2459186 zr 14.808998339518945 -39.28772169252003
2459189 zr 8.636821432330972 1.844141869223905
2459189 zr 7.893869745457305 3.6574394804578745
2459189 zr 7.2296028872668385 -3.035453716614361
2459189 zr 7.717838540568558 11.58392168128407
2459190 zr 6.033461363252991 -6.190624752112582
2459190 zr 5.492934618392251 7.210736311070852
2459190 zr 5.884174255486468 6.949144595549177
2459190 zr 7.387065217888957 2.8161142588361576
2459193 zr 6.598720912515096 -2.658990138793751
2459194 zr 8.81718437785021 -5.474834348788034
2459194 zr 6.867517691348751 1.2338353210151547
2459194 zr 6.2213664903267984 9.583191418154783
2459194 zr 5.945200915081853 -8.471404735917627
2459195 zr 5.827547010818011 3.872749421014484
2459195 zr 5.5373713964415145 14.501521275125887
2459195 zr 5.745180172745953 5.284849889961173
2459195 zr 8.467920744995256 -1.1476735016504005
2459196 zr 7.01948535961159 -7.144154700701963
2459196 zr 8.597138842439993 0.8725052014277785
2459205 zr 4.217935427618171 7.162199659316258
2459217 zr 6.828907331034792 2.1544491732353195
2459219 zr 7.306308552975322 -2.251030489906994
2459227 zr 4.152025004573852 7.383427175366848
2459227 zr 4.48562727314125 7.505279114558361
2459228 zr 3.7606740480791236 1.5928518690911666
2459231 zr 3.5468427765296386 -1.3574813115284305
2459231 zr 3.816587968752661 -3.3336510795059064
2459233 zr 3.566497612358869 -2.5678700285870817
2459253 zr 3.345259132248894 0.6019750710785161
2459260 zr 5.521861705265756 -0.7613617046308456
2459265 zr 3.539265727749663 1.1969862772944733
2459272 zr 9.504595717485516 -2.15460772791743
2459292 zr 3.57307339841137 6.1132108088686
2459295 zr 4.377877677672152 -6.048904310724439
2459297 zr 4.845971392153704 -3.1714818843409676
2459305 zr 5.9797879771099876 -4.479061557775952
2459307 zr 4.186970749038509 -1.5777294434765474
2459309 zr 3.9035519210767786 2.03507896183474
2459311 zr 3.4788999387826745 -2.4738189407469413
2459316 zr 3.5272962577703932 -0.4602217015654453
2459316 zr 3.28722752653846 -0.37288856232545675
2459316 zr 3.293288403978959 -4.579641749797487
2459316 zr 3.404315208347868 1.5550166233791884
2459316 zr 3.369998945351137 -2.5494949372689035
2459316 zr 3.260091316142351 -1.8805454711165057
2459316 zr 3.4175365710741703 -0.5663460623850911
2459316 zr 3.2057127887064376 1.8702325550110148
2459316 zr 3.3762124338965847 -1.2202078905369718
2459316 zr 3.1770918094592577 3.450850272763274
2459316 zr 3.4333112031549926 0.9246232917662609
2459316 zr 3.4459833176330315 0.28023267499041915
2459316 zr 3.6250430679808114 -0.3138224027957197
2459316 zr 3.3824373786592328 6.057930648803616
2459316 zr 3.3762124338965847 -0.4987588292297622
2459316 zr 2.938469746170356 7.056827266769984
2459316 zr 3.3893246536816664 1.3906677749185334
2459316 zr 2.9683918031955274 -0.3343014127631494
2459316 zr 3.4618892539300723 -0.3293917940284352
2459316 zr 3.251095784452244 -1.826001371494019
2459316 zr 3.179249486120438 -0.7345795782944313
2459316 zr 3.2963230319766397 1.8163501963138406
2459316 zr 3.2661021607682477 -3.2616940170804822
2459316 zr 3.1240977189957153 3.6560329394870807
2459316 zr 3.278157118221623 -3.470492899229402
2459316 zr 3.3237608263986402 -1.4275195825457943
2459316 zr 3.1501019516320476 0.06177976773527638
2459316 zr 3.3391026093088456 5.23372744395548
2459316 zr 3.3955737743057197 2.175868192686242
2459316 zr 3.221289559141492 4.713777063704069
2459316 zr 3.3243992116686436 -1.1279691610723124
2459316 zr 3.3335975682972445 3.0740620251424255
2459316 zr 3.7656672179239123 1.7540580294668495
2459316 zr 3.474363684184083 0.6407803342411422
2459316 zr 3.5753056124790983 -0.9868708785801468
2459316 zr 3.675151756337319 -4.399402904588306
2459316 zr 3.519453867538651 2.096917183643437
2459316 zr 3.5389569276778805 3.3494768088637548
2459316 zr 3.626118041308486 -3.675437033939473
2459316 zr 3.468272166676842 1.5933311533002854
2459316 zr 3.654898131557638 3.017364227329389
2459316 zr 3.618055936333981 5.608637767029174
2459316 zr 3.2473164291321317 2.085976169031616
2459316 zr 3.705742829294008 2.300301196502663
2459316 zr 3.6765623681078616 1.5219039470522828
2459316 zr 3.4900348604272278 4.166419817082742
2459316 zr 3.4949578112996225 0.2625829979511749
2459316 zr 3.251095784452244 -4.301254380669275
2459316 zr 3.3520707054092633 5.555912236767303
2459316 zr 3.6314099308600354 3.763504988455929
2459316 zr 3.6413774053713657 -0.9509900971914031
2459316 zr 3.651533395731955 2.254569999472511
2459316 zr 3.4949578112996225 -1.252115778317495
2459316 zr 3.6935326089444787 3.689521222323049
2459316 zr 3.305443703977994 -0.5239056473891301
2459316 zr 3.2175448531592292 5.288631035610152
2459316 zr 3.632803753464314 1.449030365963031
2459316 zr 3.4555180881204515 8.456586145464245
2459316 zr 3.39179632242676 -2.6708370831079202
2459316 zr 3.6414577625077733 2.0700508164973526
2459316 zr 3.6361512307053196 -1.9198728809390462
2459316 zr 3.7503800250909114 4.953456227317848
2459316 zr 3.6381054000204407 8.339913631419519
2459316 zr 3.582959817365913 4.356957306004382
2459316 zr 3.639501792507072 -1.1604345044470044
2459316 zr 3.1939242349910697 4.6914672211832915
2459316 zr 3.39805000022892 -0.9837293028752969
2459316 zr 3.2242578432046227 2.286670295238353
2459316 zr 3.2005879436800604 3.4088448012857357
2459316 zr 3.223477252075001 0.8966066475469623
2459316 zr 3.0473659440295897 -3.2071609103321954
2459316 zr 3.076955558798865 1.1857392737784012
2459316 zr 3.0041473027606185 5.605103143396236
2459316 zr 3.0041473027606185 3.376164890748824
2459316 zr 3.265311439151325 1.1254249507761322
2459316 zr 2.919585672071026 -0.47715022552138797
2459316 zr 3.0180138166755603 -1.2100693178100432
2459316 zr 3.109743793823885 0.4585857184945379
2459316 zr 3.0459391546991283 0.2902020369345991
2459316 zr 3.2116233720673386 -3.706130991224321
2459316 zr 2.882251836675183 4.2310467446470765
2459316 zr 2.9493154350142716 2.1429648610775662
2459316 zr 3.2205096866318876 -1.0122870086504834
2459316 zr 3.1617287603267767 0.37267905550808045
2459316 zr 3.0557977709391406 3.5231394546440615
2459316 zr 2.990344499689899 -1.005271920205131
2459316 zr 2.7331000486513877 1.9943286256051738
2459316 zr 2.938542150375219 1.6422457711529683
2459316 zr 3.079790845096623 4.42793058099621
2459316 zr 3.0571815057059406 2.235948682628379
2459316 zr 2.8166437749672384 1.5259246212062711
2459316 zr 3.0712928143792646 -3.950284013597604
2459316 zr 2.855827193003626 0.8343975834994787
2459316 zr 2.997261324521971 4.164082482092792
2459316 zr 3.0110960542055136 -4.014144011504388
2459316 zr 2.982093277223183 -2.505234760456996
2459316 zr 3.135628547864161 -0.7212207110255531
2459316 zr 3.1472019362254096 -4.242186145077013
2459316 zr 2.930361661101938 -2.970760505635492
2459316 zr 2.971200261401844 9.423221482700326
2459316 zr 3.109743793823885 -2.332576604792509
2459316 zr 3.1183482154405096 -0.0828747327242001
2459316 zr 3.044560508420513 -1.6804567646571782
2459316 zr 3.2421250740271077 0.16521222837364802
2459316 zr 3.2481027931115967 4.264421909977188
2459316 zr 3.092606111318001 0.2755969201486327
2459316 zr 3.1733984827692328 1.0044977682628193
2459316 zr 3.1133630366688068 3.6903312370193255
2459316 zr 3.081233491352731 2.2605442702405574
2459316 zr 3.0557977709391406 -2.2722613502278923
2459316 zr 3.020794790614692 6.3354804807117855
2459316 zr 2.9331341381872598 5.032086908441646
2459316 zr 3.0826287439925344 1.2110090146636743
2459316 zr 2.935836899040509 -2.708047687051467
2459316 zr 3.020794790614692 5.390877357564899
2459316 zr 3.2153611863956524 1.9132915732582323
2459316 zr 3.1414099123039887 5.757985536621493
2459316 zr 3.0983081524639617 3.58704037352274
2459316 zr 3.153004639282003 0.31715049784874694
2459316 zr 2.9629288565271303 2.6897130552183013
2459316 zr 3.115477432841433 2.9302946881310916
2459316 zr 3.095455818947574 2.6323331831046413
2459316 zr 2.9629288565271303 2.69896811498786
2459316 zr 3.001381654665551 -1.2737282398548533
2459316 zr 3.0152354029289024 3.611271503272162
2459316 zr 3.107633288927834 -1.3083207679109738
2459316 zr 3.223477252075001 0.22876516471087793
2459316 zr 3.223477252075001 -2.92232002932033
2459316 zr 3.1733984827692328 2.3582848322088834
2459316 zr 3.1011631142867984 -3.396527998375488
2459316 zr 3.1457284032707498 -6.948194719412618
2459316 zr 3.131275094132281 2.273005555640534
2459316 zr 2.8955557066827997 5.187041671719745
2459317 zr 3.2811778033701593 1.7350596198462611
2459323 zr 4.174679926539209 -0.6191344357336239
2459325 zr 4.035523928987902 -2.4746957221040584
2459329 zr 10.146482746676472 6.519848599584558
2459335 zr 11.551042494483557 6.6589960193908375
2459338 zr 3.7194204700845748 4.363326419687786
2459342 zr 3.39179632242676 -4.070820175459166
2459344 zr 3.8519024224291702 5.579121615117228
2459346 zr 3.7399491131272242 -1.682938190245138
2459348 zr 3.4555180881204515 9.368889341684635
2459352 zr 3.7227656078258797 -5.819009852845295
2459353 zr 4.865976120118376 8.478059578680366
2459354 zr 4.9610085245644475 3.888702836893576
2459356 zr 7.04203223890964 -0.6341050202976001
2459361 zr 8.478004025420729 1.7986544057234322
2459363 zr 5.774119738682839 6.693973839769784
2459364 zr 3.905401539283208 0.7233205711024804
2459368 zr 3.3237608263986402 0.3328892271319399
2459370 zr 3.4470051924313703 2.6090258877375203
2459387 zr 9.137592028548369 -3.107029385018246
2459391 zr 7.11120447217693 -1.0412714795801918
2459393 zr 3.9270433291617453 0.6026124527410327
2459400 zr 3.9126885272466163 0.7158447314557578
2459402 zr 4.144383731901752 -0.47639354108765963
2459404 zr 5.191629039541664 -1.9774273901751083
2459406 zr 6.504288358898369 2.4218237059199375
2459410 zr 6.710318997695275 5.696615079673948
2459415 zr 7.185747182560857 2.1103381763359623
2459419 zr 15.908341589104653 10.183012297885657
2459427 zr 5.202408250015262 12.480197081591523
2459551 zr 5.1071762529546 7.038294617273956
2459551 zr 5.229805356635791 2.1750372160734717
2459551 zr 6.012924983283883 -0.9710222478470552
2459551 zr 6.605633022841144 -0.43412751908478325
2459551 zr 7.699666828670718 -7.483354304743972
2459601 zr 6.342669835997213 -8.874825743701898
2459637 zr 5.051314741175673 1.6848336989803179
2459670 zr 3.1472019362254096 0.39667784635084125
2459673 zr 4.0724893783899585 4.96468511946716
2459675 zr 3.4459833176330315 1.1847027637938214
2459677 zr 4.813000079137307 -6.33175339919847
2459679 zr 3.9764902948708283 -4.9951851140788
2459684 zr 11.003570964823725 5.360410124253706
2459687 zr 10.379183551433567 -7.050433122900923
2459690 zr 4.914189586173689 -2.2323042767602006
2459694 zr 4.132948182531805 7.6182138795676755
2459699 zr 3.7692935409653194 -8.462512940094607
2459699 zr 3.7850818642073545 6.35406947209272
2459702 zr 3.469300651029275 2.4298220767493386
2459709 zr 5.356778057363179 -1.0443446416052047
2459709 zr 5.721182290722831 4.252520152874776
2459709 zr 8.823314588750952 -3.8194691327514656
2459724 zr 3.887543636722417 -2.3020188072735537
2459726 zr 3.7414671597577804 -1.5398026167485521
2459730 zr 3.792060668411211 -2.888241062535272
2459732 zr 3.7936735820138243 -1.7055904274907636
2459734 zr 3.675151756337319 3.972788713948373
2459736 zr 3.5782878755929097 -2.1809181488906364
2459747 zr 3.6280668185071607 2.5658670998602457
2459754 zr 4.46090714790151 0.5663941655336184
2459756 zr 3.5093748950839383 4.595694163827853
2459759 zr 3.9780083748071675 6.524362530281007
2459759 zr 3.4885257870261164 3.187044922035508
2459761 zr 3.572014150323633 -4.381477276461569
2459765 zr 4.461695494197723 5.42782363227482
2459772 zr 8.075212145369333 6.189189203451792
2459774 zr 7.625566364340125 -0.9281872874836314
2459774 zr 8.572266984858269 1.4179926313983955
2459776 zr 3.8095640251795464 -4.709873759041208
2459776 zr 6.959496143903396 -6.663311895282954
2459778 zr 4.933668590910816 0.14271070831675486
2459778 zr 4.908862257493424 -2.4924173351855914
2459914 zr 8.572266984858269 3.7262684654798397
2459929 zr 11.401973342910663 -2.9494269236571053
2459929 zr 8.259046713429244 -12.507313794595253
2459929 zr 7.692578438271937 -0.192218026240647
2459937 zr 4.636851460225859 3.229729991004279
2459994 zr 4.156233388144459 -0.9769184423634171
2460043 zr 6.998062204701957 7.87222387092427
2460045 zr 3.4206856885790846 1.8482204088624472
2460055 zr 3.8553667105548954 7.516636848205361
2460061 zr 4.248738090954887 1.8332820902212112
2460063 zr 4.848082183683439 4.517091638099561
