jd filt fluxerr adjflux
2458203 zg 3.669584929038332 28.910064999929556
2458203 zg 3.8813774033822543 33.79613856274247
2458206 zg 6.071409604933013 34.51668599260064
2458206 zg 6.082025197235115 30.72337214803312
2458229 zg 2.5457818246430906 38.864838427733176
2458233 zg 4.858198738746117 32.69576836219509
2458236 zg 13.71127186647602 42.26939102595401
2458236 zg 12.834578962253183 47.376838551577784
2458236 zg 11.962114930454558 54.46320782568192
2458267 zg 11.86322553850097 25.069570566976548
2458270 zg 5.79089971178236 38.50971708382874
2458273 zg 2.4254949804007397 42.706270559712834
2458279 zg 2.045664579087676 42.66099204910761
2458282 zg 2.310893980499919 47.315883830104454
2458288 zg 3.2803564804031358 44.428010879658835
2458294 zg 6.935559986976022 45.49024891260988
2458300 zg 2.419809709491099 44.33321736920128
2458305 zg 3.0289675042036683 47.9592126963421
2458308 zg 23.40807181733801 41.070074921888356
2458332 zg 3.301970771160371 28.172602492766355
2458336 zg 3.2706622431225476 23.12111322620075
2458349 zg 8.990499592253325 15.732607560805466
2458487 zg 3.4016890662215844 -1.9888256889832867
2458488 zg 3.164090452971323 -5.08000193781197
2458493 zg 3.1550557698006694 2.4926776456504944
2458494 zg 2.5356526234441312 -2.1657875741970196
2458495 zg 2.26982645851057 4.295061476698049
2458540 zg 3.3570662983375295 -4.016108775658923
2458540 zg 3.3144141948675125 1.10897108804674
2458544 zg 6.687050804958092 8.914765944197388
2458544 zg 8.325500823166447 3.9563919119549213
2458558 zg 3.42711301973945 3.8646278540703225
2458568 zg 4.228568397683618 -0.7996698336796402
2458568 zg 4.001534147064263 -2.3516824064110424
2458573 zg 2.9311988476142896 0.6488924416311617
2458574 zg 2.3877281387272005 2.2066843871574986
2458581 zg 3.073934534458039 -2.2214049382692367
2458581 zg 2.918938250812671 -4.264174267110975
2458582 zg 5.365546115987495 -6.65925055874999
2458584 zg 3.842203580884429 -6.468145573463942
2458584 zg 3.7750578746960732 -2.7237687027265336
2458585 zg 3.5919119693448507 -5.236426822796916
2458588 zg 5.327472586809036 2.8824858651501675
2458588 zg 10.850180692921576 -15.54363775429733
2458597 zg 3.402834578466689 -3.48827005012916
2458597 zg 3.1475542530713034 -1.8510582155824689
2458598 zg 2.3342342567033394 1.4081917840990887
2458606 zg 2.1738260512632124 1.230661154370835
2458617 zg 5.967026963229277 4.048197851853401
2458633 zg 2.5291816447902016 -6.557453195634848
2458633 zg 2.633453683046714 -2.4615728341057843
2458634 zg 2.4745824522891597 5.478109514427298
2458635 zg 2.0614043697821405 -1.542314126688491
2458636 zg 2.161302327828823 -0.9537930716427131
2458639 zg 2.614747657174977 -0.9101268523765433
2458642 zg 2.569969709544735 -2.5680094804319884
2458645 zg 5.151793212048068 2.6346529175750253
2458649 zg 9.849063056310808 -24.718628792625104
2458652 zg 5.901085737621109 -5.019831162307697
2458661 zg 2.6575760827390065 3.2462544299769767
2458665 zg 2.5946913656296386 1.006464779517342
2458668 zg 2.368101866922868 -1.6822592446988485
2458677 zg 6.335704566451133 3.9529302075494592
2458678 zg 7.824704800420125 -2.5266751127308598
2458679 zg 10.849519368998767 -4.935773660973842
2458680 zg 7.694300600766034 3.3205844331166636
2458680 zg 7.724480600074856 -9.326166462379375
2458683 zg 3.323762354450261 -1.6140191849553598
2458683 zg 4.337484805165057 -5.028144251058155
2458686 zg 3.6935232512490144 -0.20650002474745954
2458690 zg 3.392620392557362 2.966320665213456
2458716 zg 3.9721581120785032 -0.8103825636764423
2458720 zg 4.516873901118761 0.8322903698354599
2458726 zg 6.121470909777842 -4.754611420401223
2458853 zg 3.2331806027858767 3.9003218046529575
2458874 zg 2.376842367325432 0.7710643067649806
2458882 zg 2.7114886708519625 0.7539025290893433
2458887 zg 7.2714648918496225 11.713473469291417
2458891 zg 7.661501815536893 -9.067743300948655
2458896 zg 3.4389824904306887 -1.6515011513186049
2458900 zg 2.3888032014791754 -1.0075861778429938
2458904 zg 2.166606398150446 0.6148285071619604
2458911 zg 2.9199876548725965 -0.7403290033843893
2458913 zg 2.526553081040587 1.289766871495215
2458914 zg 2.2768966664740344 0.703206788591056
2458914 zg 9.444994144673709 -6.420882819313672
2458939 zg 16.524022639266956 35.47876096709786
2458939 zg 11.588233131311533 -13.097701807526986
2458940 zg 3.7880004068827664 -2.6028659295204095
2458941 zg 2.6386630542183753 -0.31919300656649824
2458943 zg 5.26687508980883 9.948418248810704
2458943 zg 4.708575443686385 -2.2932866831102037
2458944 zg 7.336922114671673 12.877689639136646
2458955 zg 2.6565686398342057 -1.0786198664099147
2458963 zg 2.387421058188926 -0.3753965394879071
2458963 zg 2.540553979628563 -1.0562057355237708
2458963 zg 2.4688342606941376 -4.281429998314152
2458964 zg 2.6157749725825403 1.6518324473092167
2458965 zg 2.2181297556647426 4.341621681478425
2458966 zg 2.5652460067667384 -4.025979058712335
2458969 zg 7.661218115068589 11.94405096574223
2458972 zg 4.9307925280390865 -3.2973917450701706
2458980 zg 5.998709764294154 -2.3787493006579776
2458992 zg 2.403257908758103 -1.2526674569493965
2458995 zg 2.4523621303918963 3.3968813256161194
2458998 zg 2.4152561260807945 -1.8333776189200057
2459001 zg 6.38562127883529 6.438425378142479
2459012 zg 2.078336100473458 -2.1216911100896914
2459016 zg 2.195409409326167 -0.730663923792305
2459019 zg 2.364521793793448 1.7086457417855423
2459022 zg 2.3899283306848425 -1.675737443936379
2459025 zg 2.582978877154341 0.6922256241196467
2459028 zg 4.107199296959608 -1.5270620381632722
2459033 zg 6.707455508797649 8.214565106114634
2459040 zg 2.4379297190108655 -1.0886247794271502
2459043 zg 2.6480469715191193 3.170062958684
2459218 zg 7.840554698354827 4.083210288027897
2459229 zg 2.4967853935766997 -0.5582497511651257
2459232 zg 2.4910639540736597 2.4135700639956528
2459253 zg 2.2428507792728856 -2.7701987178839147
2459255 zg 3.4500270175591328 3.4701667462883714
2459257 zg 2.416611179673015 1.4243009692287103
2459269 zg 3.930410998384614 -1.5180823480685661
2459279 zg 4.637007409618898 -9.212194859195103
2459290 zg 2.2592291224815892 2.9434820793503094
2459295 zg 4.853480603972545 -3.8664504258765042
2459301 zg 12.457020964268885 -24.443722511482274
2459305 zg 6.350026132282097 -8.009754348599664
2459307 zg 3.0767670370077926 1.7112313230108263
2459311 zg 2.3392339760572876 0.8656803600147596
2459313 zg 4.147694180382881 3.1577716185846825
2459317 zg 2.1364353548352604 0.03449770587642695
2459320 zg 2.475964641585735 -0.5146774793632807
2459322 zg 2.7351675556219197 -3.6154120167603514
2459324 zg 2.8643316558021135 -5.184763886007504
2459334 zg 2.84058010101902 -5.370733983966066
2459339 zg 2.4542314731826824 4.17833003751457
2459343 zg 2.3485530799948524 1.293420369008854
2459345 zg 2.4389358653364526 -1.5886493768849483
2459348 zg 2.1833105896413434 2.95931302124054
2459349 zg 2.2437787017116793 1.6288737122598265
2459352 zg 3.748232545642163 5.653805347260911
2459352 zg 3.5482314579648127 1.6758937769113977
2459356 zg 6.13776657928145 5.000081068156908
2459356 zg 6.533359263451006 -4.685472418800222
2459363 zg 3.951481183022866 2.5915298455790134
2459363 zg 3.5911865546577384 1.5613861135058116
2459366 zg 2.2677771767915695 0.8323310143363505
2459373 zg 2.424787380901738 1.6175287851988882
2459375 zg 3.2137685524514525 -0.4749796321448544
2459377 zg 2.6154062284130144 -5.315542120593548
2459383 zg 6.231815638939995 -10.578225683244781
2459391 zg 3.8996232386625653 -5.227765053498929
2459393 zg 5.899568783793034 0.852979759756071
2459397 zg 3.5996843592768064 2.397699494471026
2459400 zg 3.346519498451374 -0.2223814833961854
2459402 zg 3.0337855433445644 0.8428852670777827
2459408 zg 3.5793736806694696 0.5440030947214237
2459410 zg 4.411212712064731 -3.158062363259649
2459415 zg 12.15550810574209 9.720740720339377
2459423 zg 3.591746273912738 -0.30605501153928816
2459425 zg 4.273875940738306 -1.3301930880471655
2459427 zg 7.050379311492163 -0.9499071177727746
2459430 zg 3.812095158863265 3.0426929597195214
2459435 zg 3.387530194784422 1.9684567390311507
2459600 zg 6.767810892383126 -0.32488602981766024
2459641 zg 2.131185150991945 -1.0238003794567356
2459675 zg 2.5234829815511093 -4.014858807966476
2459679 zg 3.5330065157184687 0.9301672952259147
2459682 zg 5.701096898587094 -1.7216859181149482
2459695 zg 2.2454046314338556 3.0635329202179653
2459697 zg 2.2091732838559923 2.4230619169839445
2459699 zg 3.2856590577368197 -4.21279982758376
2459699 zg 3.35833189509399 -0.892840073683413
2459700 zg 2.7091307428238833 3.6150122801531115
2459701 zg 2.703409892051538 4.726625953800105
2459711 zg 6.595926970880244 -0.3250640851625621
2459712 zg 7.139615514920083 -9.868568777230065
2459712 zg 7.849908164236072 -2.898421807016687
2459723 zg 2.6407402466027765 0.05055818965099783
2459726 zg 2.2918237464490705 -0.873519650485133
2459730 zg 2.7498062878014458 -0.3881318745367113
2459731 zg 3.026048331013706 -2.445601253071273
2459737 zg 3.660017610011275 1.5985769993555947
2459743 zg 8.830279169864856 -7.916809518687123
2459747 zg 3.6005442700307966 -4.010198599338581
2459749 zg 3.050261853808812 1.7697473015135026
2459749 zg 2.9762942145006632 3.302107403272951
2459751 zg 2.9246232700273724 0.2541114703500775
2459751 zg 2.9945240470847523 0.974428314940807
2459754 zg 2.836663327943108 -0.05509180166639425
2459755 zg 3.1550029473723833 1.5474954068162556
2459759 zg 2.846557439018828 0.9582365658874424
2459759 zg 2.822573639381949 2.334703632057927
2459760 zg 2.8177465644524897 4.947574372559244
2459761 zg 2.8855006837736346 -0.08071617066652088
2459763 zg 3.0367702904602827 0.19166459588595358
2459766 zg 3.0920412654431764 1.6678278483306141
2459770 zg 8.613937037595521 2.2840752730961538
2459770 zg 6.5658108074691865 8.716415868580835
2459782 zg 3.47716687927501 -3.2350595462115153
2459785 zg 3.0721388281142907 0.9949223406992449
2459787 zg 4.263057826244446 3.5000006073453958
2459791 zg 7.684636963113762 -8.191007652271097
2459978 zg 3.600153693887106 2.6572548195208174
2459993 zg 3.393405015782725 2.250951896040752
2460032 zg 4.413347811447936 8.244782100955025
2460045 zg 3.6748360353541125 0.5499661125024878
2460049 zg 2.8208799311056225 2.891037234077395
2460055 zg 2.6926581160553673 0.919855282526608
2460057 zg 2.822872273116111 1.4493278936473097
2460061 zg 2.746678286115646 1.3119047736187355
2460063 zg 3.174006371373521 -4.5221453104619
2460065 zg 6.527622118722658 -1.810485613177509
2458217 zr 3.3728714313986323 17.460880923611384
2458218 zr 3.818609710211427 15.354832038943918
2458219 zr 4.841723329731678 11.910119992008081
2458231 zr 4.368110522776205 13.094240944992029
2458243 zr 4.223591458534501 17.95502860041255
2458246 zr 3.930881537394699 18.589700413309572
2458256 zr 3.486126693820193 17.654691113240176
2458256 zr 3.092795603611755 17.33595210418409
2458256 zr 3.1469206021670573 18.678636326571556
2458262 zr 5.4065578545562065 8.203185544907665
2458270 zr 6.100721714185338 12.152404189711103
2458273 zr 4.108215145346054 20.0626167521062
2458279 zr 3.279099578956497 22.533593524301295
2458282 zr 3.043368950117055 18.35839769079418
2458288 zr 3.772044300305477 13.79664235614047
2458300 zr 5.5640614269141055 20.98286757765124
2458305 zr 4.835512144793283 9.886872973766762
2458336 zr 4.098055148809206 46.87203882546005
2458462 zr 8.94919427730585 6.289396651029093
2458462 zr 5.904189358187993 4.578512134021446
2458462 zr 5.395414180786451 -6.541966289068584
2458465 zr 4.7325326453269465 0.2440186377695038
2458466 zr 7.538513321565386 -5.502561925549738
2458466 zr 6.0755399018722205 -7.160694826298106
2458466 zr 4.856167056442876 -9.848429101439374
2458466 zr 5.151815218283351 -1.9937434172711253
2458468 zr 4.234030094734453 -1.125503809614794
2458468 zr 3.9570978053761214 -3.564734265414553
2458468 zr 4.523698151216934 -5.653837967143154
2458469 zr 4.057936741213769 1.3538782204956046
2458469 zr 4.345921755095713 2.649482954962944
2458469 zr 4.707949155610045 3.8113554034446517
2458469 zr 5.8344561502516585 -9.4422970725072
2458472 zr 7.746435853637244 -8.861279354826568
2458472 zr 5.354458060177284 5.010552085238399
2458472 zr 4.368717281790053 3.1661173185972236
2458472 zr 4.2353563453760845 1.0693853745419746
2458477 zr 6.315392982272744 -3.125816693326811
2458487 zr 4.169557390780933 -3.2718429777796887
2458488 zr 3.4669147791368577 -1.1373727560361366
2458492 zr 7.520537659147383 9.241502030937127
2458494 zr 3.4558477847879203 2.0779452355392944
2458504 zr 10.538364712594566 -12.347689663192925
2458509 zr 6.775548188466731 5.262795328550881
2458509 zr 6.567949161879292 -5.48622987283263
2458523 zr 3.160491345551407 -1.99661294801393
2458527 zr 6.133411465445737 -3.8947790940449947
2458527 zr 6.3588710967908035 5.187751139971935
2458540 zr 5.0528179211565085 -1.5843989705737072
2458540 zr 3.8741531473212802 1.7522824887064017
2458543 zr 4.937801743266715 5.832948897693762
2458560 zr 5.4065578545562065 -4.6012777728881415
2458561 zr 7.362067064066403 -2.6806912384762
2458573 zr 4.085373466652617 -5.0712011095955
2458573 zr 4.152923590198671 -0.5957892943954324
2458583 zr 4.38305363002548 6.135260883745585
2458584 zr 4.038097349591901 1.3586146381982807
2458584 zr 3.961916083262935 -2.730282990312116
2458585 zr 3.6719605693775574 -3.749632184515058
2458586 zr 4.1256814153682715 -5.445954435103436
2458597 zr 4.167394540409112 4.602856044755252
2458597 zr 3.7990230910898286 -1.4830863452029739
2458598 zr 3.008508337122941 -1.280574403569604
2458601 zr 3.143188193629054 4.026825714836012
2458606 zr 3.1344013480031574 2.3756065915151763
2458617 zr 4.800538487747699 1.4410400147304925
2458628 zr 3.7347765082853783 -1.3334504457176954
2458632 zr 3.6316000128987613 0.511005277843366
2458633 zr 3.4983218339205324 -1.3939362864865517
2458633 zr 3.1154044988401575 -4.503626837341754
2458634 zr 3.112331051353994 -3.3848693010687914
2458635 zr 2.5773296696764625 -0.310825888936982
2458636 zr 3.1722717559022873 1.261093593193894
2458639 zr 2.8872575492282695 -6.215101146704423
2458642 zr 3.091508070081314 1.0932908778333106
2458645 zr 5.538130590877019 0.9783692415706469
2458649 zr 11.307875424261558 -10.512999108069948
2458655 zr 3.697192854723304 5.313783340583602
2458658 zr 2.9221577216581056 0.4633312000216864
2458661 zr 3.279099578956497 -3.821948424939498
2458668 zr 3.6880753623895073 3.028581952275989
2458677 zr 6.170431298124597 6.950850047354782
2458678 zr 5.119134397324817 0.5239719077483195
2458679 zr 5.756800972116866 -9.492970064001923
2458680 zr 7.0664351902473435 -2.1776199060455017
2458681 zr 7.484183693477737 1.4228011336839337
2458682 zr 5.228185877967795 -2.8304392838714265
2458684 zr 4.755889592393273 -0.6605581765577409
2458685 zr 4.20123315936865 -2.343651159406655
2458686 zr 4.933558447910698 -1.475887759650177
2458690 zr 4.042635807583413 -7.4764021540192
2458693 zr 6.131975065120684 3.790440473249514
2458716 zr 5.6289162761299405 -0.5543496416023374
2458828 zr 8.173475784431156 1.968563314289693
2458828 zr 7.789830441367998 -13.300977932130875
2458828 zr 6.618917193089892 -1.4824307936233825
2458828 zr 6.025547739230342 -4.503484782183362
2458874 zr 3.3071946796218707 -0.16127145216229716
2458878 zr 3.4458630167837336 2.7504599689639333
2458882 zr 3.1387102043082638 1.129909396178184
2458886 zr 3.7592022223833723 6.0962901622219565
2458888 zr 4.9819569334332385 -2.6636382178481877
2458896 zr 4.266317566271433 -1.1699318022297307
2458899 zr 3.3200388546731507 1.1757581969169657
2458899 zr 2.9535968715289145 -2.2452344914514697
2458900 zr 3.2092221931669718 4.100803454043632
2458904 zr 2.8046959389138015 1.6404528866256867
2458905 zr 3.4282470031629786 -1.1256592997247015
2458905 zr 3.509715658388124 2.3152396769651182
2458908 zr 3.9961564115978634 -0.38405705489092107
2458908 zr 3.8626908955178285 -0.8582930684194185
2458912 zr 3.154674864166411 -4.127956972025583
2458913 zr 5.214259656645383 -2.8407489189633073
2458916 zr 3.9636747399255268 -3.584850738747756
2458916 zr 4.49462660770284 4.606982053095745
2458941 zr 4.215435789312878 3.4278681107694395
2458944 zr 6.504673980131252 -5.957301081856376
2458955 zr 3.9498152713625494 -3.0964826526807645
2458956 zr 5.212497557552297 1.2068261349441498
2458962 zr 3.6085266954401307 4.153806680591541
2458964 zr 3.4002781343880795 1.2936994703017823
2458965 zr 3.2074109344069797 -3.160955423686174
2458966 zr 3.2259658126812143 -6.619501158981201
2458966 zr 3.074470883971432 -1.3486968517417626
2458967 zr 3.0128005677935694 1.0848504309547011
2458972 zr 4.293912391737078 -11.765132798203934
2458980 zr 3.772872292240246 0.8882173966375162
2458986 zr 2.912633133586819 -0.17572470762404188
2458992 zr 2.832477938728907 -2.0140857846506606
2458998 zr 2.829870331169728 4.903315100179662
2459001 zr 5.717373068821381 0.4745052305621006
2459005 zr 8.781821413787688 4.03685680731058
2459012 zr 2.625245805708807 -0.07094285750013729
2459016 zr 5.5256954858932525 2.0449877510347005
2459019 zr 3.0574165029305735 2.293198698808645
2459028 zr 4.608440032427011 0.5635268000071543
2459033 zr 6.753659385968713 -3.8588955213508935
2459037 zr 4.425994211942266 -3.660809952810453
2459040 zr 3.351953683092104 1.0149064556382856
2459043 zr 3.6296489096780866 6.518514628873574
2459194 zr 5.887291248764305 0.54441523178637
2459194 zr 5.793163441211792 5.438042378483737
2459194 zr 6.111716382032728 4.9811174087911985
2459194 zr 8.117078934713522 -1.018698411402646
2459194 zr 11.160147412846236 -7.858027524529778
2459195 zr 10.813115709112413 7.6953595276093525
2459195 zr 6.702258614114608 3.085417635462561
2459195 zr 5.401220851438497 -9.66075378822673
2459195 zr 5.964645005239962 10.674117315156986
2459199 zr 10.590050700725511 -0.7084009552192174
2459200 zr 5.633266243491314 -0.6134329362671435
2459200 zr 6.534698191052881 4.085153970894183
2459200 zr 10.07964603281933 -5.877759719262963
2459217 zr 6.637231227283958 -7.552618393158901
2459219 zr 6.188522123052407 8.034388940744384
2459228 zr 3.4970191372482575 -2.619230259408182
2459231 zr 3.371784117510045 -2.042312836711541
2459253 zr 2.9531518966175674 -5.043040327774677
2459260 zr 6.227525595970133 -1.895547097449246
2459264 zr 3.2987026269219357 3.706494207568725
2459264 zr 3.104210898534671 3.5308636717703163
2459264 zr 3.1781206818331147 -0.2679157466504097
2459264 zr 3.2115481872688076 5.224216053932989
2459264 zr 2.9695167933338564 -2.045442426985897
2459264 zr 3.0273299719041544 -1.181322752663639
2459264 zr 3.2016244250639305 9.286028896351272
2459264 zr 3.07719207600116 0.13239296192887126
2459264 zr 3.012691106587106 -1.403926176794602
2459264 zr 3.3216556308534595 -1.6694577287335446
2459264 zr 3.0943567659116615 4.266971157560957
2459264 zr 3.1915362888984142 2.899602378985526
2459264 zr 3.1070712994919676 7.070525409740014
2459264 zr 3.2558153068332367 4.915881735521227
2459264 zr 2.9560681536362448 -1.2393149368125884
2459264 zr 3.175848382003656 5.263948542557119
2459264 zr 3.2204342938028088 8.875613919150634
2459264 zr 3.2156734007172285 -2.3020821062314263
2459264 zr 3.226372020170193 5.236082360247247
2459264 zr 3.2115481872688076 0.04499426457471039
2459264 zr 3.1344013480031574 -0.4998992646728694
2459264 zr 3.3228783545262113 2.2267299130486253
2459264 zr 3.3474526509267415 -4.6855302116096365
2459264 zr 3.30761111529552 6.502972126356608
2459264 zr 3.310877910443853 -1.7852490593873327
2459264 zr 3.237872629646421 -1.1501696987930692
2459264 zr 3.4067727621687154 7.337200409452022
2459264 zr 3.2502326054408037 3.920925671476199
2459264 zr 2.9631566088070613 1.2430219178472641
2459264 zr 3.0659603630613224 0.6694946835714773
2459264 zr 3.0475526643366306 -4.046853299599537
2459264 zr 2.8625377279261386 0.9137798378827463
2459264 zr 2.926590242362034 0.22168089474144984
2459264 zr 2.8103597720639324 -5.480599752471092
2459264 zr 2.7007587117820173 -1.1581628792919392
2459264 zr 2.8996876531337734 -3.75701029193258
2459264 zr 2.903798897151007 -1.4417428004997992
2459264 zr 3.1879715917830795 5.066657951667537
2459264 zr 2.857269592187762 3.3566570553625654
2459264 zr 3.1382373410992224 -0.12302168195210875
2459264 zr 3.1547894841206094 -1.8802253307119037
2459264 zr 3.1575817655646765 1.055749043843369
2459264 zr 3.120113442058931 1.9154420304141413
2459264 zr 3.214779715272374 -6.0340045456435725
2459264 zr 3.060344973394703 -5.32703657217525
2459264 zr 3.2234017897745795 -0.4217544832184179
2459264 zr 3.0112805521588473 1.5468864684171888
2459264 zr 2.7413337962461264 -4.634431106881586
2459264 zr 2.812949401456109 -3.3789409811200617
2459264 zr 2.873173950501279 2.8847386221195728
2459264 zr 2.7866715621082894 -0.7473794173737239
2459264 zr 2.8507985942217005 -1.772051272290277
2459264 zr 2.8429324191334593 3.418285432747064
2459264 zr 2.9099517343524446 2.6248729980917718
2459264 zr 2.883273136492512 -0.1802762207994405
2459264 zr 3.05187355477629 -3.4018809482083094
2459264 zr 3.1142581195796177 4.9505258361660545
2459264 zr 3.046173287754821 -1.4749295917975542
2459264 zr 2.9400987691515734 0.010022694530606
2459264 zr 2.8992507999298627 4.001925733156273
2459264 zr 2.9919285594575595 3.7382379972340964
2459264 zr 3.0108268868974717 2.8332004652537286
2459264 zr 3.1068081997861854 2.278850236429625
2459264 zr 3.316982393651563 -5.1112666217352105
2459264 zr 3.0017214213858545 1.1792299332977818
2459264 zr 3.351752432804005 3.9564746478626973
2459264 zr 3.5293766569331906 -1.0918082571082965
2459264 zr 3.5888442033770422 0.5179050808082442
2459264 zr 3.4399696065201795 0.19011141991174813
2459264 zr 3.271898230592935 -0.0021512831378665887
2459264 zr 3.4281495598181557 2.3909916959730055
2459264 zr 3.330412354714785 -0.8118700275446471
2459264 zr 3.2942352149149317 -2.474434720360102
2459264 zr 3.214507495063786 0.9086408027247153
2459264 zr 3.334722967005333 -2.7822198626030255
2459264 zr 3.4345678874809122 -5.915555297384347
2459264 zr 3.5365254244077344 -1.8370890341772348
2459264 zr 3.43060237957625 1.4942189653395708
2459264 zr 3.3974354913647375 1.4062418419595226
2459264 zr 3.196389980336509 -8.132228667782629
2459264 zr 3.246045517667457 -3.26249452534263
2459264 zr 3.080958054332666 0.2921276265315735
2459264 zr 3.371784117510045 1.7378984017070596
2459264 zr 3.2859409949540925 2.6004237477819196
2459264 zr 3.2936081851000214 2.8572352845755105
2459264 zr 3.18679850991926 -0.685068242677416
2459264 zr 2.9427354383099984 -3.157247190421655
2459264 zr 3.091508070081314 3.302353318509917
2459264 zr 3.273183735698974 2.069715262779858
2459264 zr 3.335363457742444 -0.9800623452891868
2459264 zr 3.4701093966023895 -3.193162665737658
2459264 zr 3.589713271073719 -10.594857138333406
2459264 zr 3.4503230589315748 -2.4378741443911824
2459264 zr 3.436354887421294 -2.3019616261296276
2459264 zr 3.731687541121891 -2.530763653676949
2459264 zr 3.6102989605032887 -1.8895716375419789
2459264 zr 3.7217154582717527 -11.982292551407024
2459264 zr 3.28291592476367 1.7162909935715491
2459264 zr 3.453502387818485 -4.390227895200622
2459264 zr 3.401511419271145 -1.2437460950262804
2459264 zr 3.4099119612723734 -2.3434513108986694
2459264 zr 3.5601812207134556 4.497025537306346
2459264 zr 3.524193619908156 -5.071309598377226
2459264 zr 3.340062591696969 2.8649572199667137
2459264 zr 3.6267234692423735 2.274512113105552
2459264 zr 3.6366815443650076 -0.8684343301246852
2459264 zr 3.656554956192885 -1.2380500616187682
2459264 zr 3.696390101135294 -7.786830247803736
2459264 zr 3.9074703274966085 5.732298200880354
2459264 zr 3.4331913446949978 6.638523674674658
2459264 zr 3.473003912589571 2.8537534474143422
2459264 zr 3.514469353832231 3.179261864147834
2459264 zr 3.769333969838424 -5.23069507258594
2459264 zr 3.2384945186152367 -0.4311166880732401
2459264 zr 3.7555375186714164 0.7163100572957961
2459264 zr 3.808073065274429 0.2971037235685031
2459264 zr 3.7836004859552004 -2.7232519207665633
2459264 zr 3.737470715992283 -4.275359643745175
2459264 zr 3.6658762353682706 4.681673653333869
2459264 zr 3.8077822497422282 3.0511915532932705
2459264 zr 3.3635647068607115 5.3946641609546155
2459264 zr 3.32965921808455 -5.94119511176583
2459264 zr 3.4769607399076774 -3.2295240219602612
2459264 zr 3.5703800134804102 -2.1384985785294663
2459264 zr 3.682052325440315 2.919172052692099
2459264 zr 3.678509934527457 -0.9936576476676474
2459264 zr 3.5645095850286017 2.61336131624249
2459264 zr 3.729907047656971 -3.6403607681785966
2459264 zr 3.396720095737905 1.2684365033252634
2459264 zr 3.41112794253306 -5.340400055509755
2459267 zr 4.804135914398895 -7.492353881401924
2459269 zr 4.676636863671482 -1.9732634810790946
2459273 zr 11.588072686553486 -8.528480735464184
2459278 zr 4.420726209738167 1.154833571327905
2459292 zr 3.126903241633541 -1.7847332549802841
2459295 zr 4.004330568613306 -3.441385341576791
2459297 zr 4.491746991403159 1.5628089545744166
2459301 zr 11.476427760132362 -0.38592172780080153
2459305 zr 6.15449827238486 7.548538141303287
2459307 zr 3.7393816013816528 -1.3496227401263763
2459309 zr 3.705936802204074 7.554910423032588
2459311 zr 3.1635185436936126 0.7905834516534581
2459315 zr 4.181479023757308 1.6343380034856487
2459317 zr 3.0943567659116615 1.1705077315180543
2459328 zr 5.909204504764099 5.7919309057891555
2459334 zr 4.473975674279725 -1.6609150533378252
2459336 zr 3.4099119612723734 -5.3259244557902825
2459339 zr 3.010026953416033 2.1551669083814144
2459341 zr 2.778219376639162 -3.2039806683048546
2459343 zr 3.0801394880068202 9.510794423792081
2459345 zr 3.0553415112507185 3.6224866953329955
2459349 zr 2.7552850513080474 1.0271983059961307
2459350 zr 3.2984844627815657 0.5929391604401432
2459352 zr 4.053001687957862 3.65571199110572
2459352 zr 3.370528540648328 2.107237987322003
2459353 zr 3.4571199054908193 7.188814758593287
2459354 zr 4.664609426402364 -2.852478418336689
2459354 zr 4.86138792199283 5.7280528824318795
2459356 zr 5.48951086101595 -4.304605541476955
2459356 zr 6.023843262501777 4.197174320563692
2459361 zr 7.416915014064504 -10.129394867310758
2459364 zr 3.077303880744906 2.105474358095078
2459366 zr 3.0251799916570206 -0.9816237713328649
2459369 zr 3.291202508982536 2.1114038863658755
2459371 zr 3.036345722027091 2.8725795785729704
2459373 zr 3.072272691906159 -1.4012690286216756
2459375 zr 2.9942343317904228 0.3201687853219054
2459377 zr 3.0555246076640086 -3.3031381055382227
2459379 zr 2.8917578305019913 5.074952569286299
2459383 zr 6.094258260321476 -0.7122538176200258
2459387 zr 9.405104911063129 -2.5972389496494688
2459393 zr 3.0801121930990845 -5.32819163387139
2459400 zr 3.707422702655853 3.3397817086095776
2459402 zr 3.891257367366185 1.5646290239328406
2459404 zr 4.155055074118133 4.246847439771793
2459406 zr 4.598814208444014 -2.06343450409711
2459410 zr 4.969938557722248 -4.841410789681261
2459415 zr 6.751203748346515 3.418907585856742
2459423 zr 5.328193903899615 3.9071646470323538
2459426 zr 4.695190084271215 4.472630007799192
2459427 zr 3.7964509968456155 -0.5640460027723075
2459637 zr 4.039183823971493 -5.116968495301103
2459639 zr 4.235277810869308 0.8925331798003745
2459641 zr 3.074470883971432 3.1001104223308182
2459675 zr 3.375316035911323 0.6914831990019205
2459679 zr 4.029859974210536 -0.8476833395924821
2459682 zr 6.131920726122645 -11.194665665754055
2459684 zr 7.805934589040702 1.9318254743417536
2459688 zr 7.768499167586409 -0.6682889937615881
2459699 zr 3.4142711547538895 -2.6038747827932456
2459699 zr 3.422497710765033 -2.29521862047207
2459700 zr 3.9162637551958683 -0.3285386704492737
2459702 zr 3.437634985670955 -2.9009790367539536
2459707 zr 4.1691015950744745 -0.6900966162257304
2459707 zr 4.137651803221558 4.341628808637486
2459709 zr 4.520161382056113 -0.33749023567168007
2459709 zr 5.576897392358705 6.842180127604592
2459710 zr 5.74105775557214 6.162352893874046
2459710 zr 6.45911715742992 0.20962336054269176
2459711 zr 7.457293136919538 -7.257838445638628
2459712 zr 7.8523521747702505 7.246644975095316
2459712 zr 7.63496024915407 16.916926729321105
2459719 zr 3.5472817843634936 1.1366036786539995
2459719 zr 3.7835169921128546 -1.469135051772759
2459721 zr 3.2151392470475284 -1.1624565494256351
2459723 zr 4.082159371063429 -4.67689062090678
2459726 zr 3.283329303302613 -0.17566632177234334
2459730 zr 3.072659546649228 0.28560845987596517
2459735 zr 3.0672644374438476 -0.3579342445958823
2459737 zr 2.856054798955822 -0.7497054649512366
2459743 zr 7.260112012591599 4.858607149014009
2459747 zr 3.010026953416033 2.813174414192713
2459749 zr 4.434477731907055 5.662659782893068
2459751 zr 3.6498255329765166 1.567220484847298
2459752 zr 3.6903250262641745 -4.517351257297467
2459753 zr 3.504110545312435 -3.427041218692898
2459755 zr 3.5904027370718574 0.27158169256839776
2459756 zr 3.315110499897553 -1.4281163093929832
2459759 zr 3.202686600064224 -5.809075448601032
2459759 zr 3.183980391813089 0.7990834804202167
2459760 zr 3.1974207341148766 0.23081703694546013
2459761 zr 3.015576737941135 -7.830877141083351
2459765 zr 3.8358765200460603 -6.464818379000551
2459765 zr 3.55140160702755 5.846709670618142
2459772 zr 7.764766975735094 -7.206686426488196
2459772 zr 6.719615734839226 9.186236742722473
2459774 zr 7.164611636845114 0.24018549619427781
2459775 zr 3.871646424204232 -0.5321331758427786
2459775 zr 8.028700940129701 4.276946148934333
2459776 zr 5.459476735607537 -0.5297744903229981
2459777 zr 3.712769681455391 -1.9096563983712418
2459778 zr 4.179224379891066 7.3596434624459155
2459778 zr 4.552457126860298 3.8056514925047757
2459779 zr 3.4701093966023895 -1.0991253890315138
2459779 zr 3.683878283838225 -3.097010653190925
2459782 zr 6.951877339249192 -5.51842771000188
2459785 zr 3.0857064295211614 -1.2622494702792668
2459787 zr 4.254545566304 1.128899858156501
2459789 zr 4.703614970464745 3.671338953930482
2459791 zr 6.055422335090549 -2.8459080236909085
2459798 zr 7.2708448501449245 6.207109897038156
2459924 zr 7.8005210671144996 -11.188979596174928
2459924 zr 9.058270410571543 -1.6137525998186404
2459924 zr 9.246836699587291 -6.7725497391291585
2459924 zr 9.875146233394085 7.111620826060866
2459924 zr 14.23593096050576 -5.22579699936942
2459933 zr 5.966825282749057 -0.7628359282039299
2459933 zr 5.8205388499106805 -4.7966980436366615
2459935 zr 5.725216522316105 1.1821725048637928
2459935 zr 5.190206068017173 1.792626074687554
2459935 zr 5.524786772585193 1.1040350833508668
2459952 zr 7.287409290975205 3.7496956095580023
2459970 zr 3.7402274132422644 -1.6303200787918142
2459977 zr 6.504065069729725 3.2283700459704057
2459996 zr 3.772044300305477 -2.704722625288422
2460016 zr 6.28308828294011 10.642798346317285
2460032 zr 3.882340464185246 -1.2347000008877962
2460045 zr 3.0984405399368273 -2.051260546433732
2460049 zr 3.2610285830111323 -0.515610828872341
2460055 zr 3.310877910443853 -2.1763343491193874
2460057 zr 6.253050492842249 1.3430861570381791
2460059 zr 3.618028081015378 1.9599742131397055
2460061 zr 3.594992667951393 -1.1898267329913281
2460063 zr 3.9216795637070083 -0.8909913048653708
