jd filt fluxerr adjflux
2458207 zg 9.19082729672409 15.046223635457528
2458207 zg 9.207773029069209 3.217448241065069
2458223 zg 2.6196621257374444 2.6664140314115077
2458229 zg 3.2064310955021647 -3.8523950543378938
2458243 zg 2.748180674268078 -1.6924085028908775
2458246 zg 3.050655647245732 2.590496869955722
2458249 zg 2.839422141675198 -0.34111410682958176
2458267 zg 9.886891327945168 4.871529775710033
2458270 zg 5.833106782755979 14.897957032152155
2458274 zg 2.268269296116522 3.226143393018068
2458277 zg 2.8082124770965686 -5.00736912563584
2458280 zg 2.4159234817358493 2.0671312517916807
2458283 zg 2.6220760351969545 -1.651484224150148
2458286 zg 2.8815752453887367 -2.3870437043120423
2458289 zg 6.102389538445346 -4.756622899952814
2458293 zg 7.414871908348755 -1.1363325355896345
2458299 zg 5.089111165451978 -0.47875326213335406
2458302 zg 3.0478471831029195 -0.5479819453957893
2458305 zg 4.063796244137226 -10.162990656608818
2458338 zg 4.406778517914195 3.5044406771663326
2458472 zg 3.9107092615989996 -7.385807076788427
2458472 zg 9.495425762679414 2.4043690582001176
2458472 zg 10.916664312336534 0.6154321070418208
2458488 zg 2.9028858913484954 -2.484520845901938
2458492 zg 3.416259483652112 0.7148755000384054
2458495 zg 2.6341789882694226 -2.225901188721743
2458502 zg 8.530419412590518 -15.275229991792742
2458526 zg 5.3760796334132595 5.024467246399116
2458539 zg 9.29639230894457 17.488586340340344
2458543 zg 2.656105256068349 -0.6781578366281877
2458547 zg 2.878922438357311 -0.052792219900402226
2458560 zg 11.29735522589361 -1.9748189430333032
2458568 zg 3.9215298929878823 -3.039398616779354
2458581 zg 3.033843597320239 1.9247461943118516
2458587 zg 6.427818759414525 -3.9934819490702695
2458597 zg 3.4036966743541144 4.049366765316234
2458600 zg 3.0004969386228026 0.40420410828874054
2458606 zg 2.6414675586891967 0.8263534755616976
2458617 zg 6.371228538248418 2.5801903872899916
2458634 zg 2.970251254611469 -1.4098315790336975
2458634 zg 2.6124337227927907 -0.651147449206
2458635 zg 2.228920682381819 0.933242176999238
2458637 zg 2.670824068274696 0.6505203210114093
2458640 zg 2.8948759923928704 1.0077322597067968
2458643 zg 3.9323804642305937 2.119482057591158
2458649 zg 9.7782190183433 -5.805523062245294
2458652 zg 6.295814264889132 9.294087053656913
2458658 zg 2.643901560946301 1.7979381828564152
2458667 zg 3.1476989413672816 -1.3531181379833594
2458679 zg 7.648247268409395 -14.400294819293155
2458683 zg 5.226872875566958 7.395996192500278
2458686 zg 4.700165719432249 1.917911172224004
2458692 zg 4.330332292586088 2.599206580100561
2458831 zg 7.822877614769012 16.76823476423447
2458872 zg 3.4131144409557908 27.142556381479352
2458882 zg 2.855156804743379 21.145142887004067
2458887 zg 7.321573553389756 17.164293056476076
2458896 zg 3.6844649887830814 15.569292961998542
2458911 zg 3.203479222921519 21.200341264659002
2458915 zg 5.390954831782433 7.931873908520931
2458937 zg 2.422608155975458 9.715583910225215
2458944 zg 8.85290462907889 7.177517128215596
2458956 zg 6.330283841786276 7.773623669824123
2458963 zg 2.826376181971368 3.4287825808467467
2458963 zg 3.02268706815859 4.7106330339899865
2458966 zg 7.908673616863976 1.7451322235312021
2458972 zg 5.059123449460792 8.003587160905614
2458992 zg 2.8185773953584907 2.081297684482572
2458995 zg 3.0590965765107634 0.45672135915812895
2458998 zg 3.1188406640118584 1.558413115608735
2459043 zg 3.812189089290555 7.5387624724519355
2459199 zg 4.037680259959097 0.08019698408514268
2459265 zg 3.0987974363148565 5.238803432296484
2459269 zg 4.10139808782309 0.5863844894739791
2458218 zr 3.7795951344980394 -5.592424885575792
2458219 zr 7.922562849055824 0.9595189521024705
2458219 zr 4.040452119486872 8.989084157929376
2458219 zr 4.104213689513902 -0.9432102938661525
2458231 zr 4.253957904656604 -0.6474835420488196
2458243 zr 4.111780898038712 -1.6666625657492145
2458246 zr 4.69052993087303 -2.7551375400290774
2458256 zr 3.514658836530372 0.0486938958609504
2458256 zr 3.606162403261108 1.000511973107892
2458270 zr 5.766760626854802 0.3691330537872358
2458274 zr 3.456871013558713 -0.6001579520795995
2458277 zr 3.1981189599598796 -1.979227485811112
2458283 zr 3.403166323725283 -1.5452127184133542
2458286 zr 4.085356540510437 -2.4153420536613117
2458289 zr 5.9091444942700555 -1.384525958328917
2458293 zr 7.4349024876235 2.7556625925622416
2458296 zr 7.376357172026373 -1.307477053232428
2458305 zr 4.879225053259647 -0.9206128352184415
2458450 zr 7.472087304968288 -0.5354527942479737
2458450 zr 8.43140453080332 -2.1819099149127092
2458450 zr 8.227458362570538 -8.172880350784267
2458450 zr 9.238806448771715 8.609340540987992
2458451 zr 6.912414379386299 -1.1812106367148598
2458451 zr 7.403582796790265 3.964473018698392
2458451 zr 7.153410875713497 -10.629368342462243
2458451 zr 7.91881068264224 -5.005960540910384
2458457 zr 7.545112039124293 13.710280982503042
2458469 zr 3.996041267875776 -0.3528996798941235
2458477 zr 5.841601466117125 -1.6600962489145783
2458539 zr 5.002354138009157 -3.532815951578163
2458557 zr 4.3691121028358415 -4.314710159838001
2458560 zr 5.315871007950204 2.0559876068466103
2458573 zr 4.077837962646786 -5.581816921052083
2458581 zr 5.8094086174808455 -3.0861379904167427
2458584 zr 4.081595520362199 2.942310082671196
2458587 zr 4.979100018418027 -0.020363589060401397
2458594 zr 11.39624875252698 25.05835005921668
2458597 zr 3.963053768312337 -0.23305283685478403
2458606 zr 3.7587659261418875 6.331082243543004
2458617 zr 5.922866237432212 3.1043760171966177
2458634 zr 3.2010658932816325 6.58618872392402
2458634 zr 3.472827205176761 -1.336895677763535
2458637 zr 3.1455356678407114 0.2504850699955597
2458640 zr 3.8783346580746505 -4.430567811839406
2458643 zr 3.734610219123358 -3.1849027668360743
2458649 zr 9.471436868092256 1.973243200268039
2458652 zr 7.24839642696484 5.503618971197882
2458658 zr 4.317110729351499 5.680645050539279
2458661 zr 3.842777872205129 4.735997987124126
2458667 zr 3.9997234533463093 -0.06557052438832382
2458670 zr 5.328953585549357 -0.8561491206502457
2458676 zr 7.11992267250411 0.8144928364173298
2458686 zr 4.7945831007921615 8.435893119838276
2458873 zr 5.199653864193542 11.761671775412362
2458876 zr 4.253957904656604 11.826341851795158
2458882 zr 4.301235167477251 17.39866063641109
2458885 zr 4.7813534639379816 10.126251662112585
2458888 zr 5.606031450740043 2.1413757841842553
2458899 zr 3.1542391228166506 8.417548911987636
2458905 zr 3.741495965437966 11.802206594691643
2458911 zr 4.321088766948391 6.536519659804672
2458915 zr 5.846984258386079 8.250016933495807
2458940 zr 5.625121722279978 9.117803514772508
2458941 zr 4.321088766948391 7.018860696051934
2458944 zr 6.990579364537347 -6.9078449868694785
2458956 zr 3.540651442572659 3.033882925078326
2458986 zr 3.1804942451969818 -0.5057962023217792
2458992 zr 3.1600548007966878 1.6303640279278464
2458995 zr 3.192233229747775 0.32313697793557095
2458998 zr 3.2217706001528406 0.590383165423993
2459043 zr 4.325070470141101 2.2806168083534817
2459180 zr 13.212055352513879 -30.464371847737286
2459182 zr 6.147869068916091 -3.160534172422058
2459182 zr 7.985459783809688 -6.698895863962812
2459182 zr 10.692660691882363 -1.7588999868445199
2459184 zr 12.423951879764683 -7.807434390565656
2459184 zr 11.443701893080634 1.5643282710663167
2459184 zr 12.004791052828462 -11.357124942856505
2459185 zr 14.396594112232233 2.4788280195864716
2459185 zr 9.39324973272332 -4.1886130953809735
2459185 zr 8.58024970180736 1.782669223402932
2459185 zr 8.84347970848274 14.064858018468211
2459186 zr 8.231139465508646 2.627808126438619
2459186 zr 8.523602412865316 0.422914575302196
2459186 zr 10.039305102926308 10.314255398693156
2459186 zr 11.976073224361324 0.6776891175125421
2459218 zr 5.294872781527957 -5.695528471310199
2459265 zr 5.228467755732761 14.266675776718673
2459269 zr 5.053018058429025 -7.5606305832089795
2459273 zr 13.498508540826617 17.008377550617432
2459403 zr 4.573572099895805 0.0871518414476682
