jd filt fluxerr adjflux
2458203 zg 5.185157112899666 2.992958369557149
2458206 zg 6.487418773822754 -7.643353226137119
2458206 zg 7.777735669349498 -0.21067528842498917
2458233 zg 6.487418773822754 -9.890625743121106
2458236 zg 12.76150599822276 12.72140076496027
2458237 zg 12.974837547645508 8.139624563434001
2458244 zg 5.128164173418812 6.660114210484733
2458247 zg 5.22350386357206 2.0342333600242832
2458262 zg 6.487418773822754 -5.397668889392393
2458267 zg 13.010737924033068 8.12915916929655
2458270 zg 7.756274654639719 -8.359307379552341
2458273 zg 5.204295169613227 11.054796913252133
2458279 zg 5.242783455493362 -1.4531132451429338
2458282 zg 5.199504043356264 4.019856627617629
2458295 zg 7.770575407994072 8.558221708733111
2458298 zg 6.487418773822754 15.67266530943571
2458304 zg 3.90322137720992 -6.896346592298989
2458332 zg 5.228317104663024 10.970700964135839
2458336 zg 5.204295169613227 -1.3022968737802734
2458493 zg 5.189935019058204 -0.7124146584974503
2458527 zg 6.51736333833084 -5.310459263610656
2458540 zg 5.185157112899666 0.7896490622743013
2458544 zg 7.5657707796307925 -0.22662510330162497
2458568 zg 7.6922462601282175 -1.9877220405815028
2458584 zg 5.252449919927091 -4.7156802208018505
2458587 zg 8.982556735178465 -2.2390279559990134
2458591 zg 14.167545435330348 23.5503638450748
2458597 zg 6.4695181153724945 3.2197713802131256
2458616 zg 5.170849769759813 1.6521425831070848
2458619 zg 11.688113987680742 -7.403828613547706
2458633 zg 5.161333479999134 -5.981274485396145
2458636 zg 3.8996280325171977 -5.279389948483758
2458639 zg 5.209090710693326 -3.732896582485998
2458642 zg 3.8960379958935807 -1.304703328350429
2458645 zg 6.4933966598226345 -1.4715013991840995
2458650 zg 14.90371764362577 5.71358569643318
2458653 zg 7.799256065034395 -9.952776382125071
2458674 zg 6.523368816998832 7.192899921540009
2458683 zg 5.189935019058204 -1.4981750707196095
2458690 zg 5.228317104663024 -5.428844836811458
2458716 zg 5.175614492297996 -1.0277363797567267
2458720 zg 6.583728805498697 -0.6750845770512448
2458723 zg 6.505368962016534 -5.228469351451463
2458726 zg 6.529379829465076 -7.531874389869458
2458853 zg 5.166089433672928 -6.25229835112606
2458874 zg 5.185157112899666 3.008497168947937
2458877 zg 3.8817108692234967 -3.2936313883390618
2458893 zg 7.713530113200776 10.255336963257417
2458896 zg 5.161333479999134 0.7585422372710278
2458905 zg 5.161333479999134 7.610568846055383
2458914 zg 9.057325361521492 -4.996401071216406
2458943 zg 6.4933966598226345 -11.044716303347982
2458954 zg 5.114014090227692 -5.509549844674814
2458963 zg 5.175614492297996 4.806569225347185
2458963 zg 5.228317104663024 2.8589286472333564
2458969 zg 11.796262774860065 -0.2649315711419007
2458973 zg 9.132716343798364 -3.5657671947810052
2458978 zg 16.422727291685273 -0.7680321956006844
2458986 zg 3.874567075254696 1.0593518160465538
2458992 zg 3.874567075254696 4.189244582406717
2458995 zg 3.8960379958935807 3.8283613329626394
2458998 zg 5.194717327858108 -9.545813035331605
2459001 zg 6.553479319366703 1.1739592827713379
2459012 zg 3.8924512642936526 -3.012519646920854
2459016 zg 3.8960379958935807 0.8614863406402941
2459022 zg 3.856765056600388 3.348849875803768
2459025 zg 3.885287703997036 -2.0723006663037484
2459028 zg 5.185157112899666 0.7766393061531232
2459032 zg 9.217220327698175 11.307260305112317
2459035 zg 9.032333589998483 0.20681587903001922
2459038 zg 6.511363388366658 1.758336152026161
2459041 zg 3.888867834674749 -4.857456798774046
2459217 zg 16.728048587671932 32.32719572730136
2459229 zg 5.170849769759813 2.6600281756113864
2459232 zg 5.175614492297996 -5.968841813554403
2459249 zg 6.541418476193802 -6.613212141318744
2459256 zg 3.8781373273198594 -1.2284762748734157
2459269 zg 6.511363388366658 5.282247965285656
2459279 zg 6.523368816998832 18.181104788314073
2459290 zg 5.199504043356264 6.031363036675113
2459292 zg 5.199504043356264 7.323105482288964
2459295 zg 7.7420002199987 6.279732327520787
2459305 zg 7.784902528587305 -3.0886429952101433
2459307 zg 5.213890670664672 6.659780721501852
2459309 zg 5.22350386357206 6.964036296926818
2459313 zg 6.51736333833084 1.8123076294211047
2459317 zg 3.8674364285279275 2.6994766032265223
2459320 zg 5.213890670664672 7.245364007047211
2459322 zg 5.209090710693326 8.528245944629445
2459324 zg 5.189935019058204 3.625920740798957
2459328 zg 7.81363606603999 5.648085209242052
2459334 zg 5.209090710693326 1.7642060581573165
2459336 zg 5.185157112899666 -2.291705755620832
2459339 zg 3.9140212901992992 0.003096398933068567
2459341 zg 3.910418002998504 1.8267675629999625
2459343 zg 3.8960379958935807 -1.2927669331051654
2459345 zg 5.151834703756491 8.359037527440119
2459349 zg 3.885287703997036 -2.810250919270163
2459353 zg 5.204295169613227 -0.9129000431163816
2459356 zg 7.81363606603999 -0.3845417504021862
2459361 zg 9.14955493316029 3.6033609639718795
2459363 zg 5.189935019058204 -3.5249086162079
2459365 zg 3.8960379958935807 2.1744938793810373
2459367 zg 5.189935019058204 7.768467429139015
2459369 zg 5.175614492297996 2.730992639398294
2459379 zg 5.218695053599066 -4.334315351692522
2459385 zg 7.64281204405166 -2.5223552324029805
2459392 zg 5.175614492297996 8.378094278197
2459394 zg 5.199504043356264 -1.107830523508385
2459396 zg 3.885287703997036 3.9582849147624004
2459399 zg 5.228317104663024 2.9006713376235433
2459401 zg 5.099903051194967 5.085438273809847
2459405 zg 5.22350386357206 -7.295151567421208
2459407 zg 6.583728805498697 -2.613574823503553
2459409 zg 5.22350386357206 4.658301343820743
2459411 zg 6.541418476193802 3.5229252009466476
2459419 zg 13.155335517641534 -3.1866876706866254
2459423 zg 5.209090710693326 9.429030567615136
2459425 zg 6.51736333833084 2.243905293542417
2459430 zg 5.22350386357206 -4.2044224751073545
2459435 zg 5.175614492297996 11.443179578747564
2459438 zg 6.45761179209116 2.8440280730933702
2459443 zg 13.362937246861827 17.747377582493492
2459450 zg 23.767003714082115 21.62542770078383
2459600 zg 7.799256065034395 -16.01108233132355
2459675 zg 3.8638760278173683 5.100107194965847
2459679 zg 6.511363388366658 9.516068507651966
2459683 zg 7.856935344802409 25.084390752755958
2459695 zg 6.463562212199766 -9.192624310242199
2459700 zg 5.209090710693326 2.955451845276029
2459702 zg 5.22350386357206 6.623974968813195
2459712 zg 7.663959116454922 5.994373300848128
2459722 zg 5.204295169613227 6.99296370267292
2459722 zg 5.175614492297996 -0.4206564843014009
2459724 zg 3.8924512642936526 4.486227987079463
2459726 zg 3.888867834674749 8.491458725898305
2459732 zg 5.189935019058204 -2.8593738498436707
2459734 zg 5.194717327858108 6.57700499081878
2459736 zg 5.247614461924704 7.054369092680609
2459738 zg 5.213890670664672 8.198357967735237
2459743 zg 14.232939853819488 21.233971334109267
2459747 zg 5.161333479999134 1.0384066057210513
2459749 zg 5.161333479999134 2.57749487460283
2459751 zg 5.204295169613227 9.92224629198678
2459755 zg 5.189935019058204 11.093197226406806
2459761 zg 3.8924512642936526 5.741005358743977
2459763 zg 5.170849769759813 -1.1129981673108116
2459768 zg 7.885934750403754 6.17256206686918
2459768 zg 7.7634217384469935 12.300916676093141
2459771 zg 7.8280425803985985 12.089039289852828
2459782 zg 5.175614492297996 5.75924088209353
2459791 zg 8.025150381934923 8.081204629832072
2459794 zg 6.523368816998832 14.976403228226573
2459806 zg 5.189935019058204 3.3565131295084716
2459810 zg 7.915041190807869 6.298053748174803
2459970 zg 5.147091873129825 -1.0429425282268543
2459978 zg 5.180383605329382 1.622025644549388
2459993 zg 5.166089433672928 -8.60164513606362
2459996 zg 5.1376193067489275 7.767140594679272
2460016 zg 9.099132075873461 -9.998698280089942
2460032 zg 6.475479506661728 -0.10401102585803335
2460043 zg 9.032333589998483 6.518919510883953
2460045 zg 5.228317104663024 2.1484185854548157
2460049 zg 5.247614461924704 2.0835400062740828
2460055 zg 5.166089433672928 -10.5181102341154
2460057 zg 5.1376193067489275 0.8686222736633888
2460059 zg 5.1328895629591225 4.181630699524861
2460061 zg 5.180383605329382 8.61010433922547
2460063 zg 5.209090710693326 0.021820681437355827
2458198 zr 10.451098003087504 -6.183002953322534
2458198 zr 7.816695308309755 2.9994426724304595
2458217 zr 5.206332786880343 -14.948449079572589
2458217 zr 7.773617790893352 -5.897491473760587
2458247 zr 7.745031414966719 9.375335625821828
2458256 zr 7.773617790893352 3.334195501143778
2458262 zr 7.730777672074896 8.237033518490522
2458270 zr 7.759311438421152 -1.7698632699912447
2458273 zr 7.831107463194369 14.404788821846775
2458279 zr 7.759311438421152 1.6578180825798405
2458282 zr 7.766461320498093 -4.585350061770548
2458288 zr 7.766461320498093 3.3112692684765888
2458291 zr 10.298214187629428 -0.19061738833104858
2458295 zr 7.766461320498093 -7.797891629860239
2458304 zr 7.852775534523024 -2.651896062472315
2458312 zr 7.838323502315628 8.799254357715958
2458336 zr 7.831107463194369 7.19481596490862
2458468 zr 7.8023096771587745 -5.476466909948418
2458468 zr 7.831107463194369 7.974249278304834
2458468 zr 10.374374474237063 13.911545175121937
2458469 zr 7.889022299493707 -13.009358493288339
2458469 zr 7.816695308309755 2.15716641223124
2458469 zr 7.795126792725652 -10.157705686739735
2458469 zr 7.881759586551972 -6.356860992175774
2458472 zr 7.809499180320514 2.4268181887095444
2458472 zr 7.881759586551972 -2.4815592608240933
2458472 zr 7.896291704722684 -28.382855104741285
2458472 zr 10.39350239030087 1.1459344406449536
2458473 zr 10.567248495906332 -3.751679643867944
2458473 zr 10.38393402790384 -14.970797000665453
2458473 zr 7.8023096771587745 -7.7144400150336905
2458473 zr 7.874503559736546 -5.501982838127945
2458477 zr 7.831107463194369 14.333904321303624
2458477 zr 7.838323502315628 7.038789624867662
2458477 zr 10.470367379364031 11.91900269200522
2458477 zr 10.451098003087504 -13.565487401572005
2458483 zr 7.773617790893352 -6.47774565155408
2458483 zr 10.451098003087504 2.0656083764430946
2458504 zr 15.547235581786705 -33.451477145365146
2458541 zr 7.752168138597262 0.39010583775829194
2458560 zr 7.809499180320514 -3.0857548565077453
2458573 zr 7.881759586551972 6.0202671784049775
2458581 zr 10.412665573760686 5.918831552028181
2458584 zr 7.845546190716185 -2.1832604244782523
2458587 zr 10.499338079648727 0.41842046882355394
2458591 zr 10.509012782069297 5.103273427746882
2458597 zr 7.881759586551972 0.34571142359037726
2458602 zr 7.823898067230997 -9.57940157778824
2458606 zr 7.823898067230997 -8.19460596914563
2458616 zr 7.8600115398688715 6.5380405344850345
2458619 zr 13.051845771990616 -14.013102599764498
2458628 zr 7.787950520927879 -14.222932955466497
2458633 zr 7.823898067230997 -2.9510325012100673
2458636 zr 7.780780855677798 -2.4749091395067206
2458639 zr 7.889022299493707 -3.2415493298046045
2458642 zr 7.8023096771587745 10.02899698815892
2458645 zr 7.845546190716185 -4.61253249180795
2458650 zr 10.489672283856082 3.7811546166447014
2458668 zr 7.766461320498093 3.315279027618195
2458674 zr 7.816695308309755 -5.668534962858005
2458677 zr 10.470367379364031 8.833337729746004
2458690 zr 7.838323502315628 9.330715864788885
2458693 zr 10.317201681967278 -5.735729146875449
2458698 zr 7.787950520927879 -10.925268620435624
2458716 zr 7.8600115398688715 -17.086886122748034
2458723 zr 10.345748584561536 -3.157692810674996
2458748 zr 10.645398421654534 8.844078866125571
2458882 zr 5.168112092398174 -11.470475290495626
2458886 zr 7.773617790893352 -6.45201499037361
2458895 zr 7.8600115398688715 7.964728411698227
2458900 zr 7.809499180320514 12.67129505565145
2458905 zr 7.816695308309755 6.423313194842947
2458908 zr 7.896291704722684 2.7698551928135204
2458915 zr 5.201539784772517 5.891182850551663
2458954 zr 7.9181401358282395 -1.418761853720887
2458966 zr 7.8600115398688715 -2.0802496518722355
2458973 zr 7.780780855677798 12.386582862586303
2458978 zr 7.867254212892061 13.744910270243777
2458981 zr 7.867254212892061 -6.377500803832169
2458992 zr 5.264194469815123 -3.601892481442393
2458995 zr 5.2111302055398365 -2.2448461954561316
2458998 zr 5.187187237118532 6.999531373254785
2459005 zr 10.451098003087504 3.014072442732695
2459012 zr 5.215932044820665 0.3915831075107309
2459019 zr 5.235183689682016 2.2161843134381733
2459022 zr 5.220738308796246 -3.3328818967340164
2459028 zr 7.831107463194369 4.296909278985423
2459035 zr 12.88462945345816 -7.968057806158588
2459038 zr 7.8600115398688715 1.0387338677130917
2459044 zr 5.215932044820665 -2.9839272701626554
2459112 zr 7.838323502315628 -1.5626634573163558
2459112 zr 7.881759586551972 3.316153473735276
2459112 zr 7.823898067230997 -0.8755192817735242
2459112 zr 10.374374474237063 -6.823253225996602
2459112 zr 7.947365444085225 1.1830834913239103
2459205 zr 7.766461320498093 -0.23166968320569842
2459205 zr 7.787950520927879 -6.191304561349178
2459205 zr 7.816695308309755 5.023089172308982
2459207 zr 12.920280230995436 -4.183714644240235
2459228 zr 7.889022299493707 -9.649845452203882
2459231 zr 7.809499180320514 -0.31593491187724054
2459248 zr 10.567248495906332 8.762609951932571
2459254 zr 7.787950520927879 -3.1449069329480825
2459255 zr 7.8023096771587745 7.372373553800245
2459262 zr 7.773617790893352 -0.29372405298141746
2459269 zr 7.780780855677798 -7.94432671961844
2459271 zr 7.8023096771587745 1.8804883060884268
2459273 zr 12.96796809279633 14.912048913143487
2459275 zr 10.422260411079673 12.598746451374934
2459278 zr 7.823898067230997 -7.030840322942969
2459290 zr 5.196751195150435 2.504115763950692
2459292 zr 5.235183689682016 4.058838236292507
2459295 zr 7.809499180320514 -5.476288024699505
2459297 zr 7.9400490198602585 -12.195911315478982
2459300 zr 10.451098003087504 -1.7206036892119911
2459302 zr 10.655207712592365 -3.2392854020705557
2459305 zr 7.903567808405588 1.7319759014587737
2459307 zr 7.8023096771587745 -2.763057589680773
2459309 zr 7.845546190716185 5.001843750656349
2459311 zr 7.881759586551972 -7.6154624541958125
2459317 zr 7.823898067230997 4.0050341814974235
2459324 zr 7.831107463194369 -1.828813155559005
2459328 zr 7.838323502315628 1.6308646372173143
2459334 zr 7.780780855677798 -0.5571314644105011
2459336 zr 7.823898067230997 3.0289227595419264
2459339 zr 5.206332786880343 -2.8880314548263093
2459341 zr 7.852775534523024 -2.2316141224734576
2459343 zr 7.787950520927879 3.1820046840709617
2459353 zr 7.8023096771587745 17.95641471812446
2459356 zr 7.809499180320514 -13.728611959129987
2459361 zr 10.518696399324943 11.311366969688901
2459365 zr 7.91085061671476 -10.424881834381294
2459369 zr 5.249669039824363 2.5223765025376217
2459370 zr 5.220738308796246 -4.9905186071106
2459370 zr 5.230364127144123 0.5492664714494838
2459370 zr 7.816695308309755 -0.5696567141141313
2459370 zr 5.259348199662472 -0.8088957239093215
2459370 zr 5.225549001543752 3.325675734380023
2459370 zr 7.787950520927879 -1.0451382819483837
2459370 zr 7.838323502315628 13.616188817684632
2459370 zr 7.795126792725652 -5.0795600606099764
2459370 zr 5.235183689682016 5.6017561918297645
2459370 zr 5.220738308796246 2.663962910607329
2459370 zr 7.889022299493707 -2.556466930078556
2459370 zr 7.852775534523024 -1.7869102060329636
2459370 zr 7.838323502315628 -2.5465618608341796
2459370 zr 5.196751195150435 7.900681549453169
2459370 zr 5.235183689682016 4.521065152737475
2459370 zr 7.831107463194369 0.14387047158763255
2459370 zr 7.831107463194369 5.402039390346111
2459370 zr 5.244836141928041 6.069575265757595
2459370 zr 7.845546190716185 -10.862800285297268
2459370 zr 5.240007693245914 -1.7572598783371538
2459370 zr 5.235183689682016 -1.4786880697525795
2459370 zr 7.8600115398688715 -12.267606645295357
2459370 zr 7.874503559736546 0.3977681127149377
2459370 zr 7.823898067230997 17.504130365832484
2459370 zr 7.795126792725652 -2.679954282589378
2459370 zr 7.787950520927879 -14.134520110079475
2459370 zr 7.852775534523024 14.798498826936475
2459370 zr 5.235183689682016 -2.584120467681881
2459370 zr 5.235183689682016 0.5318199976392902
2459370 zr 5.244836141928041 4.574808696979905
2459370 zr 7.881759586551972 3.310079963639752
2459370 zr 7.823898067230997 5.457197234871734
2459370 zr 7.831107463194369 -5.322179926723763
2459370 zr 7.838323502315628 -8.99365238956303
2459370 zr 7.903567808405588 3.3873159210382733
2459370 zr 5.249669039824363 0.00112885109087002
2459370 zr 7.845546190716185 6.298432656020634
2459370 zr 7.845546190716185 4.337410590879772
2459370 zr 7.823898067230997 12.185272811501454
2459370 zr 7.838323502315628 -2.07956553331518
2459370 zr 7.816695308309755 -0.35908285377554483
2459370 zr 5.249669039824363 -0.681198916099047
2459370 zr 7.852775534523024 -5.075929459674163
2459370 zr 7.8600115398688715 12.724714426577236
2459370 zr 7.823898067230997 -3.0287942931219964
2459370 zr 7.816695308309755 6.926350518188276
2459370 zr 7.8023096771587745 4.12762581506622
2459370 zr 7.809499180320514 -1.070109823933733
2459370 zr 5.2111302055398365 -4.54418236023572
2459370 zr 7.823898067230997 5.696448344565425
2459370 zr 5.2111302055398365 2.434477976543771
2459370 zr 5.225549001543752 1.7946494532156159
2459370 zr 7.838323502315628 10.251882741832407
2459370 zr 7.831107463194369 -0.8716747022736231
2459370 zr 7.831107463194369 -12.143814866470038
2459370 zr 5.240007693245914 -0.7659890532676015
2459370 zr 7.8023096771587745 2.6475113207325416
2459370 zr 7.809499180320514 15.022323015283668
2459370 zr 7.838323502315628 18.15282286202615
2459370 zr 7.852775534523024 -7.012420784198114
2459370 zr 7.831107463194369 -4.956854441449843
2459370 zr 7.809499180320514 6.662201709475333
2459370 zr 7.816695308309755 -2.211666708523686
2459370 zr 7.867254212892061 -2.1963274915425117
2459370 zr 7.8023096771587745 -13.748802893643836
2459370 zr 7.816695308309755 -0.30255092240787507
2459370 zr 7.816695308309755 12.152790259595713
2459370 zr 5.215932044820665 2.202158301764949
2459370 zr 5.259348199662472 1.8479423541857072
2459370 zr 5.230364127144123 1.3462911456352955
2459370 zr 5.2111302055398365 -1.6181679043536714
2459370 zr 5.206332786880343 0.16577524286977563
2459370 zr 5.249669039824363 -0.08468072008900096
2459370 zr 5.220738308796246 -2.0693581949806417
2459370 zr 5.240007693245914 1.0785986909898047
2459370 zr 5.244836141928041 -6.446459733034487
2459370 zr 5.177640880332062 5.701026328742148
2459370 zr 5.215932044820665 2.71293939287191
2459370 zr 5.215932044820665 6.258496855717224
2459370 zr 5.230364127144123 0.9841189403526538
2459370 zr 5.225549001543752 -2.758845145387359
2459370 zr 5.235183689682016 0.8127552863019233
2459370 zr 5.240007693245914 2.843599883049651
2459370 zr 5.249669039824363 -7.059082690590793
2459370 zr 5.215932044820665 2.132456564110295
2459370 zr 7.823898067230997 4.837846748850038
2459370 zr 7.809499180320514 8.259695434296797
2459370 zr 5.19196701395192 2.093063792208061
2459370 zr 7.867254212892061 22.412110889275286
2459370 zr 7.809499180320514 2.7324908536685273
2459370 zr 5.206332786880343 -3.1069298130073344
2459370 zr 5.230364127144123 7.247969168553264
2459370 zr 7.809499180320514 0.9428204545325494
2459370 zr 5.196751195150435 -3.112617595716972
2459370 zr 5.182411860595568 4.783681625146264
2459370 zr 5.235183689682016 7.871088923887428
2459370 zr 5.230364127144123 0.6981207079825653
2459370 zr 5.215932044820665 0.6780157698061684
2459370 zr 5.225549001543752 1.3052913253069984
2459370 zr 5.235183689682016 -0.7890265362944875
2459370 zr 5.225549001543752 3.266757070883118
2459370 zr 7.816695308309755 1.2784006027212333
2459370 zr 7.787950520927879 -4.352522102593949
2459370 zr 5.220738308796246 9.502768512663831
2459370 zr 7.845546190716185 8.916994990863818
2459370 zr 7.809499180320514 11.140529615475828
2459370 zr 7.8023096771587745 -2.944259297964801
2459370 zr 7.874503559736546 -13.262914420965583
2459370 zr 7.845546190716185 -2.2119572712964937
2459370 zr 7.816695308309755 10.899836227762915
2459370 zr 5.230364127144123 0.106279470369389
2459370 zr 5.220738308796246 9.403132894657993
2459370 zr 7.845546190716185 11.012063338954924
2459370 zr 5.19196701395192 6.464361386672305
2459370 zr 5.230364127144123 2.2246099030327997
2459370 zr 7.8023096771587745 5.87533654021131
2459370 zr 7.816695308309755 -3.099820893133214
2459370 zr 7.838323502315628 3.7358093178075515
2459370 zr 5.264194469815123 -4.299325767959157
2459370 zr 5.206332786880343 1.6535742196272314
2459370 zr 7.823898067230997 1.2859881803109559
2459370 zr 5.240007693245914 -2.022647010806364
2459370 zr 5.2111302055398365 -2.9843410460429567
2459370 zr 5.19196701395192 -2.6003268114099303
2459370 zr 7.845546190716185 7.025488517245869
2459370 zr 7.816695308309755 -9.507164489207605
2459370 zr 5.225549001543752 -2.068947037941724
2459370 zr 7.889022299493707 11.130626971638206
2459370 zr 7.809499180320514 4.284529701782656
2459370 zr 5.220738308796246 7.80056787698025
2459370 zr 5.220738308796246 5.71749251853041
2459370 zr 7.845546190716185 -10.315526133880603
2459374 zr 7.838323502315628 -1.5064988091653602
2459377 zr 5.225549001543752 5.709288901869625
2459379 zr 5.196751195150435 2.014987741666677
2459383 zr 7.838323502315628 -2.9222814427505233
2459385 zr 7.795126792725652 -13.573684643208423
2459390 zr 10.43186408964133 17.361363536667294
2459392 zr 7.903567808405588 -0.9611415393185276
2459394 zr 10.586732026480345 -2.17055483044028
2459399 zr 7.9181401358282395 3.579801722049913
2459401 zr 7.8023096771587745 3.0224197606931726
2459403 zr 7.852775534523024 1.104119405187028
2459405 zr 7.867254212892061 12.1656353388984
2459409 zr 7.809499180320514 -9.644626978102512
2459411 zr 10.480015386491829 -11.936475588209275
2459415 zr 7.773617790893352 7.8616592019990374
2459427 zr 7.752168138597262 7.1385760030388274
2459430 zr 10.625806923059658 6.486879492050567
2459438 zr 7.809499180320514 14.397275942872842
2459450 zr 13.14837049915618 -2.0595736790097234
2459477 zr 10.518696399324943 7.828064725465632
2459477 zr 10.499338079648727 3.8604929615271653
2459477 zr 10.412665573760686 22.230564041133405
2459477 zr 10.441476617592492 4.665635562567339
2459477 zr 10.518696399324943 13.540344162973412
2459601 zr 10.441476617592492 8.291539494558686
2459639 zr 7.766461320498093 -4.300101937503738
2459641 zr 5.168112092398174 -1.2330974873406508
2459675 zr 7.8023096771587745 -7.345002934621533
2459677 zr 7.831107463194369 4.896079077042022
2459679 zr 7.809499180320514 -1.9435118306250412
2459688 zr 10.364823721191136 4.859015635897816
2459690 zr 7.780780855677798 0.6151079689199666
2459702 zr 7.838323502315628 7.092352597819199
2459710 zr 10.412665573760686 10.98440049973947
2459712 zr 10.480015386491829 8.319663542361997
2459717 zr 10.547800822286346 4.634964438755738
2459719 zr 7.838323502315628 13.426638128004427
2459719 zr 7.831107463194369 -1.5372429080282446
2459724 zr 7.787950520927879 5.0745623701709555
2459732 zr 7.795126792725652 -0.03476615565829011
2459734 zr 7.838323502315628 6.091695718736477
2459738 zr 7.823898067230997 -6.97165624631419
2459743 zr 10.441476617592492 11.807956602159608
2459747 zr 5.215932044820665 6.627309011134523
2459749 zr 7.838323502315628 -0.061323657757432315
2459751 zr 7.795126792725652 4.171444301944099
2459753 zr 7.8023096771587745 15.447817669675025
2459759 zr 5.220738308796246 0.18367495346696705
2459761 zr 5.196751195150435 -5.566514797664401
2459765 zr 7.795126792725652 4.329963300919522
2459773 zr 7.823898067230997 -10.647274070181604
2459773 zr 10.441476617592492 1.052763132505986
2459775 zr 7.8600115398688715 -9.949232221262251
2459778 zr 7.881759586551972 13.651057275807927
2459784 zr 7.8600115398688715 13.028018144082111
2459787 zr 7.795126792725652 2.5124865911936207
2459789 zr 7.874503559736546 13.534747665974876
2459794 zr 7.8023096771587745 2.2491367010265804
2459798 zr 7.766461320498093 15.992831631606169
2459806 zr 7.881759586551972 7.337455438754286
2459808 zr 7.889022299493707 -8.023454925356065
2459810 zr 7.867254212892061 1.1464495137720176
2459842 zr 10.635598161248142 4.948707348507972
2459842 zr 10.576985774944951 18.216116603152358
2459842 zr 7.896291704722684 -0.6408769377874668
2459842 zr 7.845546190716185 2.2630221247409095
2459842 zr 10.480015386491829 4.731206331403038
2459843 zr 7.881759586551972 -4.429142148389051
2459843 zr 7.645804404262361 0.95983023904778
2459843 zr 7.8600115398688715 1.4334983528711263
2459843 zr 7.795126792725652 11.609112535186682
2459843 zr 7.889022299493707 14.998082199218786
2459936 zr 7.752168138597262 -6.2215357668821145
2459936 zr 7.716550161379606 6.6071028891514185
2459936 zr 7.766461320498093 14.344251086428732
2459936 zr 7.787950520927879 3.0851649283439455
2459936 zr 7.745031414966719 -5.911010962752288
2459938 zr 7.780780855677798 9.48613229172959
2459938 zr 7.809499180320514 15.736863839893829
2459938 zr 7.795126792725652 -7.422030726240939
2459938 zr 7.845546190716185 6.113622666398503
2459952 zr 10.326708553288958 9.566485023173627
2459970 zr 7.787950520927879 8.170290722873203
2459977 zr 10.528388939630245 5.66495541186081
2459986 zr 7.766461320498093 8.408926584513567
2460016 zr 10.260343966831424 18.861668977895242
2460045 zr 5.187187237118532 2.7462083362595986
2460049 zr 7.8023096771587745 -6.916259481666261
2460051 zr 7.780780855677798 0.1582422901991689
2460053 zr 7.795126792725652 -4.441871883163211
2460055 zr 5.225549001543752 8.730218242984705
2460057 zr 10.38393402790384 -7.462216441884762
2460059 zr 7.8023096771587745 0.430340662768134
2460061 zr 5.230364127144123 2.2899564687564373
2460063 zr 5.187187237118532 1.012139335746633
2460067 zr 10.38393402790384 -7.808200766365724
