jd filt fluxerr adjflux
2458207 zg 8.833354999202944 -4.414460070111162
2458207 zg 9.177769021627128 -5.852988787243656
2458223 zg 2.5850306281442847 4.402203374034429
2458229 zg 2.9269538092806404 5.731813715783414
2458243 zg 2.404694778034142 9.202499985023717
2458246 zg 2.826595236785439 7.186485066021845
2458249 zg 2.721846459187411 2.8035925401517097
2458267 zg 9.6226483249454 -9.942440906246674
2458270 zg 5.713864306616593 19.00190132022597
2458274 zg 2.0971513047117774 8.1626990205156
2458277 zg 2.63936787774095 6.270639198139305
2458280 zg 2.340320177092461 5.326947739366532
2458283 zg 2.428148685845667 11.420841430054818
2458286 zg 2.546009150988426 10.901001589614843
2458289 zg 6.030825071738265 12.507988165449882
2458293 zg 7.3682303119719545 5.3322567714623315
2458299 zg 4.865143883378108 3.9719414907816435
2458302 zg 2.7485264889511636 5.62272093297364
2458305 zg 3.8972827951367335 12.634342825203593
2458338 zg 4.189579004771988 2.1588772433376153
2458472 zg 10.984321217240693 -12.226970755346866
2458472 zg 9.103487373986395 27.602741562863
2458472 zg 3.6216264475365785 6.947359039250183
2458488 zg 2.7308630850828726 7.27438259525235
2458492 zg 3.2307522317992774 11.298575757258911
2458495 zg 2.480080017129662 9.463870019499018
2458502 zg 8.455497269783928 7.7811127885753395
2458526 zg 5.131739689674796 4.261105247501842
2458539 zg 8.849697519678699 10.192780704711048
2458543 zg 2.4338842864949255 8.892330006058515
2458547 zg 2.6953997494361284 1.3261495420175686
2458560 zg 11.266532486982628 17.768546411928728
2458568 zg 3.8473519813141115 6.148344120886518
2458581 zg 2.8791455657044414 6.859279182421763
2458587 zg 6.149152809088655 -3.2980739476457996
2458597 zg 3.1103973183627187 3.161923307686003
2458600 zg 2.767347023345759 4.944905741835507
2458634 zg 2.7996254114842736 9.45334260161229
2458637 zg 2.375063781327962 5.177021123416251
2458652 zg 6.353980307077512 12.292404429806536
2458679 zg 7.659903576338059 -8.645851406807978
2458683 zg 4.962173364922192 -3.820942865405015
2458686 zg 4.58210058462694 7.4551541853730345
2458872 zg 3.1783698306497743 4.0738084085490165
2458882 zg 2.6983602268637443 1.2779109383894736
2458887 zg 7.21406450576333 -12.026142651296544
2458896 zg 3.547822799128049 4.560068313455437
2458911 zg 3.020062069352752 4.507836219547854
2458915 zg 5.2609553803023905 3.3925247613029645
2458937 zg 2.1029539608841064 2.2607853527135275
2458944 zg 8.768563005135936 10.841185460614986
2458956 zg 5.846310846345753 -5.507974071394056
2458963 zg 2.7205703479361762 1.9364749121173688
2458963 zg 2.8564273559987314 -2.1652493126722856
2458966 zg 7.204219687028011 9.169854153375955
2458986 zg 2.3706927792394006 3.150813118199838
2458992 zg 2.4393026809353646 -1.1908923740943838
2458995 zg 2.7826822820119435 -4.282892482407544
2458998 zg 2.882857552910116 -2.231246977725654
2459012 zg 2.304846130693699 -3.2004747652364562
2459024 zg 2.2648630033508197 -2.6990743974350915
2459027 zg 4.35626652323349 -5.5301132427840765
2459033 zg 7.087870617751183 1.1944474994511518
2459039 zg 4.176377880009988 1.050242309096165
2459199 zg 3.745292885940248 -10.723500725258559
2459217 zg 12.930399464824019 9.028683711187611
2459218 zg 6.4988187585503105 4.14989022989455
2459225 zg 3.1232333232754685 5.756789312845504
2459227 zg 3.1601205712485037 -1.3070262359233484
2459227 zg 3.735521319199709 4.497222980942898
2459231 zg 3.211958854515901 6.120524034147343
2459250 zg 3.9606857379698015 -1.8779020641573125
2459252 zg 2.6539939397342365 0.8507342248428615
2459255 zg 3.4489390977915315 3.02833602387987
2459256 zg 2.433660315197268 1.43678984475517
2459265 zg 2.9269538092806404 -0.8086010700570515
2459269 zg 4.019338706862705 -1.3494009253699029
2459290 zg 2.4081042097392333 -2.169352238632694
2459292 zg 2.448305978623903 2.5584507951219075
2459300 zg 12.098959753368197 -11.884969894020484
2459305 zg 6.726542893568593 -3.4783733982053215
2459306 zg 4.149538390014984 0.6957646390998568
2459307 zg 3.8033858333354953 1.1995450020890226
2459308 zg 2.6535250000015083 -0.8679525334070011
2459309 zg 2.5180245514284745 -3.37077053880084
2459316 zg 1.9531005834789263 -0.7896513664444987
2459319 zg 3.0660613882084617 -3.493968775798756
2459324 zg 3.2367089820270887 1.2475527271751417
2459328 zg 9.566193331211531 -10.10952034816826
2459334 zg 3.0050514169785023 -1.7106757101557086
2459336 zg 2.4641417843549966 2.7098200889061497
2459338 zg 3.0034186194983223 -0.1735128687415672
2459340 zg 2.4629747541631604 2.1826691698048246
2459342 zg 2.357575952934608 -0.46739183773892
2459344 zg 2.2565342911633026 3.805578371481946
2459346 zg 2.588570277951066 -2.2794736263689184
2459348 zg 2.32831608046831 0.05752740443972934
2459356 zg 8.505911399770456 2.9559542605164255
2459362 zg 4.928283568709993 7.907063101400744
2459366 zg 2.7622540739631347 1.5621601248478632
2459368 zg 2.4664123883021145 -0.4883425763211504
2459370 zg 2.858009202060187 -2.8454986608288504
2459374 zg 2.333811057064414 -0.3311200645924252
2459376 zg 2.9665516029501826 -0.9271102898082507
2459378 zg 2.7409425120821607 -1.9842499045607553
2459382 zg 7.721326826986575 1.1908493509758094
2459387 zg 15.06371520718549 -17.434716893381253
2459391 zg 7.406218688788926 5.181580225151345
2459399 zg 3.8084759667482944 6.275334789731246
2459401 zg 3.5357823662352508 -3.4167938334127737
2459405 zg 4.429089361480737 -0.6538377896434906
2459407 zg 5.517342220707888 12.427885631621825
2459409 zg 5.147919700273853 0.6530696007538548
2459419 zg 10.666127732340918 17.744377365396165
2459600 zg 6.142582804793731 5.5287753375146185
2459673 zg 2.848734054397093 5.456228388278264
2459675 zg 2.7445024497778214 -1.2108928055218984
2459677 zg 3.9243739528616612 -6.142182781149847
2459679 zg 3.961738314966707 -2.6802944085470357
2459682 zg 7.940012416254989 3.5817702870546424
2459684 zg 12.219145530777118 8.705707090159693
2459687 zg 10.77906312669369 -0.8025127678640545
2459694 zg 3.7280848282330523 -0.5496546081208528
2459696 zg 3.2486554512882 2.7789292908603573
2459699 zg 2.970733015177373 1.5123855643165416
2459701 zg 2.798102521042495 5.47905941994455
2459711 zg 7.684162343380935 3.848636393474755
2459715 zg 10.02794496811051 4.479671926119783
2459722 zg 3.080213684557115 0.6050981283945998
2459724 zg 3.434032726621077 1.076126626639883
2459726 zg 2.5983636190704904 7.7241969913547095
2459730 zg 2.922677162051879 3.3374764260726817
2459732 zg 2.7283490251756874 -2.0148574189393447
2459734 zg 3.062075317748233 -2.41916899298415
2459736 zg 3.361131666668577 -1.237034903505079
2459738 zg 5.75510404224892 4.485856731502237
2459742 zg 13.06204605425999 3.8580447888507075
2459753 zg 3.480851738348823 2.3885950292939877
2459756 zg 3.5445566379258096 -0.36673463590084576
2459758 zg 3.3869160312525772 4.21384619074976
2459760 zg 3.1115791017573806 -1.4530377911245134
2459762 zg 2.895881896769541 0.2602031784310842
2459764 zg 3.500793838660187 6.550387554316022
2459770 zg 9.142657993009891 -16.109475906034586
2459770 zg 6.835913075089991 10.010331732638514
2459935 zg 4.417736280953428 -1.60003601352746
2459938 zg 3.5390404423118307 2.1312066736868074
2460036 zg 5.1850618421875305 11.156729479235333
2460045 zg 3.7736526301188427 1.3501377102936363
2460049 zg 3.000653642236359 1.318490671249602
2460051 zg 2.715813400085627 2.850030951529829
2460055 zg 3.15623966433224 1.8448684342616088
2460057 zg 2.673621511604691 3.849860038393157
2460059 zg 2.9231554231728767 0.2496979383374683
2460061 zg 3.4521171514159437 -1.2015323492142835
2460063 zg 5.298219204500839 1.8807349950786154
2460065 zg 6.655187225328018 9.733171904887039
2458218 zr 3.9215298929878823 0.6875788265456417
2458219 zr 7.872007977848006 -3.102813712535578
2458219 zr 4.208440812846591 1.028047102271511
2458219 zr 4.063796244137226 2.7414438259755847
2458231 zr 4.251294820839396 2.0512903061963375
2458243 zr 4.247381036248335 -2.276535615671552
2458246 zr 4.457841364763638 3.1993358824179703
2458256 zr 3.5283725446773735 8.100190523461956
2458256 zr 3.811145504631057 5.20772844219813
2458270 zr 5.74724829729659 3.52999922359417
2458274 zr 3.5055070939982618 3.671621329872786
2458277 zr 3.6039141257867087 -5.8047908387159115
2458283 zr 3.6406123167842868 1.4053034634402646
2458286 zr 4.008038869377706 1.4037857596910137
2458289 zr 5.9547512296932 3.5496456184389813
2458293 zr 7.38251655808156 3.880845384174309
2458296 zr 7.267824467926374 2.6803985756849933
2458305 zr 4.92621282625422 3.3093188090788477
2458450 zr 9.076417044912535 14.400585836061207
2458450 zr 8.27107426397963 7.668919151520737
2458450 zr 7.650743694181157 13.291907135079466
2458450 zr 8.587876407574798 17.648211537785294
2458451 zr 6.98257917469534 3.073211402918967
2458451 zr 7.55381833296513 10.266383557703438
2458451 zr 6.967097805032174 -1.5992925470205694
2458451 zr 8.163676480368284 8.246299369722314
2458457 zr 7.457691768487584 -0.06314425872233898
2458469 zr 4.131729915086476 7.1583383462308765
2458477 zr 6.000993877245605 10.458835101723732
2458539 zr 5.420948443677504 4.952935607912108
2458557 zr 4.571195178438265 10.338437232912217
2458560 zr 5.207651792544759 -0.7954239925157469
2458573 zr 4.2945852056479366 4.365188691436552
2458581 zr 5.848213024466 7.2514006014417784
2458584 zr 4.026539136226416 1.953069438938137
2458587 zr 5.054907009147418 6.080967224400965
2458594 zr 11.467390938548567 8.204522520035097
2458597 zr 4.177545836067653 6.595018844484242
2458670 zr 4.5281896713251575 -2.7538995164976323
2458686 zr 5.145670081051316 -2.2903435290261633
2458873 zr 5.408289866166932 5.997121430119416
2458876 zr 4.166018782893044 -7.707102845038293
2458882 zr 4.09008114823613 -2.4898583487524073
2458885 zr 4.845216311950916 1.5716783625419923
2458888 zr 5.616424954193137 1.5328686737498642
2458899 zr 3.200530067864323 -0.2894259957879125
2458905 zr 3.7971305580467116 -2.474263560909343
2458911 zr 4.334322513302396 6.951529671503089
2458915 zr 5.832076118934675 -2.5790343631595714
2458940 zr 5.6579611396353995 -0.9724213188110098
2458941 zr 4.196828511525313 0.9153582352824683
2458944 zr 7.157642009413228 8.71678967411043
2458956 zr 3.650685610725254 0.21878677407105562
2458966 zr 5.307202919717629 -8.335810950954457
2458980 zr 3.233120651220228 -1.0831714674846176
2458986 zr 3.3145296748833712 -1.08336759464687
2458992 zr 3.221231308981132 -2.4162580818756108
2458995 zr 3.4829789547158643 0.5633512450457061
2458998 zr 3.5119704278235044 0.41898776462131165
2459012 zr 3.299300794351305 1.154257357707829
2459015 zr 3.451046811721695 2.4411486658193717
2459021 zr 3.47017079403414 10.575925423432329
2459024 zr 3.6005963263473633 2.06780095797664
2459027 zr 5.143582299228049 0.4776487706481556
2459033 zr 7.207828251573417 -0.26955327773660986
2459180 zr 12.968506258191347 -1.6928558963610312
2459182 zr 6.3540687170421215 -6.110144102107928
2459182 zr 7.990363484348159 7.080616356021351
2459182 zr 10.555910243230201 7.98223314236839
2459184 zr 12.561626160960913 27.913765498029893
2459184 zr 11.150180630677966 -4.557481395406049
2459184 zr 12.247661626002847 -7.244397624359867
2459185 zr 12.518547472174795 5.477512814289701
2459185 zr 9.392901906747129 -16.447063361149958
2459185 zr 8.992071688677578 1.5807498848502168
2459185 zr 8.785578923918385 -0.3126892623471217
2459186 zr 8.149880096930888 3.042005980826042
2459186 zr 8.486223054600515 -16.489219787689144
2459186 zr 9.96105349794327 6.3431515467773485
2459186 zr 11.723697888208585 13.822834972134356
2459189 zr 6.071047387599988 7.1364509310987945
2459189 zr 6.927568774211572 0.2601250783292747
2459189 zr 7.758299409839926 8.537361184866306
2459189 zr 9.42102180493238 18.075835244269655
2459190 zr 7.758299409839926 0.6709573288918844
2459190 zr 5.790284819321873 -2.566160568644081
2459190 zr 5.140932925638055 -4.16291184133812
2459190 zr 5.585987079563812 -4.270975937548771
2459190 zr 5.408289866166932 6.047079344775608
2459201 zr 8.850230980733208 21.000185306993796
2459218 zr 5.2248674455855815 -4.369688393200736
2459227 zr 4.097622299665723 -0.31264844274861264
2459228 zr 4.880111726441021 -6.494018859726276
2459232 zr 3.233120651220228 -0.7532686484928715
2459250 zr 5.023911005370753 -0.31279242212474545
2459256 zr 3.2811184702584715 -2.555080118797337
2459260 zr 5.891463395061393 8.650275122223258
2459265 zr 5.222060964047778 11.618562356863416
2459269 zr 4.921677705387707 -3.7567661141131845
2459273 zr 13.726222032793716 -9.02568138062498
2459278 zr 4.990145062418974 -4.934848659505426
2459290 zr 3.2420664471008283 1.1422002117967083
2459292 zr 3.4926160892822953 -0.07454211033009364
2459295 zr 3.9179196932921743 8.151576580826289
2459297 zr 5.46091847517643 -5.265985733990088
2459307 zr 3.5087372726733688 5.248683736800099
2459307 zr 4.2553170606981086 2.3062703159163798
2459308 zr 3.9348839155557074 5.900374752199664
2459309 zr 3.597281581307411 -0.5876408887646907
2459309 zr 3.846409599807072 -1.924705929738477
2459310 zr 5.686770385290845 11.870234392398551
2459311 zr 3.2690526228533527 1.4543345020716922
2459313 zr 3.8784261815675682 4.1514629560204925
2459316 zr 3.4926160892822953 7.336330707986117
2459319 zr 3.811145504631057 0.2508120536532325
2459322 zr 3.7598838941144 -3.3774345872586222
2459324 zr 4.356368506763488 1.8310687008542792
2459328 zr 6.729301289237415 -4.216003177932759
2459334 zr 5.476149259909702 4.397937018310065
2459338 zr 4.093849987536758 2.1956887510135465
2459340 zr 3.1946399003155164 1.0722932199574793
2459342 zr 3.3787094797152397 -2.049029577427295
2459344 zr 3.0817200787784955 2.050275276196888
2459346 zr 3.835796246961142 -2.4405238408206658
2459348 zr 3.147907132444566 6.044340480744591
2459350 zr 3.791180256860563 -1.4274582424070035
2459354 zr 4.8318469634716985 8.755904087049373
2459354 zr 5.049812777748433 -7.108576064649569
2459355 zr 6.463438529000101 0.832204253812602
2459356 zr 7.360437901643006 -1.0091295176341637
2459362 zr 4.324387564214364 0.32398023998095077
2459364 zr 3.8712884326476433 4.460984762544573
2459366 zr 3.4225582657924534 0.8944544460918437
2459368 zr 3.2360998371415888 -4.809585003429698
2459376 zr 3.6540495653523823 0.792043884909541
2459378 zr 3.4288686614114026 4.682278127226202
2459380 zr 5.193282380099493 17.158690759131158
2459387 zr 7.939013418105085 9.451006522878066
2459391 zr 6.870381383842985 1.5401408941450332
2459393 zr 3.630566817965014 -2.4795696563008605
2459396 zr 3.4446956000446303 -1.56140372603715
2459403 zr 4.390573215476245 1.4082336318607709
2459405 zr 4.5240209745614886 -1.8412358443303394
2459407 zr 4.74711513361691 2.6677359853388483
2459415 zr 6.496088116182014 -7.600394813972504
2459600 zr 6.08499128104816 -0.463408127279055
2459670 zr 2.9922177026505445 -4.588190336004892
2459673 zr 3.9760838080071585 -0.9664982655126017
2459675 zr 3.7460574548259165 -1.689362252247225
2459677 zr 4.47841782559774 7.313743425161349
2459679 zr 4.795454392483946 -6.940454079562957
2459690 zr 4.376476590166112 4.683733848670859
2459699 zr 3.4829789547158643 -5.379591403862701
2459699 zr 3.451046811721695 -0.6092015281723162
2459702 zr 3.4894007519300727 2.5956724693868947
2459709 zr 4.336352811611943 5.024357477791736
2459709 zr 5.405871188680063 -7.583966592715734
2459719 zr 3.521687779563582 1.6352741922764078
2459724 zr 3.4351906919214925 -3.254978105228566
2459726 zr 3.7519369352532985 5.643131130442281
2459730 zr 3.3569962052266358 3.308131237169006
2459732 zr 3.8677244857435027 3.8841935008558948
2459734 zr 4.067540862994309 7.243557732516667
2459736 zr 3.6238852226037737 -0.8887472350177339
2459738 zr 5.588119607064528 -7.3127467779109026
2459742 zr 9.288448261110455 14.66448902065392
2459750 zr 3.3787094797152397 1.2749567805445248
2459753 zr 3.791180256860563 -2.6974061710854405
2459756 zr 3.623688438173563 0.11544491682456204
2459760 zr 4.338316410840799 -6.534186367564075
2459762 zr 4.139245865629582 11.802549546017005
2459772 zr 7.490376589097982 -5.82171438705775
2459772 zr 8.805279911162367 4.66838259255146
2459774 zr 7.10584727166656 -7.525778511144288
2459774 zr 8.636767315071934 6.086627025374222
2459776 zr 3.835796246961142 2.8014714968537278
2459778 zr 4.7514894023494465 0.6380980931894351
2459907 zr 12.244863285891377 0.6633768331823062
2459907 zr 14.604676297646229 -37.790787644439
2459910 zr 8.14619131613254 12.088732456094673
2459910 zr 11.6008538620918 18.707470948457964
2459914 zr 6.478163536517174 -3.159990904092392
2459936 zr 3.811145504631057 -2.372380334051867
2459957 zr 6.924205893634875 2.675140524866395
2460030 zr 3.451046811721695 1.8809872802256544
2460036 zr 5.070396681562854 2.248190997962835
2460043 zr 5.668393094452528 0.763532399487325
2460045 zr 3.339042228750409 1.8701435499074084
2460049 zr 3.8347046898299704 0.8755983561730065
2460051 zr 3.366284755226332 2.1580372693087546
2460055 zr 3.6675364098767145 1.2126202038015939
2460057 zr 4.033963131072238 7.731524487977438
2460059 zr 3.957815362334016 -0.9490411253455365
2460061 zr 3.6766774366895554 -11.911419660259408
2460063 zr 4.348351165927714 3.920769848687387
