jd filt fluxerr adjflux
2458207 zg 7.68149698594383 2.538188161842604
2458207 zg 8.158952887411356 -0.7923379012807539
2458210 zg 15.268394048971775 -15.439911395291993
2458233 zg 5.034014274637946 -2.0145771438518274
2458236 zg 12.179389911869679 15.768653685694296
2458236 zg 11.292767327843247 19.142192053680056
2458246 zg 3.025977490567062 -1.5864066732506648
2458262 zg 5.251214524722665 0.9548618857022828
2458269 zg 9.363132765655111 -6.007674674594137
2458272 zg 2.9354539847993126 -0.21641832887477896
2458281 zg 3.0568580842257265 5.036927595549049
2458284 zg 2.785029277000957 8.918966190299065
2458288 zg 3.4742704521325525 -0.7818800366314123
2458295 zg 8.952828755896439 14.601423158802312
2458298 zg 6.6260266657785145 -2.333768902091387
2458304 zg 2.8121723744912206 0.03969937028214865
2458307 zg 3.0272057358706057 9.452801060473778
2458331 zg 14.992814752388913 14.28412083934653
2458334 zg 3.076562152492616 2.43650814532034
2458337 zg 3.102170710588325 3.556245451738758
2458345 zg 3.845748204776606 1.866399022914412
2458363 zg 3.73466719835271 6.377233654540799
2458494 zg 3.341180413479145 11.464183341236032
2458527 zg 5.761001774117716 16.467034868486202
2458560 zg 4.684743158724967 15.650098549453102
2458568 zg 5.497658999010317 4.9381659739360515
2458574 zg 2.8609691226255496 22.298497164913172
2458581 zg 3.5109381889766538 20.59844032671286
2458584 zg 3.1569353857043585 20.769860871504694
2458587 zg 8.765706956823028 11.60973377354706
2458591 zg 14.01594859795467 5.582818564852751
2458606 zg 2.610505483242175 24.852140856498504
2458617 zg 5.464408601887299 20.773972359081665
2458636 zg 2.3557647802958765 27.130013446950738
2458639 zg 2.7347219133267697 23.295281860419788
2458642 zg 2.4667277735078326 27.451772979682943
2458645 zg 6.11192193497494 25.46491150369969
2458650 zg 10.197458242074417 25.23364230378443
2458665 zg 2.6941995853375547 29.771993000125896
2458674 zg 5.515689205859747 31.0870982801908
2458677 zg 13.30212552116892 6.4645156966343436
2458684 zg 2.866244079431349 34.55847459865626
2458692 zg 2.7863902231908457 26.8966313026698
2458714 zg 7.306845466766621 45.45909896467704
2458720 zg 4.6632187190953385 32.94213740279499
2458723 zg 4.892850207986498 42.65221478020314
2458726 zg 4.833767814669507 38.239548210373115
2458729 zg 8.844507676393148 9.625071078845295
2458734 zg 7.4070022810084915 38.93517505280187
2458893 zg 6.140133284824705 57.79430856207486
2458913 zg 2.8139292291749243 61.58983026668029
2458915 zg 5.3252888121974395 54.96599495115404
2458943 zg 4.741172815953524 62.974666953811266
2458963 zg 2.8082111860615444 71.84892603648183
2458969 zg 27.72312029078141 57.84393500954897
2458972 zg 4.988284550907528 69.00915865022753
2458975 zg 10.892739648959619 59.766920213396176
2458986 zg 2.603302346113645 69.65131572299188
2458992 zg 2.5616584475250543 74.0612979679572
2458995 zg 2.7958455146349777 68.31523309314305
2458998 zg 2.5675836988674883 68.75802589098113
2459005 zg 10.500267913099687 75.07617941530509
2459011 zg 3.192020656241319 71.24911966470104
2459017 zg 2.2810348713206423 67.07644118815583
2459020 zg 2.469000760336164 71.06767229795192
2459023 zg 2.4373686659328344 69.59635306584515
2459026 zg 7.459223471964141 74.36361899308069
2459033 zg 7.489136804662484 77.38486423620868
2459036 zg 5.902990782036284 69.89376507616836
2459039 zg 2.6572337812145426 69.7959075508074
2459042 zg 2.8399661957603404 72.96353939303738
2459227 zg 3.4032975951049504 26.560111902208963
2459229 zg 3.1194302327377526 28.991272465918993
2459248 zg 5.702929580473449 21.47131101206581
2459256 zg 2.417307639725937 24.978789621195652
2459269 zg 2.711625847253625 19.742795109848515
2459270 zg 7.49282974466503 14.853463333014435
2459279 zg 5.092961398676313 18.93171314925297
2459292 zg 2.9748149835969784 4.037525647933226
2459295 zg 6.276101461916869 10.011802881596237
2459302 zg 11.62581218696567 12.511341225052778
2459306 zg 5.179165160382631 9.346214415953398
2459308 zg 3.164171105086395 9.586507273149957
2459310 zg 2.775320672753282 12.23714199767862
2459312 zg 2.5699496202272973 13.311877960708133
2459314 zg 2.7778780150758986 11.948813487373275
2459316 zg 2.289454013457014 10.370676504467006
2459324 zg 3.004982433922459 15.83394619339324
2459336 zg 4.405162365466302 3.8620645829228497
2459339 zg 2.6621330977810693 9.716193128673991
2459341 zg 2.3106380706213416 9.326234550387252
2459343 zg 2.782999771345626 9.63324510171407
2459345 zg 2.7549465076997706 8.210839966378934
2459349 zg 2.199153428601753 8.949448741221595
2459352 zg 2.6419500949576062 13.448159207623883
2459358 zg 13.403146984682033 10.296827011862359
2459361 zg 8.96043348293988 5.591719409499185
2459363 zg 5.090391902030651 13.903785361143747
2459365 zg 2.6818208626712465 8.781568213593879
2459367 zg 4.346139410466181 9.591001226216353
2459369 zg 2.60810222574868 10.64640803537906
2459377 zg 2.816522147673062 8.871280925842846
2459379 zg 3.14532620396435 7.821534720478116
2459383 zg 6.016969340412826 4.3785343641115055
2459390 zg 7.35921962426531 11.731770028569862
2459392 zg 3.8570201458217195 11.508950505323165
2459394 zg 3.136647342300755 6.674921219108782
2459399 zg 3.087917530868857 4.471615102784064
2459409 zg 3.387062290153053 2.423646865338025
2459411 zg 4.827859306819506 -1.113610728238493
2459419 zg 11.536974576201755 20.1652454009666
2459428 zg 4.6234949171233675 -4.18352850308793
2459435 zg 3.3596955709418195 4.606554829740988
2459438 zg 4.3062937648472985 5.083553935695248
2459440 zg 8.325161250108764 -3.9601866845544627
2459443 zg 12.538967006005462 -9.85784932706606
2459453 zg 3.724362175003069 4.603928442295669
2459455 zg 4.819149336829025 -0.13832702340947423
2459641 zg 2.525367632058123 0.08279652627467815
2459682 zg 6.0019958218273946 -4.075348040674963
2459684 zg 9.27105206942383 2.6555886196717746
2459696 zg 3.0010641362926176 0.5139991550047631
2459698 zg 2.8909590341180027 0.7377524713023695
2459702 zg 2.971953004289265 4.241027609077647
2459710 zg 5.936155549686491 -0.9121040454835313
2459712 zg 8.398466011217026 5.401756695622555
2459723 zg 3.2875720300747373 12.389497418309437
2459725 zg 3.0964615608965804 -0.38598224732366476
2459734 zg 3.3075005634149317 -1.0970519437804922
2459736 zg 3.2651258619803545 -2.6887944062815365
2459738 zg 4.462415169795597 13.491128672209266
2459748 zg 3.2829174340374117 2.337168595467239
2459750 zg 3.4883751467655726 1.2816371708983452
2459755 zg 2.968012277384225 -5.627145301716422
2459760 zg 3.130874742763829 0.9111042754722006
2459764 zg 3.451943055110789 -4.097409690553381
2459766 zg 4.001113267396295 2.76775852866568
2459771 zg 7.276015548155411 2.4053384737428
2459784 zg 4.1134330174170435 -0.9766619786619037
2459791 zg 5.985566670516977 -0.07091858076200633
2459794 zg 4.583127299808727 -0.649944608537944
2459798 zg 10.162047369435612 6.290988591982508
2459806 zg 4.26681342630326 0.13663594627618614
2459810 zg 5.636088429836972 -9.61670946700921
2459815 zg 4.384922482898226 -6.06032489832223
2459970 zg 3.93532718802419 0.47337631548356185
2459993 zg 3.66153865006359 3.0384902224626273
2460016 zg 9.31796027615873 -6.186535614107377
2460045 zg 4.226393923678787 5.892852634931661
2460049 zg 3.1511254486100992 1.4995066631364058
2460051 zg 2.3042623541235483 -0.1242697313919855
2460055 zg 3.2678337985586214 1.4984785950226691
2460057 zg 3.659754110659386 -1.043597806052485
2460061 zg 3.4095724785594648 2.4346173701464306
2460063 zg 3.2483715119843843 5.407690655782864
2460067 zg 10.578535168887901 -4.317920079376671
2458198 zr 3.8988086829773336 11.504690828178141
2458198 zr 3.338677220916511 1.2354000765028983
2458219 zr 3.679018101099978 -0.2962720099187507
2458219 zr 3.7854823331678102 -4.3024665931769
2458224 zr 5.650197423633317 -2.093063279664692
2458243 zr 4.826871009047328 -5.741584212782244
2458257 zr 4.058117426977647 0.5507765828551827
2458257 zr 3.4726061487606663 -1.2853535757761234
2458262 zr 5.562418013020756 -4.862272745820484
2458272 zr 4.390491802845565 -0.962721413901436
2458278 zr 3.998753284030191 -2.1791071612104105
2458281 zr 3.372674538848083 3.942059984359654
2458284 zr 2.921607774955866 -1.205669052358209
2458288 zr 3.2476889977339254 -3.5222158030993933
2458291 zr 6.0753314038736095 -10.922370630578099
2458295 zr 6.862550060867565 -3.263470743949025
2458304 zr 4.927673649559026 14.771858580770397
2458331 zr 5.049701342021138 4.183662469154241
2458337 zr 4.317474338494755 5.020973437474904
2458473 zr 6.163847811932482 13.364033341441194
2458473 zr 6.174202169002109 1.3926378920395681
2458473 zr 7.180695917725364 4.135453687699107
2458473 zr 9.003259892371801 12.211499378824323
2458477 zr 7.703459180731923 8.350652007440614
2458477 zr 8.071799850229324 8.162849258768558
2458477 zr 8.82151478445304 3.8907839296064832
2458482 zr 9.372593047462715 25.73056249551432
2458482 zr 8.119910069785929 14.4162893934308
2458482 zr 7.351262320377534 4.047905878117929
2458482 zr 7.313136051787519 19.107900573593597
2458494 zr 4.2897280921920995 7.4013942294153505
2458542 zr 3.8987126182866962 8.239865850316228
2458560 zr 5.239208633741285 18.09982995020131
2458581 zr 7.200564350391614 8.809807331001457
2458584 zr 4.365457504665491 14.56418007680047
2458591 zr 10.043026726410789 7.072145710302294
2458597 zr 4.58186129285758 8.08996137739752
2458606 zr 3.520914912407642 10.739756244346397
2458617 zr 4.309528577416995 13.52623408074177
2458628 zr 4.004250363500074 17.68374693276464
2458633 zr 3.4258980438984303 17.56512711922988
2458636 zr 3.920317341497116 13.765564506122423
2458639 zr 3.385122847586947 15.424542649423254
2458642 zr 3.295724119207143 21.886967724908793
2458650 zr 9.792011915483853 24.465086559506616
2458653 zr 5.718256374377594 12.273954619773699
2458657 zr 4.012874058514003 41.53238019570788
2458668 zr 3.8169917711197283 10.183743372368031
2458674 zr 4.9941972720931105 14.01001507858806
2458684 zr 5.115349090222419 27.371891845885145
2458692 zr 6.34752514134853 5.6661620349330395
2458698 zr 5.998789501967169 24.68473461537841
2458720 zr 5.984831220173201 18.972668541522328
2458723 zr 6.9327198854099485 19.530505837367805
2458758 zr 11.535945067264137 27.01569426454287
2458758 zr 9.366984182803066 34.65035747921277
2458758 zr 14.484909339783231 10.05593529886806
2458758 zr 10.582244669795147 35.04931989597344
2458850 zr 6.421195147392544 35.20666226038483
2458899 zr 3.7096413565739015 28.067719428536627
2458912 zr 3.792555322403723 33.23461870226488
2458916 zr 4.695838699796242 39.98263544629993
2458966 zr 3.5306570128477937 31.502781624819143
2458975 zr 8.829059482280584 43.103198900757775
2458978 zr 8.42392405222119 33.43481082733031
2458981 zr 4.171810854644095 36.17669620505107
2458986 zr 3.087606251628111 39.97957019251261
2458992 zr 2.759263575824983 30.374305860485517
2458998 zr 3.5153974555123866 42.87928711629894
2459001 zr 5.115236208285737 36.61907178335483
2459008 zr 6.186598148408326 41.02427280404204
2459011 zr 3.3873145677923397 24.761465386046204
2459014 zr 3.280581642354868 40.793597339777186
2459017 zr 3.250505089073993 38.94656365397028
2459020 zr 2.995172996345312 34.66627303093707
2459036 zr 6.714357013865894 34.252888591404734
2459039 zr 3.1619198012696206 33.74806850672248
2459042 zr 3.7415842597214004 45.66654351070901
2459045 zr 3.0616169268433415 27.44155796778564
2459120 zr 10.781138330958642 38.4724979720385
2459120 zr 9.974657884285877 46.663020131796344
2459120 zr 10.99646710285819 24.633438070408914
2459122 zr 12.056334408865181 26.578173546494078
2459205 zr 4.594538950235958 11.444561027974817
2459205 zr 5.0265000718551205 14.03416273888023
2459205 zr 5.559339335380487 13.105469428890974
2459205 zr 4.896209139995414 1.7631100645814293
2459205 zr 5.519502404058583 18.551910845303542
2459225 zr 5.167323996400948 17.683824745816032
2459227 zr 5.119949685245026 15.59590413104634
2459231 zr 4.142187606905697 4.8895160528257655
2459254 zr 3.5015112811442206 7.616857293320466
2459255 zr 3.8453150224213797 16.20482400956662
2459262 zr 4.1032181751402685 9.471751521446137
2459265 zr 3.6722473373292654 6.127223885796418
2459268 zr 4.435199612502097 7.223179298989713
2459283 zr 3.615196639322499 1.9408448398948321
2459291 zr 3.382006469589624 9.249060217273502
2459295 zr 4.939303278201261 3.6671021833182733
2459297 zr 5.358706366638021 12.736351339706847
2459306 zr 5.138847065847646 11.16186121180626
2459308 zr 3.504737777844332 4.700019518343388
2459310 zr 3.7243932416038947 17.1625948530028
2459312 zr 3.4227441278469986 10.703338022396707
2459313 zr 4.273953226078908 5.960459164901051
2459313 zr 4.3614386207642815 10.090287877834255
2459313 zr 4.455671563756224 5.774720660466256
2459313 zr 4.667044454163234 6.891722097767753
2459313 zr 4.619999596356351 4.848589883022539
2459313 zr 4.730049581064491 -5.588551357268431
2459313 zr 4.688586552583586 7.827283545025336
2459313 zr 4.8896218909589235 8.390691950356922
2459313 zr 5.339000484666766 11.231204038880703
2459313 zr 4.804799580210605 4.848589883022539
2459313 zr 4.266087560059987 5.5891531487584825
2459313 zr 4.305561182246386 7.452541876615767
2459313 zr 4.560809552463691 2.277998938403142
2459313 zr 4.631005288103241 -2.408900698564951
2459313 zr 3.338677220916511 5.5891531487584825
2459313 zr 4.230870816264974 3.9267142899786744
2459313 zr 4.41075739222652 3.7428480714447527
2459313 zr 3.8382382103684485 12.570266147894854
2459313 zr 3.608543330815473 0.10086380898370173
2459313 zr 3.6486476419709524 2.277998938403142
2459313 zr 3.3633683575934654 7.07848987246963
2459313 zr 4.266087560059987 5.5891531487584825
2459313 zr 3.4353772399800473 11.421970465318635
2459313 zr 3.5633257799635247 7.827283545025336
2459313 zr 3.6891976608887704 4.479330120538277
2459313 zr 3.88805074595645 15.274429814829672
2459313 zr 3.635230258209265 1.5496119722432535
2459313 zr 4.050648979229693 4.110749933570117
2459313 zr 3.984048436468857 0.8239035457528257
2459313 zr 4.66566089514774 15.274429814829672
2459313 zr 4.435199612502097 4.848589883022539
2459313 zr 5.129389672983417 10.469892931909966
2459313 zr 4.539854536030963 1.367934137910579
2459313 zr 5.151099356846991 -2.9425099147039067
2459313 zr 5.141146272260972 3.559151121992313
2459313 zr 4.849257843347591 6.705126263349014
2459313 zr 4.614378026905656 12.954443700901676
2459313 zr 4.939412277687735 10.469892931909966
2459313 zr 4.840226589443819 -1.158063693217473
2459313 zr 5.90015774226952 10.850197888773478
2459313 zr 5.222277677451252 6.705126263349014
2459313 zr 5.077684271380421 8.390691950356922
2459313 zr 5.038020847401714 -0.439670570892007
2459313 zr 5.227089788662822 6.891722097767753
2459313 zr 5.227089788662822 6.891722097767753
2459313 zr 5.143582299228049 11.0406132339247
2459313 zr 5.145883624264274 3.7428480714447527
2459313 zr 4.8447935680090675 6.518702210924273
2459313 zr 4.688586552583586 7.827283545025336
2459313 zr 5.0265000718551205 6.3324497823501655
2459313 zr 4.667044454163234 6.891722097767753
2459313 zr 5.16012188800201 4.294955158335979
2459313 zr 5.334576246594968 3.9267142899786744
2459313 zr 5.323817796401436 -3.120052256636045
2459313 zr 5.343920151080074 11.421970465318635
2459313 zr 5.310066095135409 3.009074330539063
2459313 zr 4.96667443648497 3.9267142899786744
2459313 zr 4.125956166273555 7.827283545025336
2459313 zr 4.862675366390726 7.2654297458916925
2459313 zr 4.916717739743019 9.522189797416315
2459313 zr 4.611497076110964 4.479330120538277
2459313 zr 4.898637208204909 8.767163347716446
2459313 zr 4.797797762960561 12.570266147894854
2459313 zr 3.6891976608887704 4.479330120538277
2459313 zr 5.468899301853666 8.955659263361282
2459313 zr 4.60725168571608 4.294955158335979
2459313 zr 4.220006993170526 -4.886510858853301
2459313 zr 4.133563462831763 8.202716149278883
2459313 zr 4.6413245455794 5.774720660466256
2459313 zr 4.586083287063733 3.375623285791745
2459313 zr 5.681508003143398 3.1922644071557738
2459313 zr 4.253286227030724 14.111231586757624
2459313 zr 4.9941972720931105 5.033474996547723
2459313 zr 4.727613211291365 9.522189797416315
2459313 zr 5.008126347195141 13.339329587312205
2459313 zr 4.38157010674982 11.0406132339247
2459313 zr 4.463886778262993 6.146368819626828
2459313 zr 4.1756550044626435 10.280002997584843
2459313 zr 3.9275454882386636 7.2654297458916925
2459313 zr 3.679018101099978 3.9267142899786744
2459313 zr 3.9456742145212287 8.202716149278883
2459313 zr 3.9167082580884385 6.705126263349014
2459313 zr 3.7370759528816286 7.07848987246963
2459313 zr 4.219196624098634 3.375623285791745
2459313 zr 4.187208720320304 10.850197888773478
2459313 zr 4.219196624098634 3.375623285791745
2459313 zr 4.6842701928445605 7.6398264233685165
2459313 zr 3.985852504259796 10.280002997584843
2459313 zr 4.019029774978516 11.99532509255509
2459313 zr 3.9275454882386636 7.2654297458916925
2459313 zr 3.8065533821093673 10.850197888773478
2459313 zr 4.039472071062192 3.559151121992313
2459313 zr 4.463886778262993 6.146368819626828
2459313 zr 5.91904861877702 5.033474996547723
2459313 zr 6.306390306175633 5.5891531487584825
2459313 zr 4.137372369272935 8.390691950356922
2459313 zr 4.203681127447123 2.643199961906971
2459313 zr 4.980526748971635 12.186795624695334
2459313 zr 3.9311645577032226 7.452541876615767
2459313 zr 4.57764318546156 3.009074330539063
2459313 zr 4.33340983802742 8.767163347716446
2459313 zr 4.359552756789739 -6.462472642269562
2459313 zr 4.0636961142358246 14.304651838539355
2459313 zr 3.8879549463359853 5.218530473999705
2459313 zr 3.4694092327600905 2.460515359517741
2459313 zr 4.0806054922312915 5.5891531487584825
2459313 zr 4.153648721051421 0.28137409082064657
2459313 zr 3.9932014824881654 10.659957841895261
2459313 zr 4.925783015386266 9.900747411723456
2459313 zr 4.962102066254835 3.7428480714447527
2459313 zr 4.305561182246386 7.452541876615767
2459313 zr 4.317474338494755 8.014913400606828
2459313 zr 4.705891801662076 8.578840963300264
2459313 zr 4.860063432445563 15.274429814829672
2459313 zr 4.682472946936874 -0.25965836895666605
2459313 zr 4.791541753144723 4.294955158335979
2459313 zr 5.319367068279099 10.469892931909966
2459313 zr 5.339491836257323 4.110749933570117
2459313 zr 5.4428101205711945 1.1864235580113824
2459313 zr 4.8896218909589235 8.390691950356922
2459313 zr 4.590309171661582 3.559151121992313
2459313 zr 4.930213120238023 2.460515359517741
2459313 zr 4.6842701928445605 7.6398264233685165
2459313 zr 4.948519396742178 10.850197888773478
2459313 zr 4.627145655583246 13.53203856357531
2459313 zr 4.297637345813873 7.07848987246963
2459313 zr 4.141184785462626 8.578840963300264
2459313 zr 3.7164810661555725 5.960459164901051
2459313 zr 3.699405386735638 5.033474996547723
2459313 zr 4.043194276207643 3.7428480714447527
2459316 zr 2.5943583565108943 5.27583733209524
2459322 zr 4.427037193066525 4.105286843855541
2459324 zr 5.136413281511381 2.9223272763429637
2459328 zr 6.595016232396921 20.58006581443321
2459334 zr 6.026478656232498 14.444733614235997
2459339 zr 3.323337392488437 3.6578027297383597
2459341 zr 3.394489221840206 7.881137932429038
2459343 zr 3.6688666296509864 2.233822911849995
2459345 zr 3.31111629098998 2.718784913893403
2459349 zr 2.9649809788695936 4.066940917276586
2459352 zr 3.6095705106179605 9.039287819558318
2459358 zr 11.19004322043551 1.764561411931087
2459361 zr 9.385813779336424 6.31706361788357
2459367 zr 3.9493099888514385 6.525856999691732
2459371 zr 3.3633683575934654 5.107034559538128
2459375 zr 3.8879549463359853 3.14406869635135
2459377 zr 3.4322145972857774 9.106555797514025
2459379 zr 4.317474338494755 5.840936562721084
2459383 zr 6.791566747442407 12.615863788348591
2459385 zr 7.009475555688664 2.1623693049476898
2459390 zr 7.7366794874792975 -7.317103448652336
2459392 zr 6.5615195887354645 -0.37904095310398755
2459394 zr 6.124235847586309 9.477288497633856
2459396 zr 3.2357460824685607 -3.1801578211456545
2459399 zr 3.5469537851640576 4.26853665311062
2459401 zr 3.6800653417009603 11.83425807202314
2459403 zr 3.569895717900159 5.498614634984111
2459405 zr 3.71305963646352 3.031195490537235
2459407 zr 3.740519512608251 4.483154812420786
2459409 zr 3.8524048824578014 10.518967263151744
2459411 zr 6.017011561594458 -6.509497864963294
2459415 zr 7.2204877574811155 2.2877679559256396
2459423 zr 8.042116952107738 4.196075024488033
2459426 zr 4.390491802845565 -0.292858769486787
2459428 zr 4.026439924321469 9.227197861033726
2459430 zr 5.162566906176341 8.6210057325697
2459435 zr 4.987029504417574 17.528376647042343
2459438 zr 5.014873244233589 -4.642055050291485
2459440 zr 9.100643562422427 -5.386302907083249
2459450 zr 9.604437467247099 9.289834885159774
2459465 zr 7.446666773118697 2.673459418518631
2459601 zr 6.92794497589037 8.554790688601303
2459637 zr 4.8357706283681035 -6.040896993146215
2459673 zr 3.9620924935619706 -5.045160956545506
2459678 zr 3.891633422662148 10.673929640964825
2459684 zr 7.948511111028992 9.886174275848461
2459696 zr 3.757692376273728 -6.342228363766098
2459698 zr 4.187208720320304 6.021085028928057
2459700 zr 3.8029553257202733 -4.008308881589625
2459702 zr 3.848763486000367 -1.642994604925197
2459717 zr 7.159546688914868 3.9106548519912705
2459727 zr 4.509341959452833 3.33349342301453
2459730 zr 3.5274066546403438 0.9018925338096322
2459732 zr 3.147392099414845 0.34335003101151784
2459736 zr 3.5371667172313805 1.4526846480171103
2459738 zr 4.234769387376497 -0.7712489386790137
2459743 zr 9.70223821063201 9.998565030388583
2459752 zr 3.895123424402597 0.6925514447462062
2459760 zr 3.6385799713732396 -3.1727309362830534
2459762 zr 3.685801348572864 -0.6110492537724621
2459764 zr 3.214776983678128 4.614400171038774
2459766 zr 4.000564010510705 6.131068909011817
2459773 zr 6.585737704268347 -2.089400008738019
2459773 zr 12.79853550737688 -4.994933202559545
2459775 zr 6.594319318737379 3.8500867329727444
2459777 zr 3.9257678112410463 -6.971013785204216
2459779 zr 3.5929860405814367 4.601948562214963
2459779 zr 3.7233333865593483 1.4122085471488128
2459782 zr 5.509344463574782 5.5473488248728025
2459786 zr 4.226975834217082 -1.182675335379779
2459789 zr 4.341399630554939 4.216637448010814
2459794 zr 7.113832791479552 8.023261221800439
2459798 zr 7.088699003508066 -3.3842570089942265
2459808 zr 5.4885795139425815 12.09113073243378
2459852 zr 12.244863285891377 24.57594050208622
2459859 zr 15.5021756744717 17.827338920290646
2459860 zr 17.66158934119026 3.237143812383582
2459933 zr 13.828803357244126 -30.163420696011254
2459933 zr 9.836299955073596 -25.70611936525071
2459933 zr 8.078944142124383 -1.4273771823137313
2459933 zr 7.314195022030393 2.840755240719292
2459933 zr 9.222994152221927 -0.5071981837677673
2459936 zr 7.152955538526354 3.5917021298440703
2459936 zr 9.834293519197734 21.66426214885198
2459936 zr 12.881317285351827 -3.8007152754448112
2459936 zr 13.273697495022866 -20.63590779279482
2459937 zr 6.44175835932639 -6.503607835097146
2459937 zr 9.525152405977868 6.053274374420024
2459938 zr 7.779552311218771 -8.81612582440617
2459938 zr 6.83130464011512 -0.32366219201780544
2459977 zr 7.8735462789938815 -1.985002737277613
2460016 zr 6.781154713429218 -1.8064852569053824
2460043 zr 7.335072819753429 20.424327048042734
2460045 zr 4.317474338494755 3.0135773983815293
2460049 zr 3.6925971027649305 -0.33776967386735757
2460053 zr 3.8100609623911477 6.038670396879679
2460055 zr 3.8135717747619755 6.229115920365265
2460063 zr 3.7716546909335626 3.9530144319098652
2460067 zr 9.5148026942596 19.000919279980298
