jd filt fluxerr adjflux
2458207 zg 9.072673209984954 8.610155645531433
2458207 zg 8.169231720349519 7.526986502848796
2458223 zg 2.378164750305124 11.668997207230213
2458233 zg 4.805933958039514 11.640661559868267
2458243 zg 2.4246102545187447 7.211060103733725
2458246 zg 2.5076429120651587 8.683670044913423
2458249 zg 2.8961642187768346 7.83088540944215
2458262 zg 5.344069592334724 12.175207125364492
2458267 zg 12.061658838492678 25.067851645017036
2458273 zg 2.40459498832132 12.487215790636355
2458279 zg 2.4651419803522683 11.252861172249077
2458282 zg 2.62216466215164 11.991567303041755
2458294 zg 8.5463371447346 30.426303005743257
2458300 zg 4.33625129665372 14.612592995318595
2458303 zg 2.5802732088431974 13.487666805200277
2458333 zg 4.226315555358585 9.22014938336866
2458336 zg 3.5172596488741186 22.909018968311237
2458488 zg 2.9165110269119414 28.04002108729967
2458488 zg 3.2644079714985375 26.335349790234506
2458492 zg 3.352593093279085 29.34565726686349
2458493 zg 2.3759753880173884 26.578216762633836
2458494 zg 2.40459498832132 26.021461849789393
2458495 zg 2.4778515101161296 29.505256788211796
2458495 zg 2.7658153568324386 23.98370247336174
2458502 zg 12.376020365256887 31.027943835123562
2458502 zg 13.019082300798049 8.662477373634381
2458508 zg 6.69320960130213 20.670177738355143
2458508 zg 6.02078583644429 23.102832675672126
2458539 zg 15.609387899994278 26.668187739582486
2458544 zg 4.091800421231398 23.82716709438308
2458568 zg 6.222669448457986 21.991906536328933
2458582 zg 2.9122133181705907 31.07432063807686
2458585 zg 3.3729963312761964 28.715018723023903
2458588 zg 5.7445125069872995 40.073370580963285
2458594 zg 11.701698128825011 41.9074761168942
2458597 zg 3.200485535964743 36.53779069746092
2458606 zg 2.253355767113216 31.445941833342438
2458617 zg 5.864700852779983 30.162226480620898
2458628 zg 2.5379045065213015 36.26520988231302
2458633 zg 2.7218594345294003 30.726876822500408
2458634 zg 2.6525629123099037 28.896424235733924
2458634 zg 2.5238625130239907 33.07974445608588
2458635 zg 2.0583755272938613 34.464612183391516
2458637 zg 2.625824481540916 31.87841296836743
2458640 zg 2.8438057424088425 33.33603515600869
2458643 zg 3.9716094553668624 28.559126472681676
2458649 zg 10.03893843059459 34.61878580302499
2458652 zg 5.668832416296287 44.65753903585537
2458670 zg 3.72636614522538 32.407704686030776
2458673 zg 4.941566207299569 40.00137163173809
2458677 zg 6.941380708747593 27.10238374442587
2458680 zg 9.457430576468843 33.54279642396063
2458683 zg 4.611686331204752 42.11985609316022
2458683 zg 3.438507478920246 31.168411568394045
2458686 zg 2.9789528046737863 35.85769676477247
2458686 zg 3.1611995195398324 30.144639594372006
2458692 zg 3.803247648549415 32.47549235003677
2458853 zg 3.3121016193604853 11.307684606736096
2458856 zg 3.3757476444887766 2.9793598257409037
2458874 zg 2.5018424681264047 6.4903110677305484
2458877 zg 2.5355680862141186 4.902119281304196
2458896 zg 3.358774489511072 12.303184095089453
2458900 zg 2.688189994348629 3.5268404796599833
2458914 zg 7.1407600269608205 -3.0754934036451047
2458937 zg 2.4438541128678537 2.142871450988458
2458940 zg 3.443233983203922 4.2592425230064705
2458944 zg 6.912335181359805 4.545548061186928
2458963 zg 2.6355162183105825 3.0017758140037496
2458969 zg 3.712662962700459 6.628477312293937
2458972 zg 4.771688722363042 -2.747819949828252
2458980 zg 2.0059708132025698 6.427004015974427
2458986 zg 2.245069371153459 -0.9226688342991449
2458992 zg 2.33906309919757 -1.1870151112103837
2458995 zg 2.5637476595663586 4.020240918538209
2458998 zg 3.023177333562988 2.149125037281771
2459012 zg 2.208580181029406 -0.035583446310297084
2459018 zg 2.4425414228292492 1.3528990962966345
2459024 zg 2.334066205814148 2.9386039444938232
2459027 zg 4.429089361480737 1.6447514393839933
2459032 zg 8.068497227642622 -5.91933658380232
2459036 zg 4.9043086961123175 -1.8043264588121972
2459040 zg 2.519273259396049 1.4075881214060393
2459045 zg 3.2762787574717 -2.8405770149598153
2459218 zg 8.135657444065277 5.079546493121329
2459227 zg 3.149059351197459 -0.5791944070806606
2459227 zg 2.9353752140021094 5.120478627814771
2459229 zg 3.11073934882955 -1.904026858772257
2459230 zg 3.1565732281814345 -1.345982304360308
2459250 zg 4.236140779043335 1.922738599139072
2459253 zg 2.7130635101188227 0.806601041233572
2459255 zg 3.8315137154972514 -2.275668442579874
2459257 zg 2.7535941278830625 2.634130106559337
2459264 zg 2.496176423323727 2.8407182381623115
2459268 zg 3.6793113143658718 0.3293156493735563
2459270 zg 7.158660458669033 5.5628575511738045
2459272 zg 11.968451559896202 4.144841576017105
2459290 zg 2.308411188788467 2.7211558643570766
2459292 zg 2.5755245449658077 0.5269249669214632
2459301 zg 12.702444301289882 8.3266594436009
2459305 zg 7.377607072698829 6.70883349495355
2459311 zg 2.6245808775941484 -5.419046599211824
2459313 zg 4.302834136380621 1.7167399142576447
2459321 zg 2.657453616888443 0.51947388139528
2459325 zg 4.3903385287742775 -0.08086313677624751
2459329 zg 9.7795743232843 -16.61340712897338
2459335 zg 3.17871731254469 2.5727048114249147
2459340 zg 3.016142854169909 -3.0373158206141735
2459344 zg 2.2978050027949197 -1.5338954950534618
2459346 zg 2.505389638066594 0.6093832251519216
2459348 zg 2.3405243872745713 1.5644869897466975
2459356 zg 7.371574815978204 -3.9463828193577934
2459361 zg 7.923569190748082 -10.955882812799693
2459363 zg 2.693146386919878 -0.6465702375078929
2459365 zg 2.6721799010387772 1.4183119383570666
2459366 zg 2.8047872648580743 1.862197581169275
2459368 zg 2.437110814908852 3.0428220130946775
2459370 zg 3.015943377500613 -3.363436340385897
2459374 zg 3.0665631124411594 0.7297186513958439
2459376 zg 2.8307396418891444 -0.3326082079749754
2459378 zg 2.641799945229582 3.5058014322108293
2459387 zg 13.510993942054151 -24.832712061953863
2459391 zg 5.36154500652148 -3.163222138408577
2459393 zg 5.905306974586834 1.5016375695594026
2459395 zg 3.320594687977976 1.3992753124804358
2459397 zg 3.1206991830327615 1.2843500442228244
2459400 zg 3.6674307348856345 7.7621390703101945
2459408 zg 3.846677574950628 -0.8869704955706067
2459419 zg 9.237131441414633 -7.999526272491293
2459423 zg 3.583949819407573 1.7718866733762615
2459600 zg 7.299311588226056 -3.284618504828466
2459641 zg 2.382549528957817 -0.03521693311866223
2459673 zg 2.5766768778676408 -3.5708984459252626
2459677 zg 3.918879594979506 0.08668709331454226
2459679 zg 3.9043722674262433 -1.1048885313399563
2459682 zg 6.785162882513593 -9.077925326246003
2459687 zg 10.995292327763444 12.239955050987664
2459694 zg 3.7562217175233403 1.8013983886751557
2459697 zg 2.048918150812112 0.35861712203394835
2459699 zg 2.939354094375896 2.5747960929270914
2459699 zg 3.318208358800759 -1.438615867859404
2459701 zg 2.9951313217663302 3.4534124543187197
2459710 zg 5.707454768444066 -4.1021015750647365
2459711 zg 7.538621445049348 10.832197361606923
2459715 zg 11.84927119295283 6.532617550758265
2459722 zg 2.825030777671937 0.19999858695609668
2459722 zg 3.062075317748233 2.77679078712674
2459724 zg 2.8511704656208656 -0.7103540774158992
2459730 zg 2.6684554724327554 1.1973117509455689
2459732 zg 2.724367514549307 2.9161129421551997
2459734 zg 4.152271912618696 -1.341602105777006
2459738 zg 5.58668185890724 -5.218524046652976
2459747 zg 4.425881551686035 -0.7763978156674846
2459749 zg 3.2093410329944536 -0.0867818693250418
2459759 zg 3.195982772965516 -4.355042160046692
2459759 zg 3.2446658157267625 -1.174742794230155
2459761 zg 2.7660495795973534 0.4359974429668908
2459763 zg 3.2271256022854664 -1.4092270003305782
2459770 zg 6.498532355475244 -4.044220688404438
2459770 zg 8.32702284785288 0.14095636704731754
2459951 zg 16.95905237214426 -8.247920034804633
2459957 zg 9.292557738755217 5.90136392099709
2460016 zg 6.804444154995735 -2.993337124893295
2460045 zg 3.725305728749295 -1.667992276717224
2460051 zg 2.6929183374309127 -0.9372650516842489
2460055 zg 2.8438057424088425 -4.707429173412417
2460061 zg 3.0356514665381655 2.082453069872697
2460063 zg 3.468196159677982 -1.5461014774327806
2458198 zr 3.4652288748452964 4.247481902244155
2458217 zr 4.53801255517496 1.420270628564492
2458217 zr 3.4333748668422377 10.391493995968872
2458218 zr 3.506882571229512 4.448176850236601
2458219 zr 5.95346730995242 -5.228387772438582
2458243 zr 4.2368387707436215 2.260362399494336
2458246 zr 4.232938294537054 8.597000273193803
2458256 zr 3.565506427431767 3.209110343713306
2458256 zr 2.942892743007632 7.267761681275668
2458256 zr 3.3614907816110815 5.477349988383898
2458262 zr 6.281820544453826 12.534798894858657
2458270 zr 5.590516160940544 -9.694644795290316
2458279 zr 2.862535295631462 5.8003028966830605
2458282 zr 3.1758174442686533 6.5176363532077275
2458288 zr 3.718130337918093 7.405584117866601
2458294 zr 6.174537459101264 4.152266592430867
2458300 zr 4.5526048873565275 2.823293560540633
2458303 zr 4.699755631119248 12.842918557478928
2458306 zr 5.241455551602987 20.17342106634875
2458325 zr 9.936706868795802 14.280929104283388
2458336 zr 4.637244131474442 11.742166538585195
2458458 zr 7.235787193585447 6.843553891429097
2458462 zr 5.468294643642937 5.149281167652316
2458462 zr 5.797167767142076 6.414663761899079
2458462 zr 6.123233853686683 -2.415604355951949
2458462 zr 12.952423015484266 18.18410424120399
2458465 zr 6.0117986935363055 13.766746891194906
2458466 zr 6.1348567977438595 26.78591759045034
2458466 zr 9.343937449369015 6.065171642090364
2458466 zr 4.601142598307895 11.895876909409417
2458466 zr 5.8638229104526856 15.313112020803832
2458477 zr 5.440212560417531 13.61207955774004
2458487 zr 3.653630379852047 13.753848111592134
2458488 zr 3.1641388264386667 13.939501251145433
2458492 zr 4.087351031955045 15.785694447433123
2458494 zr 2.905031529435311 15.859249356570205
2458509 zr 6.9694705433918225 10.167865825125133
2458527 zr 6.4381622944610655 6.482029154231498
2458539 zr 7.395548414943776 24.733304572371537
2458557 zr 4.074864488493448 15.382369584910503
2458560 zr 4.951079807123631 12.365748336343898
2458573 zr 3.9960394307536737 16.209463531552522
2458582 zr 4.059879752782039 5.801140204471864
2458585 zr 3.4555821635886557 15.416861389450126
2458591 zr 12.939843393019874 -4.628127469928234
2458594 zr 11.695661466893162 37.029354939072896
2458597 zr 3.6603668183146842 11.501920241175176
2458606 zr 3.324542770873819 17.773790168268988
2458617 zr 3.9759593689361874 19.316757488399627
2458628 zr 3.3831497661508503 14.12263276152292
2458633 zr 3.0901135190053846 7.343206440944011
2458634 zr 2.6719105304605804 15.826812940914362
2458635 zr 2.3207585793290018 17.647386675374747
2458637 zr 2.8258613552427465 17.73525243394375
2458640 zr 3.0892676021347865 16.95046403422993
2458643 zr 3.707870944533289 13.907086985618736
2458649 zr 9.697607854838035 25.748282029533172
2458652 zr 6.493870937819828 19.764810945131863
2458667 zr 3.1787438276732463 15.99213125457775
2458670 zr 4.140396545959323 19.88085016595827
2458673 zr 4.422575715964654 11.112074964068103
2458677 zr 5.788697376735733 11.331310384264231
2458680 zr 8.470239468375542 15.543949725940017
2458680 zr 6.535600924834035 9.044752762039819
2458681 zr 7.6305282654046165 7.578499543484953
2458686 zr 4.8020113659486565 18.948396677759398
2458828 zr 5.169198190898817 2.9928259712073277
2458828 zr 5.602346593606766 3.709966360720697
2458828 zr 6.3090202341560655 2.3550010601029223
2458828 zr 8.834415040507167 -3.254953258995468
2458856 zr 8.704221266176763 -3.0286711785643985
2458874 zr 3.3001366603273183 -4.588238607257604
2458881 zr 3.5425927024682773 5.081323035942345
2458887 zr 4.235213193902671 3.813647891486319
2458895 zr 3.873585716261621 1.6225843037517653
2458900 zr 3.129360020566895 -1.1028327091860797
2458905 zr 3.4811378689935024 3.6516239615914756
2458911 zr 3.505295293755861 -0.12760964057695068
2458954 zr 5.108011981194284 4.929380279415087
2458972 zr 4.446985292384535 2.489705382903555
2458986 zr 2.642542078966232 8.661011594543638
2458995 zr 2.676836907514313 0.29881636724591343
2458998 zr 2.6449770713489795 2.7208146488247276
2459001 zr 5.52097612174827 -2.884402441755907
2459009 zr 5.617847855231467 -5.619053583394464
2459012 zr 3.269880825564036 -1.177197454152715
2459015 zr 2.9893339471516747 1.9018848309884189
2459018 zr 2.9025147408413887 3.484281635919004
2459021 zr 2.6401093282618544 -0.7929887032422847
2459024 zr 3.3123172367674587 3.564505726024901
2459027 zr 4.053609766201322 -6.31973699630888
2459032 zr 6.3870990769908 -12.002875800460131
2459036 zr 6.710443426744875 0.4913929899039528
2459040 zr 3.1400164596296625 1.2661774184648482
2459043 zr 3.570463598806347 -8.843617727747594
2459045 zr 2.9673886693186526 3.3030059400634273
2459186 zr 11.409901702037356 12.132909101567513
2459186 zr 8.861264270481982 -12.691630690144628
2459189 zr 7.542484784024592 6.191145259665105
2459189 zr 6.943064812291071 9.347590542329208
2459189 zr 7.850512491476233 -7.845566441799157
2459189 zr 8.949046909944538 -5.592653902998402
2459190 zr 5.842576798046749 -2.9462004127344597
2459190 zr 5.16254229576835 8.916511582031301
2459190 zr 5.951198410535203 4.533195067642604
2459190 zr 6.859394575505426 10.01849569064906
2459193 zr 6.351900011288846 -2.908768625459259
2459194 zr 6.358673649501262 5.5771262724108706
2459194 zr 5.4246281496900695 1.0330926845949537
2459194 zr 5.8826088678193935 -5.796139865169226
2459194 zr 8.780217467012545 4.433390965063685
2459195 zr 5.802509615609473 -2.1540178734084003
2459195 zr 8.787485439784955 9.0607388952598
2459195 zr 5.450243037867854 -0.10562298061695687
2459195 zr 5.654184468399517 3.8487873335776452
2459196 zr 9.096827427400896 -3.399350532851098
2459205 zr 4.086139324754635 -0.46034210313332025
2459217 zr 7.056129390066289 -6.45569039630057
2459219 zr 7.078662712290826 -0.5863288752776322
2459227 zr 4.550669307451878 -6.81629875636493
2459227 zr 3.999721614531368 2.5222620711379466
2459228 zr 3.5770466972087003 -2.190779823461096
2459231 zr 3.5425927024682773 5.798261159691047
2459231 zr 3.1993041539410454 5.064401950487514
2459233 zr 3.0169939136098365 -4.288471387014049
2459250 zr 4.9097565736609745 -2.211202121892849
2459253 zr 2.719079537517582 1.0089995069491153
2459260 zr 6.6980937111439545 -4.7740278847844575
2459265 zr 3.106386784285834 2.4824690559827363
2459272 zr 8.850682968824847 5.410308319338928
2459292 zr 3.022556543577345 -0.5118258089712631
2459295 zr 3.8728418705602126 -2.8922172888664632
2459297 zr 4.847300309673209 4.1272633506860625
2459305 zr 5.819740941548999 -1.4901779503764436
2459307 zr 3.8728418705602126 -0.46115749251109545
2459309 zr 3.414537798016297 6.0119284063273115
2459311 zr 2.8546367356008266 -1.9025982125985303
2459316 zr 2.387773829864321 -1.209790480399841
2459316 zr 2.698676643381307 -4.092564694344371
2459316 zr 2.4478972700904986 -0.9762766601768342
2459316 zr 2.4546704133403936 -1.7760207761629925
2459316 zr 2.820660717692359 2.340312899363333
2459316 zr 2.708637272447711 -1.4366664237484341
2459316 zr 2.6062850424016437 0.04743249504633554
2459316 zr 2.6401093282618544 -2.1531340696083663
2459316 zr 2.7640815387521775 -4.620568864128198
2459316 zr 2.4032181096355814 1.8645201496180444
2459316 zr 2.4660006571709525 0.13854256445988702
2459316 zr 2.649853789413967 -6.643305906100011
2459316 zr 2.498004336662105 0.8923944597784871
2459316 zr 2.554005990597142 0.4412072233441116
2459316 zr 2.7819598017857796 -1.9891536428545686
2459316 zr 2.4344069991861454 3.956470412369742
2459316 zr 2.2889165778948253 0.47502243272906886
2459316 zr 2.58953575310613 5.22823206013432
2459316 zr 2.528093825818152 1.4194003798541805
2459316 zr 2.509534600794668 3.3816355613973137
2459316 zr 2.662084958774316 2.5335359796982138
2459316 zr 2.5823904775077473 2.3412836728338338
2459316 zr 2.381185273571741 2.3232666342407646
2459316 zr 2.7161318632062588 4.591707113461981
2459316 zr 2.4819509132584927 -2.63768816909986
2459316 zr 2.580013102970123 -2.1232005541853076
2459316 zr 2.495704648850921 -0.25334124359141025
2459316 zr 2.459196250512291 -1.9335719365867126
2459316 zr 2.4819509132584927 1.7178416828266214
2459316 zr 2.2554331774339 0.4482344560400257
2459316 zr 2.4751024952454883 -1.871289293732477
2459316 zr 2.438895475369568 -1.585284365514277
2459316 zr 2.8077009589016217 -1.2241390589891044
2459316 zr 2.860055323862236 -0.8138952418855238
2459316 zr 2.831071581550386 7.371454674281647
2459316 zr 2.784523261789087 -0.08363610819299402
2459316 zr 2.9673886693186526 4.063336940013511
2459316 zr 2.831071581550386 -1.8831575906201143
2459316 zr 2.860055323862236 -3.8196147221705723
2459316 zr 2.7948007447937466 4.007436658501855
2459316 zr 2.9755992052676015 3.3976518213417624
2459316 zr 2.799953702612485 -0.05485390003243138
2459316 zr 2.9783410959101912 0.10241027995553825
2459316 zr 2.932070672701849 3.2736864239359185
2459316 zr 2.841520871187743 1.4653375186040738
2459316 zr 2.7973760371908165 -1.6312418064885421
2459316 zr 2.4501529053948095 -3.150960515814287
2459316 zr 2.618315107563087 0.7798568553577147
2459316 zr 2.6207277758014933 -0.6084529946503175
2459316 zr 3.0694144257025946 0.2874564202931698
2459316 zr 2.934772453615967 -1.644596323484499
2459316 zr 2.8362914142947235 -1.5096418371799403
2459316 zr 2.662084958774316 5.080636285670546
2459316 zr 2.9185990316649515 -6.21040365071178
2459316 zr 2.69415086647667 -1.5196241166466955
2459316 zr 2.8783980402851967 2.1213702542338155
2459316 zr 2.7463181703654795 1.8225777157581404
2459316 zr 2.9185990316649515 -2.1741386114863603
2459316 zr 2.9948455786211055 -2.0856580589759437
2459316 zr 2.926674570443482 -1.0666716360299588
2459316 zr 2.8838617315626975 4.32604886817213
2459316 zr 3.0637655597770213 0.3925826265103241
2459316 zr 3.324542770873819 2.7956715736794164
2459316 zr 2.7539170212670077 -0.3983586440828235
2459316 zr 2.841520871187743 -0.3346924641491833
2459316 zr 2.3336190673037804 -0.5125663512094495
2459316 zr 2.556359400664714 3.3375703403781993
2459316 zr 2.3443905635081177 2.056324085699063
2459316 zr 2.470547384658075 1.3846712360496485
2459316 zr 2.291025719117701 2.6196145829576953
2459316 zr 2.284704118751132 -1.0815749771195151
2459316 zr 2.1450888292127566 0.5743076780744445
2459316 zr 2.160952801067982 -1.2205250835408148
2459316 zr 2.30584422568087 -1.6310673076278672
2459316 zr 2.1195578831670874 -1.0797015375408259
2459316 zr 2.291025719117701 -4.011145565673909
2459316 zr 2.3336190673037804 1.4106225870249094
2459316 zr 2.461462297356106 6.212166412106853
2459316 zr 2.4501529053948095 -0.32328809030571154
2459316 zr 2.423221915028364 -4.373040644375854
2459316 zr 2.291025719117701 5.791302983613245
2459316 zr 2.3943806161848205 2.4667687469320487
2459316 zr 2.4637304322676425 1.5353819599217595
2459316 zr 2.4660006571709525 3.0598942949389056
2459316 zr 2.4682729739918967 -2.140190077337744
2459316 zr 2.4728238910988773 1.9216358940989564
2459316 zr 2.470547384658075 -1.0134498928602256
2459316 zr 2.30584422568087 -0.2575537430326019
2459316 zr 2.188997579012294 3.0809015536339155
2459316 zr 1.969169837884885 1.2673760885401506
2459316 zr 2.2889165778948253 -2.2713632523193312
2459316 zr 2.1215109674117656 0.10078818124494524
2459316 zr 2.307968965025619 2.8848768612074522
2459316 zr 2.286809378368489 0.7393320604609915
2459316 zr 2.259591667819279 -1.7261918321291805
2459316 zr 2.3250375144513025 -0.5317946547208741
2459316 zr 2.272113199240403 -0.48119325642988287
2459316 zr 2.4187622840344907 -0.127003809660304
2459316 zr 2.151024124824027 0.6772904739930021
2459316 zr 2.3037214423924373 0.8921498236304692
2459316 zr 2.355211778679923 -3.6341980536966525
2459316 zr 2.4934070781553643 2.2079352151588845
2459316 zr 2.412088221664167 -0.6830723545151707
2459316 zr 2.423221915028364 5.052750999117825
2459316 zr 2.2430035689932093 1.2233994140885645
2459316 zr 2.4501529053948095 -4.523972272474857
2459316 zr 2.4751024952454883 0.6097409700233545
2459316 zr 2.4076490808134854 2.5652966388404432
2459316 zr 2.5657947466195123 3.6168686827879903
2459316 zr 2.4187622840344907 -1.3251174713965859
2459316 zr 2.6401093282618544 2.2874976998248413
2459316 zr 2.6449770713489795 -0.14283272571878702
2459316 zr 2.443392227251541 -3.2566313392363657
2459316 zr 2.392176325408555 -2.115120869294262
2459316 zr 2.297364810865699 -7.527727933458622
2459316 zr 2.3271799396116735 -1.031951944113608
2459316 zr 2.3250375144513025 -0.42392567171806256
2459316 zr 2.461462297356106 -0.5441301936396815
2459316 zr 2.280499412101438 -0.10390076798678938
2459316 zr 2.337921714153008 1.2796616433848496
2459316 zr 2.3122243190954532 2.0220566127956867
2459316 zr 2.4456437113466394 3.1526842995091053
2459316 zr 2.318622065737221 -0.13868731950927238
2459316 zr 2.4344069991861454 -2.7392004007176296
2459316 zr 2.3336190673037804 2.461264859118424
2459316 zr 2.443392227251541 3.733352753468695
2459316 zr 2.0866292033716873 0.6759342300213743
2459316 zr 2.4524106191730266 0.9409972224107578
2459316 zr 2.4751024952454883 -0.5128513874281403
2459316 zr 2.486527049281073 -1.9789665914801455
2459316 zr 2.3271799396116735 2.382655336929908
2459316 zr 2.291025719117701 -1.548599936829335
2459316 zr 2.3250375144513025 1.739007316243767
2459317 zr 2.7463181703654795 0.6710991342411171
2459323 zr 3.719030713299575 -12.022749964658146
2459325 zr 3.3522154595664855 -1.6196429867476074
2459329 zr 8.86702225614116 0.7861019191271177
2459335 zr 9.55278322067789 2.8874572805633245
2459338 zr 3.2081563821776604 -0.5634554304387236
2459342 zr 3.114981917315568 -1.6655503636841122
2459344 zr 3.14290985391912 -1.1789370463506954
2459346 zr 2.838904938614367 -2.580178096219192
2459348 zr 2.7666285246812783 0.16371548607379122
2459352 zr 3.1467013749290853 -1.7567278141082838
2459353 zr 4.53801255517496 -8.89744508821978
2459354 zr 4.533834815366018 3.6617125304671165
2459356 zr 6.6185357686893145 -3.0474448254693605
2459361 zr 7.683218185517851 -4.322646613817611
2459363 zr 4.2626068342213035 1.4705711232653143
2459364 zr 3.049688835697082 3.0310854859506615
2459368 zr 2.6793035011521344 -0.4047571579226637
2459370 zr 2.7090805085037144 1.2081555153407726
2459387 zr 8.401235644526544 -0.6177297616052854
2459391 zr 6.18592185963008 -0.1964459742624338
2459393 zr 3.1778392487358182 0.8194345846234649
2459400 zr 3.321482163501861 1.1649962281887116
2459402 zr 3.804736719178056 3.4353060517817084
2459404 zr 4.410275229710657 7.629309615952537
2459406 zr 5.37051419496954 2.0237493102825534
2459410 zr 5.138822568514218 1.4477657775670896
2459415 zr 5.6569305373954215 2.8956049754014206
2459419 zr 13.224010711142773 2.7148104702206943
2459427 zr 3.657882619421292 3.095408311625815
2459551 zr 7.556891144115534 -2.8631469481134535
2459551 zr 6.351634888537307 8.238326046856567
2459551 zr 4.847300309673209 0.1634459901550993
2459551 zr 4.954766398061685 1.7653468015596012
2459551 zr 5.711760296877831 -2.9528269865059515
2459600 zr 5.794346065014958 -5.428346584308897
2459637 zr 4.847300309673209 3.275798478077754
2459670 zr 2.521118086208311 -0.3453233315194641
2459673 zr 3.637724164213533 -2.0329482837368364
2459675 zr 2.862535295631462 2.7711339849758225
2459677 zr 3.993127438161474 5.6410035208433955
2459679 zr 3.830273316215228 -0.7254783516542196
2459684 zr 9.450876870146828 -3.1916986853074625
2459687 zr 10.241422376209796 -11.09333867584106
2459690 zr 4.459289758255516 -4.808994946088496
2459694 zr 4.018955251728201 -1.8787216784607577
2459699 zr 3.094963487851952 -4.173610115086039
2459699 zr 3.278928334016388 -1.61032690012198
2459702 zr 3.1895684338780734 3.792365083450981
2459707 zr 4.219638798589319 -0.6486514447123909
2459709 zr 5.678738982828199 2.921261690510537
2459709 zr 5.410826679652916 -7.765174970310971
2459709 zr 4.252476649966014 0.7993976220323248
2459719 zr 3.198393724126965 -0.2717251201110187
2459719 zr 4.209610728869797 7.0940711358772806
2459724 zr 3.2318822539741703 1.2477622061842828
2459726 zr 3.0807434223130046 2.60985405694224
2459730 zr 3.5101140173495646 0.08900483429400063
2459730 zr 3.349129376440168 -2.0593465138197358
2459732 zr 3.2259343867239796 -5.817515236057997
2459734 zr 3.150463366697454 2.420312240049724
2459736 zr 2.865328595837185 1.1122642877485742
2459742 zr 9.38810197966542 -6.783460562924624
2459747 zr 3.0665886920404497 2.7606891496778094
2459752 zr 3.4081697988606043 -0.27794226619218204
2459754 zr 3.949236758387035 -2.533888822579272
2459756 zr 2.8025337432453945 2.081458446690883
2459759 zr 2.8731007156639814 -2.6622137169563573
2459759 zr 3.3062213391862243 -4.427262736925166
2459761 zr 2.9755992052676015 -6.5917457879465315
2459765 zr 3.4811378689935024 -1.6678342762578815
2459772 zr 6.447131611413137 -12.983029726812477
2459772 zr 7.8694280016393305 6.490245999423309
2459774 zr 6.25872004113379 2.009815608500745
2459774 zr 6.826003961177817 -4.601253228046255
2459776 zr 3.2668705405264125 -3.811168564169983
2459776 zr 5.670428371327574 -0.7561044119880724
2459778 zr 3.9231034913691607 1.1788039175560283
2459778 zr 3.809164822282577 -3.561337366305932
2459929 zr 7.269665745085092 7.811460306968554
2459929 zr 8.281136741459877 12.741475596214451
2459929 zr 7.470584895571321 12.615031269491986
2459937 zr 4.479872904570217 0.4399447492499702
2459952 zr 7.354791822409089 -5.823758121858266
2460032 zr 3.58364193330226 -1.9741942620962802
2460043 zr 6.38802395351614 -1.3265128548911191
2460045 zr 2.657185730801489 2.267254393960794
2460051 zr 2.784523261789087 -0.5505761423124992
2460055 zr 2.9976052039945262 -1.02571581049774
2460057 zr 5.070177733524672 -5.605030234447138
2460059 zr 4.167176905899608 3.952002351615469
2460061 zr 3.1380187187724005 -0.3230750289059868
2460063 zr 3.8621555834599413 -5.0499548392166655
