jd filt fluxerr adjflux
2458207 zg 8.363258344911817 -12.434253848764154
2458207 zg 8.483675037965108 -0.5419448179699274
2458223 zg 2.187724619302098 -4.701480145654495
2458233 zg 5.034403632161124 2.2533688289892098
2458243 zg 2.2531214446112764 0.1315113730483531
2458246 zg 2.240531322365886 0.8454268150221934
2458249 zg 2.588052976754302 -3.2435328989021386
2458262 zg 4.755651450748538 -8.042187103685778
2458267 zg 11.835318315415066 -6.387412625645752
2458273 zg 2.1894196937597354 -2.0159913453321736
2458279 zg 2.120314972874949 0.37089530714441216
2458282 zg 2.2300547278823757 0.8825598523955416
2458294 zg 7.934810152050925 7.016818824438938
2458300 zg 4.1220732242298395 -3.9645219587412717
2458303 zg 2.2626698063760493 0.6934684422172083
2458333 zg 4.14183876006405 5.030956789971877
2458336 zg 3.2075479837278174 -4.086846270506166
2458488 zg 2.789510526687531 2.377190571007958
2458488 zg 2.9546231800919807 1.463795312852922
2458492 zg 3.1804442752958586 2.205726180846231
2458493 zg 2.364945743168715 -0.4527896121363783
2458494 zg 2.2388489260040996 -5.087119727324896
2458495 zg 2.1558117846507368 -0.5656215411154811
2458495 zg 2.364230176591457 3.990071930394547
2458502 zg 12.932271828063664 -14.85435028072246
2458508 zg 6.379889992422448 4.223252141204068
2458508 zg 5.797960828653103 0.6776328735886492
2458539 zg 16.139217984150022 -19.183316931956476
2458544 zg 3.988760554803175 -6.043524589604054
2458568 zg 6.48092093091888 -11.984162238946908
2458582 zg 2.6496261486254613 3.2395867684036928
2458585 zg 3.1678157823186384 1.0593773587168482
2458588 zg 5.146430736939845 -0.8465374509835458
2458594 zg 11.446898861005005 -16.76896019285373
2458597 zg 3.1160742262282732 -4.105879811508932
2458628 zg 5.025347791455067 -0.5011997063980524
2458670 zg 3.3259824372489586 3.166952425226826
2458673 zg 5.226467436216245 -4.678582233141734
2458677 zg 6.88944732911275 10.064427596966208
2458680 zg 9.345097259446565 8.644594499726184
2458683 zg 4.412195879690926 -0.9002373983769099
2458683 zg 3.2978415279314937 -1.4271164652545743
2458853 zg 2.98895895741946 -1.175901066892178
2458856 zg 3.0759877465883094 1.6820600037330942
2458874 zg 2.243784868887611 -2.7228990612518027
2458877 zg 2.21470446552327 -0.873351647911342
2458896 zg 3.2544369351103875 0.8831805956844734
2458900 zg 2.326061438233253 -2.9021568303538103
2458914 zg 6.936424213008053 1.0093274688093663
2458937 zg 2.1326562248221475 -2.289270819077168
2458940 zg 3.392620392557362 -1.134810947257835
2458944 zg 6.511803338294433 -1.3321579425936532
2458986 zg 2.1806261458598106 2.7531420728585725
2458992 zg 2.0372572147094457 3.0458114374613885
2458995 zg 2.3317917224824165 -0.615014091188423
2458998 zg 2.8157907646686517 -1.5672108630229966
2459012 zg 2.06063171715806 -1.1818889271336546
2459018 zg 2.2733167940459045 0.40233326328029173
2459024 zg 2.0510522858816915 -1.9417599085900439
2459027 zg 4.176494770478929 1.4817652589879522
2459032 zg 7.562328345689755 -7.032717652412417
2459036 zg 4.923066446065446 0.27653745956807296
2459040 zg 2.482922661760869 1.114913483559266
2459218 zg 8.103059741638633 19.621827466723904
2459227 zg 2.847133256330117 12.280317138480363
2459227 zg 2.6067213806771417 8.249699662815429
2459229 zg 2.8193131776112534 10.756672335260818
2459230 zg 2.9858890299295995 11.86547882942634
2459250 zg 4.158202640847893 16.587972802893184
2459253 zg 2.3387937033544315 9.422692002483437
2459255 zg 3.6719067137009334 5.824494999624844
2459257 zg 2.407338289784913 9.162870297571908
2459264 zg 2.2084611117964608 11.346892185030812
2459268 zg 3.408840863294787 5.626565813513844
2459270 zg 7.102427217932777 7.983096087127782
2459272 zg 11.630697711632187 14.164076673591318
2459290 zg 2.1735031686208965 8.342149885943966
2459292 zg 2.439437840427655 8.375193100969726
2459301 zg 12.932722411143507 9.034961445992854
2459305 zg 6.965435418782948 19.672164456429627
2459311 zg 2.478456009800866 11.21781658500474
2459313 zg 3.943062192617104 15.8675476643635
2459321 zg 2.4217028599119885 7.6279996004996855
2459325 zg 4.295586769745378 11.017556747856617
2459329 zg 9.448389768133225 23.990499583999608
2459335 zg 2.879871845007305 8.072094787423831
2459340 zg 2.6496261486254613 4.868929716461537
2459344 zg 2.0119852338197997 5.167773964533541
2459346 zg 2.384052315606456 4.835648829940732
2459348 zg 1.958829029813312 6.780431528080648
2459356 zg 6.989815188448282 5.849562197059303
2459361 zg 8.17734804697429 5.280975097071736
2459363 zg 2.4764142974391765 7.055898696182628
2459365 zg 2.3866021158666446 10.789844701340183
2459366 zg 2.5745535469073624 6.268136835139861
2459368 zg 2.248173283679481 2.3847821755069276
2459370 zg 2.7219848684518073 7.268260910740019
2459374 zg 2.732070711583054 4.274371323141592
2459376 zg 2.575043684696459 6.376547185862637
2459378 zg 2.3997895728512044 6.15111146337647
2459387 zg 14.026767582459016 12.467258254084687
2459391 zg 5.272420220932891 11.716540912845549
2459393 zg 5.929115544868833 14.368214505740568
2459395 zg 3.0600300012508015 11.326709190824433
2459397 zg 2.9062012446066623 11.525976775404558
2459400 zg 3.2502738339250077 6.4228801598104095
2459408 zg 3.832206386714861 7.55694282797559
2459419 zg 9.694904501656191 4.613806203483877
2459423 zg 3.439816443496354 6.127856075684347
2459600 zg 7.054363752785138 8.304580438281947
2459641 zg 2.161657817419431 5.600205612529606
2459673 zg 2.3319587002317617 1.485410035954672
2459677 zg 3.6354114431539464 -3.1469416928747402
2459679 zg 3.6434423205714688 0.2665170491324229
2459682 zg 6.679722528747693 2.8622497620343936
2459687 zg 10.761935062244747 -14.903633982730357
2459694 zg 3.439045853562006 3.1333828163506316
2459697 zg 1.8792850293107506 1.4202844777648473
2459699 zg 2.6910387507174502 0.393667514364473
2459699 zg 3.1834249380786916 4.375940977421264
2459701 zg 2.5974335053844175 1.4411945577408873
2459710 zg 5.6017268913265275 13.110753604890991
2459711 zg 7.327605703692536 2.556717404665235
2459715 zg 11.428128532417103 23.629762841437866
2459722 zg 2.547888229080113 1.4848037987514013
2459722 zg 2.817915751264231 6.911488001504271
2459724 zg 2.723503919582764 -0.3368450589672931
2459730 zg 2.3512127903391535 4.748832752901514
2459732 zg 2.5426685789992995 4.794218107670373
2459734 zg 3.873359352346956 -1.6370892018747032
2459738 zg 5.272659970705701 -2.665986609855032
2459747 zg 4.255627869256185 6.124101416977843
2459749 zg 3.002874095883502 2.9979934122229173
2459759 zg 3.055085033995567 0.4414519090993816
2459759 zg 2.896618019273147 0.7639598865813371
2459761 zg 2.640847490064069 2.941736907999974
2459763 zg 2.8263432720558583 4.142906681498607
2459770 zg 8.32904597959595 1.444952406937725
2459770 zg 6.308707453877774 -1.9662066859599463
2459951 zg 17.346456075981802 9.620385956680291
2459957 zg 9.434683938522602 7.984874959817768
2460016 zg 6.715222520871005 10.9183729320592
2460045 zg 3.7470685582751457 -3.7396936480556597
2460051 zg 2.3653272110981005 3.848255285793207
2460055 zg 2.5092106578886875 5.094923909482036
2460061 zg 2.6230126205080806 -0.17011549987745544
2460063 zg 3.2136588314788592 -1.3327560911930005
2458198 zr 3.0095253716162627 3.1034937156898907
2458217 zr 3.9906704435952522 0.9903738826520565
2458217 zr 3.017852496575805 0.5138217286643435
2458218 zr 3.1299915588458758 1.0465308946765273
2458219 zr 5.845213520519826 -0.9239490580941206
2458243 zr 4.046631132659162 -1.376794336639578
2458246 zr 3.75050678905814 -3.477077747474142
2458256 zr 3.1470618085439885 -0.2594668575887146
2458256 zr 2.766630875484018 -7.285440158816251
2458256 zr 3.200898723507132 3.0118098097347237
2458262 zr 5.896981733926411 7.455562243171981
2458270 zr 5.666200467435702 6.463309957342882
2458279 zr 2.740025505256861 -2.5148157446644523
2458282 zr 2.7819621656155027 3.966595808094931
2458288 zr 3.3319286187088597 -0.03160239419058226
2458294 zr 6.416946624373259 -2.643839995415502
2458300 zr 4.180102659860946 -0.9862219381122883
2458303 zr 4.214548147932628 -5.471029908856253
2458306 zr 4.900043877654008 2.5720502497846742
2458325 zr 9.14092768761744 15.267647141613098
2458336 zr 4.209648792139767 -5.504871703505111
2458458 zr 6.9421057973170885 5.352290575902548
2458462 zr 5.268533626481949 3.564285063176862
2458462 zr 5.498235058784557 -4.172541643791052
2458462 zr 5.904835376139187 -4.384543885650093
2458462 zr 12.999911293529989 18.40200930715154
2458465 zr 5.676647613643018 -5.259752049380307
2458466 zr 4.445811241776122 -3.491858063410063
2458466 zr 5.625076418825223 -2.540447130041178
2458466 zr 5.997698096607146 -2.24449514407225
2458466 zr 9.399998539740185 -12.08267667088171
2458477 zr 5.293504922370915 10.261636022469153
2458487 zr 3.372137482630869 -0.011656490079360792
2458488 zr 3.119406216325466 -0.899876403312266
2458492 zr 3.858471400796496 5.996189960782328
2458494 zr 2.743559875686762 1.0081286636009024
2458509 zr 6.549081158993968 -6.715929480828051
2458527 zr 6.052560700720402 6.029122632159795
2458539 zr 7.626406525397194 -15.427436566099292
2458557 zr 3.934073580109809 0.6839582634868916
2458560 zr 4.551891650628859 1.3341178884749791
2458573 zr 3.6376028845391923 -0.44428291020870553
2458582 zr 3.7703071497577323 -2.8993730612684945
2458585 zr 2.990574359335725 3.796096922835614
2458591 zr 12.623768206305163 -1.0597929930611132
2458594 zr 11.49101581975244 -18.704653570851
2458597 zr 3.634878979596353 -4.511632987089162
2458628 zr 3.257601895089624 2.9063228848439406
2458670 zr 3.954518562313114 -8.028227243416046
2458673 zr 4.08171312928282 0.48759943973359887
2458677 zr 5.850740574474936 -3.4238568515278014
2458686 zr 4.486581086589588 2.4492263774311858
2458828 zr 5.214761198049699 -6.939488251710286
2458828 zr 5.490486672027851 -4.406946152806498
2458828 zr 6.130953251317381 -2.2507204674955448
2458828 zr 8.859774121821467 3.7101355169538355
2458856 zr 8.3927764454466 -7.962107377292314
2458874 zr 3.1397130343861175 1.8256347126366717
2458881 zr 3.2223802316452286 -2.3792923892133175
2458887 zr 4.094491453633235 0.41487028653394353
2458895 zr 3.9599523120993245 -0.6309302672772691
2458900 zr 2.837082293402213 -7.893575828372825
2458905 zr 3.0513354592115975 -7.942368006889893
2458911 zr 3.271186253951242 -3.445174307352267
2458954 zr 4.720198664313536 -0.9246174661326021
2458986 zr 2.430918420363944 0.5693253993465289
2458995 zr 2.490495639375093 1.1132627034035012
2459001 zr 5.810067995678014 15.115632107813244
2459009 zr 5.518611003452912 2.7266159201796016
2459012 zr 3.0051911764629566 -1.113464236508537
2459015 zr 2.8148791915666953 -2.750084504951431
2459018 zr 2.6275513934217347 0.48371113009783784
2459021 zr 2.520343647407549 -0.7288719104135917
2459024 zr 2.9573178795097266 3.1974487735450827
2459032 zr 6.60483175978898 3.511930276488885
2459040 zr 3.152623474797001 -1.93903772978728
2459045 zr 7.815442458211782 8.438362268026237
2459186 zr 9.07373043872456 -1.2165418136082122
2459186 zr 11.147093983929778 1.3548173912204162
2459189 zr 7.817264104120486 2.691530220207814
2459189 zr 8.92086116011531 3.3220759588528996
2459189 zr 7.451136099083816 12.468027481766967
2459189 zr 6.76282932035865 0.6281630594771803
2459190 zr 5.955859421534964 -8.677949430350417
2459190 zr 5.1704580661694655 6.629334744507706
2459190 zr 5.701745050083883 7.175429743469328
2459190 zr 7.275909679597394 6.265242441350186
2459193 zr 6.255496128069019 -1.4768967185488329
2459194 zr 8.78132231726828 -10.563086279201507
2459194 zr 6.405137052218678 1.5261121839076965
2459194 zr 5.766613636876641 1.1778002312302065
2459194 zr 5.357866841511629 0.7851909847068201
2459195 zr 5.244702455375058 0.5071870360692774
2459195 zr 5.3136374108708155 7.578925615077151
2459195 zr 5.547800746387561 -0.877153517274512
2459195 zr 8.530628225921298 0.11162587190325457
2459196 zr 9.028408701598458 5.615084359671664
2459205 zr 3.8799380292959933 1.674778401320352
2459217 zr 6.819516270763767 11.138186473042452
2459219 zr 6.955640435858233 1.3042415610697642
2459227 zr 3.8296046392175858 -0.774563172219989
2459227 zr 4.312809521844672 11.072579161319528
2459228 zr 3.2984148159220457 1.7515549649600675
2459231 zr 2.7931741168656825 7.420171642456513
2459231 zr 3.1966544209552987 5.442128641311258
2459233 zr 2.848785568616219 1.5710985468566045
2459250 zr 4.629779180792857 5.492233069476878
2459253 zr 2.564309164766823 7.1603017852703745
2459260 zr 6.710577836890614 15.07773359459671
2459265 zr 2.8455772791778156 2.2263831152823546
2459272 zr 8.732125153246665 18.193259776299723
2459292 zr 2.870779173229471 3.125854930148172
2459295 zr 3.706609074242598 -0.5033940991507411
2459297 zr 4.621433749994545 5.946206464117099
2459305 zr 5.733035104991797 4.359608087156028
2459307 zr 3.3749870055364792 2.4641491008772634
2459309 zr 3.1029715844694765 6.658671488431205
2459311 zr 2.7999041632737596 2.7970398680996724
2459316 zr 2.2578002955692864 6.433321151617754
2459316 zr 2.3054829791350415 4.158980627690411
2459316 zr 2.289636480155995 7.672004769656714
2459316 zr 2.2530037794908475 3.4732721869776673
2459316 zr 2.4181641907807285 0.5789771925051101
2459316 zr 2.5175052477771223 2.7712454027878834
2459316 zr 2.308694859578827 1.586379409549434
2459316 zr 2.383149126457859 4.779700837727667
2459316 zr 2.381013842490481 0.6973849150684681
2459316 zr 2.4967231292515675 2.621175288067816
2459316 zr 2.387183399201264 4.186075192669123
2459316 zr 2.4208167758030683 3.039706364308264
2459316 zr 2.4454676396438395 5.258573281893961
2459316 zr 2.33929927196141 4.605705646530245
2459316 zr 2.3300569501003294 4.033924221793867
2459316 zr 2.1946564006052474 1.801222831652814
2459316 zr 2.3246732609767435 4.532822699678484
2459316 zr 2.3157186091462103 4.210187144968695
2459316 zr 2.4308968785817395 2.238622729495367
2459316 zr 2.1805524425346765 3.5199638843499876
2459316 zr 2.277018378584824 3.060552356274755
2459316 zr 2.2644698149025846 3.08430451337212
2459316 zr 2.1561825429856816 5.716458595264408
2459316 zr 2.5127808025468967 2.0525496140888118
2459316 zr 2.3300569501003294 4.496679491179017
2459316 zr 2.202437804303695 5.840551132273669
2459316 zr 2.272403897885503 6.214558338365988
2459316 zr 2.202437804303695 3.0710574822625496
2459316 zr 2.3172160928211096 5.561495786414548
2459316 zr 2.2085317801129745 4.067143865733302
2459316 zr 2.4114917787221026 1.5542495615687626
2459316 zr 2.319988251744253 -0.2703834296697143
2459316 zr 2.709908364272151 -0.6586060671165117
2459316 zr 2.3621292257197286 1.9933226676076135
2459316 zr 2.7356451358949414 5.2029639445512945
2459316 zr 2.7730302388826864 -1.0258322463542098
2459316 zr 2.72492532650247 2.3992425056091955
2459316 zr 2.591500036773558 5.345020604618176
2459316 zr 2.633629058629701 10.382425963294795
2459316 zr 2.485912199668407 2.1955241981990854
2459316 zr 2.5819701632632084 7.701201900551899
2459316 zr 2.7261592346972647 6.215457663080109
2459316 zr 2.6082620311863365 1.6826659316015062
2459316 zr 2.765479124616816 2.4963653439497486
2459316 zr 2.8090185386937314 1.8227368800254404
2459316 zr 2.7045686460431098 4.565806471487685
2459316 zr 2.6418882463338402 2.2359092583518465
2459316 zr 2.3985190177434665 6.550721017577059
2459316 zr 2.4163020332240364 5.309667706332018
2459316 zr 2.6638786841294158 5.105900027667584
2459316 zr 2.584301420601418 -0.7812067242061667
2459316 zr 2.5116043081892405 3.635929425561094
2459316 zr 2.495087529870803 7.686287803295272
2459316 zr 2.6752870328263034 2.029393375307399
2459316 zr 2.614928151811741 7.946157247331049
2459316 zr 2.6491981476770334 7.379523872646589
2459316 zr 2.691533483094039 6.915801955891151
2459316 zr 2.3002049619621565 5.0721111618816614
2459316 zr 2.634772769360765 -0.44444620197375206
2459316 zr 2.73617056346026 2.462494041084304
2459316 zr 2.637544446550847 1.6670344076551675
2459316 zr 2.7624727899944146 2.7129616035409185
2459316 zr 2.878347113037595 1.793494241073677
2459316 zr 2.5766756932777564 4.80355305660923
2459316 zr 2.497762950164947 4.673841789399489
2459316 zr 2.335403465215204 4.352404837721281
2459316 zr 2.5772183763575454 6.7578184727852815
2459316 zr 2.3843309486527433 2.2803540878227766
2459316 zr 2.0425883284737436 4.969328681207668
2459316 zr 2.3500969867991897 -1.2661488683856335
2459316 zr 2.086432935608698 2.382883196278646
2459316 zr 2.2334199159025925 3.629901154920094
2459316 zr 2.126687375494108 3.4831183849479244
2459316 zr 2.192827301589581 3.447952916035389
2459316 zr 1.9997736701597926 5.108361332034786
2459316 zr 2.218633291954444 0.8208563303516478
2459316 zr 2.16622544576171 4.4006426288849845
2459316 zr 2.0960634724694023 0.9397986456429641
2459316 zr 2.2187258996331463 5.914041305635313
2459316 zr 2.1582594591901896 3.969876351905272
2459316 zr 2.1463653715002753 4.0173717525151575
2459316 zr 2.1815336697538887 8.689131545802486
2459316 zr 2.1661350294060395 4.303134011301871
2459316 zr 2.1227734785145476 1.6297686047244326
2459316 zr 2.125222619963489 5.361375781461056
2459316 zr 2.0962926289697688 4.552565188689301
2459316 zr 2.138383159564087 5.330616123378822
2459316 zr 2.152214363910743 5.509712549035722
2459316 zr 2.094133815443439 0.6215158206825815
2459316 zr 2.1033117742833567 2.1639067997051695
2459316 zr 2.2210919391661914 10.148060101385592
2459316 zr 2.00161637824487 2.101917878424657
2459316 zr 2.16622544576171 7.476333445024473
2459316 zr 2.127180924027006 2.871321276550219
2459316 zr 2.186178030059842 4.807754010443302
2459316 zr 2.2395797704339473 4.393499296786363
2459316 zr 2.114879003499709 5.280332426734374
2459316 zr 2.090166322641645 3.8536115503635275
2459316 zr 2.0501273808923406 1.5478994528944616
2459316 zr 2.0930035901577004 4.318838527574545
2459316 zr 2.0806758657074282 -2.229635809893509
2459316 zr 2.2734519811423963 3.064555842434384
2459316 zr 2.3236276513163974 -2.346423673105686
2459316 zr 2.2619631503659567 1.7441942261058867
2459316 zr 2.21761313693704 3.1997050476890423
2459316 zr 2.17221922476338 4.263383675434254
2459316 zr 2.3668271146752966 6.51582547288438
2459316 zr 2.363476123728728 2.4694391599070826
2459316 zr 2.3975437230301218 2.5063204306760642
2459316 zr 2.2571021753996146 5.106259357459933
2459316 zr 2.17221922476338 2.3676215341633693
2459316 zr 2.0711160284777455 5.621927708537191
2459316 zr 2.0673044034774897 3.624565692691278
2459316 zr 1.9687059142985668 5.216384402208105
2459316 zr 2.121196227101317 5.763527682336457
2459316 zr 2.2412253475528705 4.61009692023418
2459316 zr 2.0993532682906175 2.8588034468421433
2459316 zr 2.1575952299037016 2.0293981452663967
2459316 zr 2.00802896616241 4.0887511977911695
2459316 zr 2.1635250116458926 5.476484797427467
2459316 zr 2.1782295880900056 3.3623793696623236
2459316 zr 2.1801457346906163 4.7236319315943
2459316 zr 2.1987028328526974 -1.2027278205465577
2459316 zr 2.089151683890652 5.012677598427769
2459316 zr 2.2210919391661914 3.2204834033808725
2459316 zr 2.228967073071095 6.036014436590758
2459316 zr 2.1037998979504247 5.568920870455676
2459316 zr 2.292375644715942 0.24770999065962984
2459316 zr 2.2105668500951845 6.30264759899331
2459316 zr 2.261263743026241 3.2917328130425436
2459316 zr 2.2180019328218497 5.643523085175616
2459316 zr 2.2833187131001806 0.17422714190175936
2459316 zr 2.1782295880900056 4.296254117831602
2459317 zr 2.456486844865551 -2.103042319184694
2459323 zr 3.3385196793392904 -0.17324027438922718
2459325 zr 3.307468287226981 4.672541670223882
2459329 zr 8.610077099306327 2.896184049488204
2459335 zr 9.583675414727852 10.233167731397984
2459338 zr 2.987252500128628 3.7786534422136593
2459342 zr 2.8508238570302304 1.8601971313606798
2459344 zr 2.758945784424789 4.230685964526347
2459346 zr 2.8344704470279956 3.279915223539068
2459348 zr 2.654082648417873 2.0265993551862103
2459352 zr 2.659152021633608 4.904962659250702
2459353 zr 4.168797902498742 2.2646495007457976
2459354 zr 4.138495415090743 8.325186573677314
2459356 zr 6.2903161574223425 0.49349993114252033
2459361 zr 7.319406378312105 0.5840350293639807
2459363 zr 4.18755262305931 -0.8518391913291428
2459364 zr 3.1181405619995486 3.4414021454944783
2459368 zr 2.5737738527517533 7.114347379210793
2459370 zr 2.5792045463846334 3.4596629210999525
2459387 zr 8.827193560172566 1.3133267861562152
2459391 zr 5.93659092064004 -2.0132467069858913
2459393 zr 2.9424241241634426 4.537346345399987
2459400 zr 3.1869687026335694 7.289324046241438
2459402 zr 3.5787381460206276 -0.2874265962960978
2459404 zr 4.0097336133148245 -3.3770113042059653
2459406 zr 4.821659432042472 7.680936085827369
2459410 zr 5.494167922184483 1.2807987568238681
2459415 zr 5.814613531894467 12.88572104622154
2459419 zr 13.452504860845705 13.03226801888037
2459427 zr 3.6959826385362025 10.621691243740296
2459551 zr 7.345270504639126 -14.76425293766567
2459551 zr 5.588926868520681 9.856238171431588
2459551 zr 6.310849025766855 7.98904058376481
2459551 zr 4.831932454434739 -3.923673034611648
2459551 zr 4.86536605973084 5.785046847594314
2459600 zr 5.757698113991563 -2.653617313225781
2459637 zr 4.462835115616508 7.852429325489758
2459670 zr 2.1841654126696244 1.07877965547151
2459673 zr 3.4068572807032105 -4.538580659343625
2459675 zr 2.5044619778286026 3.302251507639536
2459677 zr 3.6175561901968707 -2.200194441491754
2459679 zr 3.5093910482539576 0.39878597550953465
2459684 zr 9.353647849126306 7.433415269668853
2459687 zr 10.110089619458345 -22.930080708550122
2459690 zr 4.364759085516375 0.2554461442033116
2459694 zr 3.6389558342168793 0.2156927383441387
2459699 zr 2.9693388507727927 2.3678907939639613
2459699 zr 2.983291486518246 6.1093655704398095
2459702 zr 2.8362412320360084 3.415188684160117
2459707 zr 3.8922432034084355 9.06992668934036
2459709 zr 5.232738359133921 5.526682562911331
2459709 zr 5.492878199303521 0.5266841309339891
2459709 zr 3.9479962514317277 4.414394164040662
2459719 zr 3.9960823124791123 1.5267983495941615
2459719 zr 2.857589141052555 -1.1112629187600689
2459724 zr 2.9074032567129016 3.6898335903725386
2459726 zr 2.915225170259562 0.08798920299128943
2459730 zr 3.082278899862431 -0.39418577417123846
2459730 zr 2.9248123574469127 0.03876415536760747
2459732 zr 3.045593474429974 1.7512534641928679
2459734 zr 2.921078083751184 4.378187683824885
2459736 zr 2.8863112778568176 2.5268861783916523
2459742 zr 8.998725731681894 -20.0353513519858
2459747 zr 2.759929629876288 1.8046547680223255
2459752 zr 3.392266440584872 0.7329147808589729
2459754 zr 3.826079066831178 1.8847598446807015
2459756 zr 2.8141977107935277 0.14007234476075148
2459759 zr 2.8444597115686054 4.085791395327085
2459759 zr 3.035133502212427 -1.8719760774275855
2459761 zr 2.6531060223312637 2.161229826098669
2459765 zr 3.3905652377463427 4.04110631112857
2459772 zr 7.550803839714634 10.236598447684562
2459772 zr 6.507284120746075 8.276892273601486
2459774 zr 6.831162462630881 -7.833141535434438
2459774 zr 6.287740563304938 1.025809007402676
2459776 zr 2.9076569490727477 -5.782822459490191
2459776 zr 5.465031305978981 -9.424696525813177
2459778 zr 3.8691474940470316 -0.5609430115295722
2459778 zr 3.6533696655039867 -6.985533170103935
2459929 zr 7.650778872433218 -13.268379962440381
2459929 zr 7.323217433220056 18.310784935646733
2459929 zr 7.910457131630864 21.014405316776482
2459937 zr 4.40587086515309 -1.6540255750764317
2459952 zr 6.902871399228349 -12.809140279706174
2460032 zr 3.3457228001440633 -2.1763453576958893
2460043 zr 6.487624521085842 -16.612004982775233
2460045 zr 2.561925733151412 -2.990180949678647
2460051 zr 2.5278495317213965 3.5872705038415726
2460055 zr 2.762832813823095 0.5368448297859578
2460057 zr 4.91846723402262 -4.772216882706073
2460059 zr 3.742432194988475 -0.35012706309176667
2460061 zr 3.123720049047704 2.4637167441060694
2460063 zr 3.8586178049536035 0.8330922570578319
