jd filt fluxerr adjflux
2458207 zg 9.100160659857599 17.946191163038083
2458207 zg 8.116988261872196 22.979153586780324
2458223 zg 2.27151454071036 -1.2064054414849565
2458229 zg 2.6707287560311324 5.740915904109099
2458243 zg 2.136796641098813 -0.789636660374387
2458246 zg 2.450117700531098 0.4617215261850015
2458249 zg 2.440056985001383 1.4397996154602428
2458267 zg 9.650431579518074 12.451314599816738
2458270 zg 5.8157642299750405 7.844314674775412
2458274 zg 1.8445635332076704 -2.975618357287981
2458277 zg 2.222878786713946 0.21963949309147782
2458280 zg 2.0702142115050695 1.5651720707196566
2458283 zg 2.081665006566493 2.157615805738655
2458286 zg 2.2823747172065163 2.3013645701211702
2458289 zg 5.665728898857135 -2.1378586657608896
2458293 zg 6.745331726928326 0.4307182148042491
2458299 zg 4.791804083188859 3.8824886622175105
2458302 zg 2.5696481602542227 -1.592982042778167
2458305 zg 3.475374268913675 3.86809275266722
2458338 zg 4.0024674155239985 4.2526970852408175
2458472 zg 9.69007985177923 5.900245944433104
2458472 zg 10.81057078754914 19.75643719478824
2458472 zg 3.4171963292732843 11.035012210161204
2458488 zg 2.568744176532389 9.593511614240022
2458492 zg 2.968542843487692 10.495104784399544
2458495 zg 2.275797671166682 12.228448871617088
2458502 zg 8.821362022017711 10.890328370593354
2458539 zg 9.237897033836791 31.615118582954775
2458543 zg 2.2585056510690893 26.02387628666995
2458547 zg 2.317294415418518 31.182719759601785
2458568 zg 3.8418952262840915 35.47127845418976
2458581 zg 2.6254744374892063 49.10208429078445
2458584 zg 3.469291861433391 41.88263065872199
2458587 zg 5.821154563576338 54.41501018325839
2458597 zg 2.7777421925286236 55.62344427439461
2458600 zg 2.5008747146033024 51.80608858294614
2458606 zg 2.124390865543599 60.421375409200685
2458617 zg 5.606785078015973 60.57891532359752
2458634 zg 2.1833105896413434 78.38600878196569
2458634 zg 2.3897929612991873 77.78260921715649
2458635 zg 1.7842095700357932 75.35234817432249
2458637 zg 2.0079841373842866 74.63391102694717
2458640 zg 2.4489505811127605 75.94140415883253
2458643 zg 3.4342799742148973 73.87693397853519
2458649 zg 9.511310590956192 70.97361252522427
2458652 zg 5.431977974391243 82.1143926647218
2458679 zg 7.138550184418631 98.58110185463576
2458683 zg 4.585995530276347 85.21685447681432
2458686 zg 4.345614298345137 90.6400436245716
2458692 zg 3.8354554573850144 76.93256192121365
2458831 zg 7.737220984453337 9.702231223637352
2458872 zg 2.854219042237282 0.05401590471126794
2458882 zg 2.3015771340492 -3.8711970980441723
2458884 zg 5.493693438079537 4.271354778717127
2458887 zg 6.529099670113264 -0.4323440342980538
2458896 zg 3.379913998875301 -0.3383339369199149
2458911 zg 2.859749578357306 1.0404254169659077
2458915 zg 5.028267804777865 -1.9813421431485734
2458937 zg 1.877735536135439 -3.842893543557286
2458944 zg 8.13099203201513 0.7325594294620918
2458956 zg 6.431682684224686 3.457799127678901
2458963 zg 2.41780450003776 -2.466080624320657
2458963 zg 2.4916781028505532 0.7543998803425909
2458966 zg 7.033243930454558 -11.838531798507361
2458972 zg 4.9826368769619425 -2.5431964042239192
2458986 zg 2.2510593621041215 0.13576299258276678
2458992 zg 2.2414326014852013 0.9636520675757337
2458995 zg 2.384080165732718 2.580722424145465
2458998 zg 2.738517504207288 2.568616378285148
2459012 zg 2.126105825748122 1.009601068118374
2459018 zg 2.0779468043075338 2.111598743412013
2459024 zg 2.0633894942584132 -1.3911371041801668
2459027 zg 4.094358561782516 -2.173750135106817
2459033 zg 6.534482672271221 -4.2898866673287435
2459039 zg 4.226752130889477 3.2137320502924633
2459043 zg 3.308457302710538 -3.804494229881714
2459217 zg 13.78555521855207 -3.1638936269328783
2459218 zg 6.380404535087837 -0.2032875678853026
2459225 zg 2.9841835650556288 3.0896983676600405
2459227 zg 3.758432261272756 2.2466224772897663
2459227 zg 2.9075015278130807 1.9284578203866094
2459231 zg 2.932836082077647 0.6987154608740298
2459250 zg 3.831788955867375 6.566751596326156
2459252 zg 2.310893980499919 0.20633288906016228
2459255 zg 3.6141634885572937 -1.1881886287146441
2459256 zg 2.2719382934746335 -0.44066312086320686
2459265 zg 2.8250737028796182 2.0778493951608965
2459269 zg 3.892893064426206 0.5615069430303269
2459290 zg 2.16564340801027 0.39164853450379095
2459292 zg 2.4524512329609838 3.257099156877915
2459300 zg 11.646057557205665 -1.0494755053935594
2459305 zg 6.508796642932711 8.924918860899137
2459306 zg 4.145464731119306 3.3339545310446344
2459308 zg 2.2236870311237085 0.8287214808515402
2459309 zg 2.286571981138904 -0.63931093788231
2459316 zg 1.8108964544963089 -0.7103510009170056
2459319 zg 2.889978515069057 3.342080643068497
2459324 zg 3.1133327076388952 0.4694766499886491
2459328 zg 8.820756955251497 -4.8721555019416485
2459334 zg 2.708564322826172 -3.9549883940237067
2459336 zg 2.1306679900116787 -0.24473389884759036
2459338 zg 2.7998782936365245 1.8903081949467748
2459340 zg 2.1573917827859694 3.443823604442605
2459342 zg 2.031961716157784 -0.8245872889365133
2459344 zg 1.8786499465446638 -3.4488767510495704
2459346 zg 2.1598596653339497 0.13977603681925077
2459348 zg 1.9990995682753712 -1.3129822035906418
2459356 zg 8.163161304337276 -12.663607891689335
2459362 zg 4.484598983015934 3.468929911331088
2459366 zg 2.4184613635201644 -1.5112435680160248
2459368 zg 2.285556259055034 0.838202261355266
2459370 zg 2.6205026371392153 -2.62185626904212
2459374 zg 2.3428437276856995 -2.0142407648119645
2459376 zg 2.5816135270923106 -1.6568169818290812
2459378 zg 2.57093996618459 0.3344213330851514
2459382 zg 7.907744803526643 2.8320642887497427
2459387 zg 14.172886776530337 7.904672756968812
2459391 zg 7.045759033508191 4.3503954445753354
2459399 zg 3.4459236434368745 -5.369680382475261
2459401 zg 3.3186667516279194 1.4730692141781767
2459405 zg 4.0149383058711745 -2.234082295981261
2459407 zg 5.145439191687811 1.33958063515102
2459409 zg 4.964021194570496 2.320035725862442
2459419 zg 10.900339199710961 -11.759542616593537
2459600 zg 6.654389266994227 -12.830978058538074
2459673 zg 2.637700819252226 2.2703884765772906
2459675 zg 2.408383728825135 -3.63769159841935
2459677 zg 3.7698237102400993 0.45983939648190225
2459679 zg 3.710640584878939 -6.477295280470366
2459682 zg 7.233042617850692 -6.912641379586966
2459684 zg 12.321158099147627 -0.0866915228616311
2459687 zg 11.220635130393715 12.885347258721193
2459694 zg 3.5347598891043783 -1.1483108013579764
2459696 zg 2.858953161835801 -2.762121426897623
2459699 zg 2.8195069015122596 -0.37222344073407904
2459701 zg 2.4962596472141136 -1.4176989030765152
2459711 zg 7.222704214014598 -2.9421775231214733
2459715 zg 10.239406193784312 -2.0754973424683816
2459722 zg 2.7229852024017602 4.121755007731009
2459724 zg 3.061342343733762 3.117581760013749
2459726 zg 2.5464080856237135 2.2847383554632392
2459730 zg 2.6674857048435023 -4.718435829863099
2459732 zg 2.5077944423627154 0.8114606833188772
2459734 zg 2.6163264729652482 1.0845106545478074
2459736 zg 3.1282007376469805 -0.720933208928492
2459738 zg 5.495405849709902 5.482621640941816
2459742 zg 12.91281962674515 -2.556677987561288
2459753 zg 3.0900102366517856 -1.2005755233709123
2459756 zg 3.2236343660507143 1.4901226881647427
2459758 zg 3.0042444548673863 -3.320363274360373
2459760 zg 2.853002161589044 -2.5833690588548306
2459762 zg 2.7965545987114724 4.724283188401248
2459764 zg 3.0351514902387096 -3.5894280005621444
2459770 zg 6.52505811793413 -9.942195406211615
2459770 zg 8.622963007041104 1.0938674647647981
2459935 zg 4.33631718425003 -2.445826665552077
2459938 zg 3.315394924180783 0.45509814282147343
2460036 zg 4.775456277454401 3.7573476637009393
2460045 zg 3.7032273259283706 -5.803982510244227
2460051 zg 2.39711989454832 -3.1012151206281993
2460055 zg 2.8713609561334934 1.4955725912248512
2460057 zg 2.500488082786965 4.740606165685042
2460059 zg 2.694063290499962 -2.4600083271555477
2460061 zg 3.1387730726567713 -8.090555802724923
2460063 zg 5.082960434549643 -3.966283020492241
2460065 zg 6.0276766554804855 8.249696044056039
2458218 zr 3.602308028300609 0.44570159675208326
2458219 zr 7.927769593725721 -5.825855268165305
2458219 zr 3.913639746107255 0.7228746965129891
2458219 zr 3.8280785968045534 4.51992090944341
2458231 zr 4.169688895057532 2.1129465652775585
2458243 zr 4.086049777230084 7.914116800335779
2458246 zr 4.318834241368435 -1.1890042035268795
2458256 zr 3.0978469697613 -2.2581232584436157
2458256 zr 3.243569318224193 0.4505833012437616
2458270 zr 5.583055347956261 2.3090739083892067
2458274 zr 3.21736199070262 -2.2394610653435816
2458277 zr 3.3166521627850685 -0.39242618479195335
2458283 zr 3.39330723950877 1.801292085036797
2458286 zr 3.616195548670166 -2.1709748560989617
2458289 zr 5.663333084118357 -1.5952015427341475
2458293 zr 8.181528081783602 -0.3543737786439557
2458296 zr 6.905207469387246 -1.4708468810567257
2458305 zr 4.842389961825117 -2.475522503038183
2458450 zr 9.917151500169304 -1.0792408963426543
2458450 zr 8.347573999231791 -1.2468870438108706
2458450 zr 8.799022441944878 -0.9015711597910752
2458450 zr 7.692755030841494 0.5241708139915343
2458451 zr 6.892499315396633 -9.103364271419183
2458451 zr 7.4681887477126345 2.80794685966646
2458451 zr 7.290825966160308 11.13960568384044
2458451 zr 8.235346997007722 -16.810574891821698
2458457 zr 7.2292562385051 -6.2349067124174224
2458469 zr 3.756780913797518 5.615255045039194
2458477 zr 5.702929580473449 8.657945905247658
2458539 zr 5.277154227957589 -2.838551407301365
2458557 zr 4.101724964259941 11.729308925696605
2458560 zr 4.719700526223076 11.32196958477536
2458573 zr 3.8442875826230947 9.454177196458122
2458581 zr 5.5302296498965156 22.1393167353173
2458584 zr 3.6342589515096995 21.684234951199276
2458587 zr 4.619238481395865 17.421218759756577
2458594 zr 11.427128826652659 8.6234441913734
2458597 zr 3.938953428000754 16.96456463617205
2458606 zr 3.5208855430980583 27.694650019366755
2458617 zr 5.5667252497159705 24.868174743290037
2458634 zr 2.968012277384225 31.67934483254956
2458634 zr 3.1351618100262537 27.916281313869685
2458637 zr 3.092145777363307 34.43166030896401
2458640 zr 3.2438439995300326 33.94398603119912
2458643 zr 3.6109033884905624 35.03604226946388
2458649 zr 8.63359984645931 27.133634692160086
2458652 zr 7.248461966913263 43.39867272189711
2458667 zr 3.434408159394034 36.73395380397976
2458670 zr 4.433546005275982 39.526719759559796
2458676 zr 7.59350841208651 52.25418346161828
2458686 zr 4.7725580477071015 42.090894220636436
2458873 zr 5.006272009008163 -3.79348860652189
2458876 zr 3.6966167726739942 8.368136895665465
2458882 zr 3.8697733154856606 -3.630092213069234
2458885 zr 4.4377406768312 3.905980618396644
2458888 zr 5.064894277636133 6.83180685268849
2458899 zr 3.0471927533366405 5.1948047617847175
2458905 zr 3.3655179193927722 3.5342995485097277
2458911 zr 3.8121499334932505 -2.458922091509905
2458915 zr 5.224827219466915 5.40919060438288
2458940 zr 5.466029022221189 -7.16424038365313
2458941 zr 3.942797111408801 -1.5059295948219513
2458944 zr 6.391926375145454 -0.18918090781156466
2458956 zr 3.4452113461914906 -5.13281224071006
2458966 zr 4.78095265220943 4.522576038768458
2458980 zr 2.672238870132311 -0.8874008099982558
2458986 zr 2.903124715403045 0.4566159878054278
2458992 zr 2.918098362162464 -4.119302247999655
2458995 zr 2.9833205992015275 1.360238393601557
2458998 zr 2.966606611541678 -1.2406944498228532
2459012 zr 2.660193148990643 -3.720456292134334
2459015 zr 3.2114408461457598 -2.3285758497889204
2459021 zr 2.9844595229281006 0.9857218981787789
2459024 zr 3.1320103147195364 -5.060544428585915
2459027 zr 4.568465867666788 -1.9239404592151264
2459033 zr 6.816740030229176 3.006139627798783
2459036 zr 6.6382435066313565 -11.639165874133722
2459043 zr 4.2127582325708675 -3.017637882023432
2459180 zr 13.127475456850986 -28.372382488900612
2459182 zr 6.33363715039426 -2.912971661152012
2459182 zr 10.98812557757001 0.43652778384615437
2459184 zr 12.597465422766826 2.8668314909642647
2459184 zr 11.620017450903035 7.616108036388545
2459184 zr 12.317860127031084 28.10856407104336
2459185 zr 9.343120188552062 12.419857483630109
2459185 zr 8.871293500669802 8.096098638821896
2459185 zr 9.474041182892293 -7.417122714266146
2459185 zr 12.786742463029876 2.44854574988768
2459186 zr 12.268313845752193 -5.996356545242392
2459186 zr 10.344940678977292 -0.15264942045277702
2459186 zr 8.299384100867657 -2.7514746284843254
2459186 zr 8.135550548516658 5.448051498208155
2459186 zr 8.293331403321494 -3.729680359203748
2459189 zr 6.384041312482638 -9.452464769177357
2459189 zr 6.309730957784239 -0.11485588962859605
2459189 zr 7.73379496587386 -5.379914417456937
2459189 zr 8.826327163706958 9.759588752396034
2459190 zr 6.931309404039219 -7.77693727459737
2459190 zr 4.995219829776685 -6.3344402407311025
2459190 zr 5.422228289719689 0.6744923985800175
2459190 zr 5.321079981421461 -0.1177198013076456
2459190 zr 4.854612898128969 6.828377341849484
2459201 zr 8.409129094191858 1.4230823369994807
2459216 zr 7.034649738424889 13.972838278745044
2459218 zr 5.033380480926238 3.4009066318466523
2459224 zr 4.570368516100491 2.578307486933372
2459227 zr 3.730618555269619 -1.7335111978674895
2459228 zr 4.4276204484769615 -2.0385719480607998
2459232 zr 2.924659269470869 3.723565582515587
2459250 zr 4.73680804477375 6.495575730334304
2459256 zr 3.035707756444357 4.169734235847083
2459260 zr 5.554847045947307 1.9334817406648508
2459265 zr 5.20852127826731 2.0833646497602305
2459269 zr 4.873710861818471 6.224205843620491
2459273 zr 13.190014751274202 4.994513903908792
2459278 zr 4.482819158517452 -11.445740120544354
2459290 zr 2.8791592909085986 -0.574441063753099
2459292 zr 3.0220380407393423 -1.405810066180102
2459295 zr 3.6712661399393203 1.8460764023420837
2459297 zr 5.034014274637946 -2.0849953263201395
2459307 zr 3.184367506209335 -0.8664733778642025
2459307 zr 3.7958028977563862 2.781702502787369
2459308 zr 3.316285463591744 -1.5196292606777022
2459309 zr 3.5810952193635273 -4.9650117093222255
2459309 zr 3.3655179193927722 -0.27967478525619355
2459311 zr 3.1383395277514543 -0.42115728331698227
2459313 zr 3.544996974094501 2.2122672505660765
2459316 zr 2.904423622118658 -1.6254910577241666
2459319 zr 3.2723791943703677 -2.0161254137918325
2459322 zr 3.331961133594868 2.437441994311671
2459324 zr 4.2080949018461675 5.131917851087861
2459328 zr 6.586650482702946 -3.2626976114348687
2459334 zr 5.227745570501258 1.691454866126991
2459338 zr 3.8282864806439814 6.223040923400443
2459340 zr 2.8765087080290583 1.7395850223040743
2459342 zr 2.9690887789319746 -0.8660507226128676
2459344 zr 2.856669252230687 3.958737859083746
2459346 zr 3.3022950140285303 5.510392805360757
2459348 zr 2.8659307555884013 3.9845899566414213
2459350 zr 3.3889379937771373 1.768052971809594
2459354 zr 4.70274271503938 -1.0333141715887963
2459354 zr 4.763057075345591 -2.3276009952932926
2459355 zr 6.044742408999702 0.3323223196747447
2459356 zr 6.944089114741003 1.0749135571297708
2459362 zr 4.278440784663912 0.18130933900782784
2459364 zr 3.4202954509545007 -3.351382990548901
2459366 zr 2.9750887577009517 1.4956553227437777
2459368 zr 2.7761436686854695 4.251658176281041
2459372 zr 3.5430790822461256 2.9782931175234357
2459376 zr 3.2735816956075476 3.464369713263421
2459378 zr 3.2114408461457598 -1.8345366315715863
2459380 zr 4.668333997940888 1.7967167314110604
2459387 zr 7.797109775069831 -10.245241546218034
2459391 zr 6.378164100110769 7.6590497478967725
2459393 zr 3.089299116991162 -0.33177160089934477
2459396 zr 2.9995766229058765 -0.5753844832429386
2459403 zr 3.9609962359853155 0.8142252928111836
2459405 zr 4.304134019445332 3.040686300339397
2459407 zr 4.112306967398458 -5.200268519873211
2459415 zr 5.443423263914048 6.470328769757761
2459600 zr 5.6454427676026935 -6.946006088712095
2459670 zr 2.8240065071866014 1.1090550403818116
2459673 zr 3.404206282066566 9.755139163674015
2459675 zr 3.2585409539505514 -1.3752774882987806
2459677 zr 3.8991194132851463 -0.14545350672243934
2459679 zr 4.354783171405884 -0.05037378807253778
2459690 zr 3.974693577015046 -1.1576904375371095
2459699 zr 3.21440005503036 -2.136329626587442
2459699 zr 3.2197576494319065 -1.620918836440233
2459702 zr 3.194946739567233 0.034530878901845474
2459709 zr 5.089320021750707 -0.0863816140845367
2459709 zr 4.119889098031627 0.3513736351168196
2459719 zr 2.991575217573649 -1.7170321703726814
2459724 zr 3.199065878787332 -2.531393138362364
2459726 zr 3.436082817446247 0.870310904768965
2459730 zr 3.155730642069387 -0.46770353710271506
2459732 zr 3.6062174227524606 3.7563926546486153
2459734 zr 3.569281869783934 6.119446329966938
2459736 zr 3.291722254649663 -4.9024022724006375
2459738 zr 5.044286984109987 -4.1410304252767425
2459742 zr 8.820953267185496 -12.259519149828057
2459750 zr 3.242377841584616 0.2465489636206256
2459753 zr 3.237599942422241 -5.09127329536928
2459756 zr 3.1761421175237565 -3.7231309193095887
2459760 zr 3.752925759674281 0.5460842415312355
2459762 zr 4.119889098031627 -2.880648618560702
2459772 zr 8.25813356799861 2.6933157184692678
2459772 zr 6.942144007915275 -9.62235091023341
2459774 zr 7.162978018926158 -5.065460559437749
2459774 zr 7.683357122665949 -0.9537149829909771
2459776 zr 3.226264183583039 1.3539007449167106
2459778 zr 3.9489853769987393 -0.8939955739946854
2459910 zr 7.931643616850716 0.8065464410732458
2459910 zr 11.534849751677616 -3.480771995683336
2459914 zr 7.835774024825128 -4.3866760798024265
2459914 zr 6.584607957432905 9.220158998261827
2459936 zr 3.8353449440387446 -4.47356643594459
2459957 zr 6.43804400136151 2.4854619756755327
2460030 zr 3.1279775167047603 -2.037748986264858
2460036 zr 4.599540451740268 -4.070416037822415
2460043 zr 5.4550632047068195 6.511747509443401
2460045 zr 2.9995766229058765 -0.9882943222399823
2460051 zr 2.850136717677417 -0.7604234266213428
2460055 zr 3.1931784058918553 3.038915515113367
2460057 zr 3.777199932825948 11.418053062023882
2460059 zr 3.58731879799216 0.009982607246634152
2460061 zr 3.1849302581891608 2.146821903595316
2460063 zr 3.941717772875321 -3.4861690169813504
