jd filt fluxerr adjflux
2458207 zg 11.305499530343376 22.006033554402695
2458207 zg 11.206594642513506 -6.7192552135571075
2458230 zg 3.8655907093973614 10.91000225664212
2458246 zg 3.4392654198232475 10.57739496285894
2458279 zg 3.2156271965217615 26.524504156925886
2458283 zg 3.2977914193158053 28.57750949127824
2458286 zg 3.457004356505873 33.93770369848684
2458289 zg 5.588535434735574 16.159422111408354
2458293 zg 8.394347579716602 15.523519245557232
2458302 zg 3.6548000549940167 45.59432398652809
2458472 zg 8.083077292225832 92.00731722386739
2458487 zg 3.3344421232374413 82.83695482164828
2458495 zg 2.9381588832945096 76.62480971413272
2458503 zg 9.043062266733275 70.30898451001353
2458511 zg 5.855982724750264 73.53837125600081
2458547 zg 3.1351618100262537 65.60206716553326
2458573 zg 3.3473407674033044 56.62672402467342
2458581 zg 3.9214971819942206 61.79939677684832
2458584 zg 4.371237764692683 60.71921926707985
2458587 zg 5.575191130795475 54.74009225749503
2458600 zg 3.120757049973747 52.670627332592254
2458617 zg 7.547042308019232 61.96142968759349
2458634 zg 3.0834856924258376 43.05441519376951
2458637 zg 3.2859425056185727 38.32133293027443
2458640 zg 3.209709244632406 40.05239859600192
2458643 zg 4.505744237711616 48.42357754742
2458651 zg 12.052403508435933 32.328576127457865
2458654 zg 6.764950426431166 46.177271735282424
2458658 zg 3.293560861103641 37.67250843578801
2458662 zg 4.283555810557867 42.92687610119482
2458667 zg 3.583042068601433 38.09825951945375
2458672 zg 7.558619410095323 37.35110980817434
2458676 zg 9.157985866671325 37.258936818401025
2458836 zg 9.53291090770346 11.889369726885665
2458857 zg 3.5356040505469957 11.629531444164435
2458873 zg 3.437952933941442 16.988235981695066
2458877 zg 2.866244079431349 18.19087183687198
2458894 zg 5.00904121839669 10.486193104093012
2458898 zg 2.5723177216850326 13.21559133520602
2458937 zg 2.8434260482288654 11.457038241903344
2458940 zg 17.8123426779048 20.832952387216363
2458955 zg 3.1279924281182456 7.248965181512224
2458963 zg 3.0160736165021764 7.423236235418404
2458963 zg 3.214104258983066 9.004827886113315
2458966 zg 7.397647248264174 9.320855528196514
2458972 zg 5.494689632296834 -5.017691302008705
2458976 zg 11.140117108003828 21.287538947000364
2458980 zg 2.6249716042227713 4.51674802803374
2458986 zg 2.9900281489457208 5.994094857161018
2458992 zg 2.8644545623804545 9.763109796125347
2458995 zg 3.0372131875413517 9.149401294140034
2458998 zg 3.66450964266482 4.406935168829853
2459014 zg 2.9911757937725945 9.977847800813175
2459017 zg 2.8618175168212674 7.084900631842527
2459020 zg 2.845202428089469 12.918574779845475
2459023 zg 3.2950344555028304 4.082584899189141
2459026 zg 6.893111215444923 15.262712965501905
2459033 zg 8.150358869574227 15.802276238693265
2459039 zg 5.085705636262618 3.5887616622714433
2459043 zg 4.796270329432191 4.958682958694486
2459190 zg 11.167015618062083 -1.0400491482807603
2459204 zg 3.746414872332515 1.0910175544255605
2459217 zg 8.30973066806128 11.735131577061896
2459218 zg 6.670782559055643 0.9338552516374365
2459227 zg 3.639344632855181 1.8135512116446602
2459231 zg 3.209709244632406 2.4167870589109923
2459251 zg 3.1803526351912237 4.7242976486709365
2459253 zg 3.6433418869319234 2.657881163911733
2459255 zg 2.7696810841325905 2.761670248127187
2459258 zg 4.525697535845442 -2.9033997714666095
2459264 zg 2.8670940378672043 3.4627964819867723
2459270 zg 7.761595753595769 8.601086382343471
2459272 zg 13.20997819358992 11.550747204739407
2459292 zg 3.1744295490036394 2.4647323376856503
2459300 zg 13.796976870856085 12.511353807021933
2459304 zg 10.47110836513071 6.144786297744417
2459306 zg 4.006967950968294 2.6678298581132407
2459307 zg 2.903442105553032 3.693904096326868
2459307 zg 2.7696810841325905 2.908662029869108
2459308 zg 3.068073030668851 -1.914493248700407
2459309 zg 3.180282453399433 3.5667068566166487
2459313 zg 3.7761732138426365 1.0418632953339035
2459323 zg 4.3408019677588765 5.509986092228153
2459325 zg 4.951664590637056 2.558205435165342
2459334 zg 3.1744295490036394 4.121304265774348
2459336 zg 2.9272896222856297 4.222303588427548
2459338 zg 3.4127142574850744 -3.196306160392048
2459340 zg 3.347032737864045 1.8153919098169782
2459342 zg 3.096529892946881 2.6716329835020907
2459344 zg 2.739764099855304 4.684834149833236
2459346 zg 4.083013783116301 -3.4380026004302935
2459348 zg 2.943576159935276 4.949607035433195
2459366 zg 3.3904704241750783 2.94030321552058
2459368 zg 3.004982433922459 5.549258035966167
2459370 zg 3.2588169031276855 1.3055695443205262
2459374 zg 3.4411208642737767 -5.379892875320287
2459376 zg 3.4551238767566486 -4.339202600054842
2459379 zg 3.5900452851272298 4.427635135155766
2459390 zg 9.1874006147797 12.206974629868043
2459392 zg 9.893801488509832 16.172651372648225
2459394 zg 4.422680082816144 -0.25231339454120527
2459401 zg 4.687093887687127 -0.38413819179351316
2459673 zg 3.5894109525271127 -0.5532537279898628
2459675 zg 3.245381028636255 1.669423522516203
2459677 zg 4.47183247532527 1.7819242077968642
2459679 zg 4.209247180939144 -2.4058671072431865
2459682 zg 8.601851008601615 13.293007878962218
2459694 zg 5.053022351975709 6.736755029741298
2459696 zg 3.3270987649837847 -4.041430690912291
2459699 zg 4.517368566519683 -2.322914159158735
2459701 zg 3.6433418869319234 0.5402463609836389
2459717 zg 7.503130125217444 -0.8203836450212856
2459722 zg 3.31791834042686 -0.9750033146788936
2459724 zg 3.5894109525271127 7.742458082581232
2459730 zg 3.1773546535205863 2.1203060636664888
2459730 zg 3.2723947941625613 4.7397982706861495
2459734 zg 4.623453945645387 -1.0540946992083793
2459736 zg 4.488525047188056 3.9162490305309747
2459742 zg 16.361476620087284 7.8843309671140736
2459747 zg 7.507470224959102 0.22022210159803046
2459749 zg 4.731148022711736 0.5653364433123573
2459751 zg 3.7741214266174916 0.054702371120008836
2459753 zg 4.90418151414907 5.255057961813989
2459756 zg 4.748610363236316 -3.793463217356895
2459758 zg 3.8146254968340663 3.3585362452370107
2459761 zg 5.150622973614559 8.182581124199936
2459763 zg 4.4747623289492315 -1.7037347859504797
2459765 zg 5.471394240997136 2.008826618979653
2459769 zg 8.895839686666276 5.26496588111172
2459771 zg 11.088988563888798 -20.730816753622037
2459924 zg 8.957359840701534 -13.958467696112212
2459937 zg 4.122588365517784 -1.542276423948829
2460032 zg 4.2459020716643785 -0.3152904637668789
2460042 zg 13.155914477166293 -14.683216911359562
2460044 zg 5.525138465092595 0.7988766769659006
2460046 zg 2.775320672753282 1.521028607469738
2460050 zg 3.469150840941603 6.095761432598084
2460057 zg 3.4061201245981847 7.828308518220252
2460059 zg 3.642698137243903 0.2518055618307366
2460061 zg 4.075499516798935 0.8139289783730097
2460063 zg 5.368584097632021 -4.488808226564613
2460065 zg 8.891845661966512 -1.508443695188509
2458198 zr 4.437627562476819 0.08259184307347933
2458217 zr 5.386813310964913 5.108586401907674
2458218 zr 4.891651739123989 3.5720561489750704
2458230 zr 5.126908066073925 1.9363133697954806
2458231 zr 4.672770312556737 8.441611063487173
2458233 zr 6.8713478992738 11.27811641945939
2458243 zr 4.808110433330595 4.91475523123511
2458256 zr 4.834754586220954 7.297946370331836
2458256 zr 4.512055510888688 9.752432829564007
2458279 zr 5.411544370452418 4.158011499655959
2458283 zr 4.536812703225967 23.26835321103142
2458286 zr 4.824535761150222 13.514194724076614
2458289 zr 7.510445398268551 18.041282415262387
2458293 zr 9.286496668357165 26.12000868121163
2458450 zr 7.292319581601009 52.0358765168872
2458450 zr 7.871610978718783 31.435483698149355
2458450 zr 7.73143235211956 51.66345113017422
2458450 zr 8.022318991448309 43.35452707136392
2458450 zr 9.02362099396565 51.07863495686702
2458451 zr 7.074010385881985 54.24931449741059
2458451 zr 9.229325719500556 37.65220834424618
2458451 zr 6.814624614744751 35.60434252493455
2458451 zr 6.849607611611616 45.008429955766
2458475 zr 8.978749780373416 39.78808385673461
2458477 zr 7.113368000381945 45.68171121808302
2458488 zr 4.470445969713101 35.49591418640725
2458503 zr 7.689532323087172 29.2399828391246
2458524 zr 4.553557765511 25.362882645783937
2458539 zr 5.721693763249768 32.03427181353948
2458543 zr 4.750884081496934 29.56258672598013
2458547 zr 4.794843470666563 24.496850433208483
2458573 zr 5.1633542766444895 25.501561083704317
2458584 zr 5.1824118605955585 17.251408609342842
2458593 zr 10.969084561885007 23.20372183334499
2458596 zr 5.486826451620941 21.2537632007356
2458606 zr 4.794843470666563 25.757979146269086
2458617 zr 7.5631014649899635 14.147192815169216
2458634 zr 4.449906136229722 19.03204694368193
2458637 zr 4.329342169181753 28.888509835368843
2458640 zr 4.491080610760191 21.474674093277407
2458643 zr 5.89826946719537 17.43489120204391
2458648 zr 10.335969505416228 7.189493038140258
2458654 zr 6.1380407161292485 12.461735996389006
2458658 zr 4.996380789679347 21.572870376911318
2458667 zr 5.136360883436374 21.3237928342736
2458672 zr 7.196145351011711 15.598921818451073
2458676 zr 9.429431839256724 5.885219323701563
2458679 zr 9.52584812355724 16.923181508581067
2458812 zr 8.798646484965957 6.266039396296449
2458812 zr 10.473784959111175 15.373175068471568
2458854 zr 7.598011155206577 8.935466323335364
2458877 zr 4.4458095080725055 11.676676215124374
2458884 zr 5.753400539858536 10.744197012945854
2458887 zr 5.7322432260938205 12.90963398218324
2458895 zr 5.431651840072091 4.460547160976754
2458898 zr 3.8373372070295333 7.952523611217613
2458901 zr 3.988349310468062 11.823286023667528
2458904 zr 4.973424505197925 6.078773849050325
2458908 zr 5.161482200972701 4.0252392405338115
2458914 zr 5.108054589448201 6.055583879410735
2458941 zr 5.41653088303282 7.159106709439607
2458955 zr 4.842342789366152 5.686777530572491
2458972 zr 7.524292900066044 2.7406377554008876
2458976 zr 10.580438155464211 12.240099441469933
2458980 zr 3.7087705405731053 6.641814739351682
2458986 zr 3.988349310468062 5.51983677504497
2458992 zr 4.21523616448298 4.62632797996044
2458998 zr 4.941462795533891 4.904124856043231
2459009 zr 6.247599344256424 0.16280443298159986
2459017 zr 4.138299433824614 -0.6770112468002139
2459020 zr 4.524294329203167 6.328894020003977
2459033 zr 8.197163975582335 -3.2984479331233674
2459039 zr 5.070555374193727 0.7536425852694615
2459178 zr 6.048250429611842 -7.581194845389226
2459178 zr 5.941890029452674 6.787256570232222
2459178 zr 7.3801585688087465 3.9637183352868792
2459182 zr 7.759311438421152 9.555778654027014
2459182 zr 6.70618109327873 -9.60434701011908
2459182 zr 6.282220427618431 -5.607402854470861
2459182 zr 6.22342936819877 -0.22315084354694026
2459184 zr 11.024576623670159 -4.0260209558430775
2459184 zr 10.227430476759677 13.377336258773298
2459184 zr 10.094937930787571 -4.638040220235996
2459184 zr 10.982834586880989 -11.567512771307888
2459185 zr 9.767972532576948 4.701038353321698
2459185 zr 8.634792532335032 -0.3933646713849934
2459185 zr 11.13192789271393 -1.9771975009815337
2459185 zr 9.073625406451933 4.609984353764977
2459185 zr 8.858921349417724 -1.810516612218984
2459186 zr 7.373364320914058 -0.4776525160021612
2459186 zr 7.8643642948133365 10.16045631575481
2459186 zr 8.372663223319678 1.5942638673971523
2459186 zr 10.660323511162673 -7.3267604709055565
2459205 zr 4.633944738026432 -0.6776430208317668
2459217 zr 8.844064622606258 -4.084069649689335
2459218 zr 5.860364241925799 -5.6787625713465495
2459232 zr 4.058758283607894 -3.282857708474051
2459251 zr 5.098653866210989 1.9123742396352332
2459253 zr 4.184291301715299 -1.4933830424330141
2459255 zr 4.172745635856532 3.415171574625017
2459262 zr 4.520129218530471 -0.24352618800706005
2459265 zr 4.42130881705664 -2.195033404182081
2459268 zr 5.486826451620941 -7.77356540989876
2459270 zr 7.889022299493707 -6.07216522027331
2459290 zr 4.333331477540632 -1.835299936609963
2459304 zr 10.722246460645453 -0.19460738758066165
2459305 zr 7.893391120155984 -12.49911698223605
2459307 zr 4.246409879513247 3.8849115059552997
2459307 zr 4.017845087215588 -5.2303897147713165
2459308 zr 4.437627562476819 2.518014942030077
2459309 zr 4.262083085036945 1.8903704413261908
2459317 zr 3.962718185964874 1.8319459305951944
2459321 zr 4.2817559667065686 -6.489066602086593
2459323 zr 4.698409330759575 -2.8555198273994713
2459325 zr 5.801290452257492 5.121109931841497
2459334 zr 5.619804706302372 -2.296997635013804
2459338 zr 4.376741029742517 -4.267451185009615
2459340 zr 3.966369665604356 0.5412577170424928
2459342 zr 4.413171961859141 -0.09026926401696389
2459344 zr 3.966369665604356 0.5339631724524135
2459346 zr 4.21135557585209 -3.225821330360533
2459354 zr 6.814624614744751 -1.3055084536348247
2459362 zr 5.497078319419041 -4.729643712214777
2459364 zr 5.061223663481372 7.559796573193477
2459366 zr 4.297559632196404 -6.355538076623528
2459368 zr 4.242500592048095 -1.0184721385354418
2459370 zr 4.750884081496934 -8.86434473063308
2459376 zr 5.07990429039445 1.4746284170853112
2459386 zr 10.674853419355216 2.376998571220589
2459390 zr 11.90569096524982 -4.960297469974709
2459392 zr 4.515967942300355 3.2861300483210614
2459396 zr 4.8036840387098465 1.5847829626565462
2459399 zr 5.661365886650023 7.712830676152337
2459537 zr 11.528016925141012 -2.3335476760723055
2459537 zr 10.162590584353264 -1.9267965698695662
2459537 zr 9.668665510124287 -8.776200818442568
2459537 zr 9.749995824466422 -11.824402719017257
2459537 zr 9.127881078436163 2.8072887955103463
2459538 zr 20.89877617169962 3.689751471806397
2459538 zr 19.114511010655864 12.476842573554393
2459541 zr 9.276429449912904 6.611949082402046
2459541 zr 9.64282820931741 -3.6749674477324135
2459551 zr 5.089270443806411 3.3325808394279117
2459551 zr 4.821414104658705 3.693025136536228
2459551 zr 4.933719266180828 2.3664145592775823
2459551 zr 4.915576213942705 1.5092297120377924
2459551 zr 4.5076568790511 2.274431592002904
2459601 zr 8.10706439707339 4.546493482202267
2459636 zr 4.7640294119161455 -4.5033913707579165
2459641 zr 4.397662655535233 2.776543573381004
2459670 zr 4.325356533420104 6.0768212385868035
2459673 zr 4.56615710920868 -4.324650493121775
2459675 zr 4.947370487477136 7.14127078231774
2459677 zr 5.155318836637834 1.9917041807466447
2459682 zr 6.996410403682705 -7.821009270024311
2459687 zr 11.369846603275962 -8.066644000267207
2459690 zr 5.502143647968289 1.0580178543904877
2459696 zr 4.30945064877193 -0.06624214064239137
2459699 zr 4.437627562476819 -6.2139845271909
2459702 zr 4.570364632664179 -1.2343729221050994
2459709 zr 6.616707516550203 -3.73605697564635
2459709 zr 5.829479306206041 5.354747019623522
2459714 zr 11.480246662591385 -26.7636880237179
2459717 zr 6.236101434180522 3.142262957635702
2459719 zr 4.246409879513247 3.0858913430199406
2459719 zr 4.5076568790511 -1.711564072881975
2459724 zr 4.5956913167588604 -5.197238214032252
2459726 zr 4.768160331465436 -0.7142435719664075
2459730 zr 4.587233532802986 0.8348556402475127
2459730 zr 4.242500592048095 -3.030959695221492
2459732 zr 4.587233532802986 2.844709460713327
2459734 zr 5.158600840983638 9.65240083234161
2459736 zr 4.341321125589755 0.7703691696412504
2459738 zr 8.177549537693702 -0.21808814784770345
2459747 zr 3.9700245099301217 -2.6715414665588275
2459751 zr 6.428552139544941 1.9441724061257788
2459753 zr 5.172874292280768 4.179168667810126
2459756 zr 4.896159192314092 -3.227144761952894
2459761 zr 5.02406824309885 -14.922919277475668
2459765 zr 5.075227679626739 1.14063473810264
2459902 zr 7.583330085696107 8.086408265859347
2459902 zr 7.650075003127017 7.107029242708264
2459902 zr 8.043094727993688 1.406052323431344
2459902 zr 9.040258437060942 3.168489324179933
2459902 zr 10.619489821800407 7.485147515382758
2459904 zr 17.718023998336353 -5.911908397370528
2459904 zr 11.059986718106682 -14.336699489395478
2459904 zr 13.986144437565217 -19.77654576741151
2459904 zr 9.453006865038347 -11.76265576858967
2459904 zr 10.122869846697384 -21.052067530853403
2459905 zr 7.774276098848683 -12.570805149364503
2459905 zr 7.387122091149941 9.691583699223
2459905 zr 18.945912238142334 9.668117059651514
2459907 zr 8.634792532335032 6.563162480470267
2459907 zr 9.195386184310635 -7.572498727734755
2459907 zr 13.350443365256284 -1.786778938190929
2459914 zr 6.098594601069135 -1.8314731964891413
2459914 zr 6.775060389568844 4.368808120953958
2459914 zr 5.89826946719537 10.053659384721529
2459914 zr 6.311217839594965 9.592924280459872
2459914 zr 5.779957030138113 -5.4702144258913
2459915 zr 6.8209040072889 -5.623915471752772
2459924 zr 6.893911328719991 3.6434775891506597
2459937 zr 5.000984746324357 -2.9442641629449384
2459972 zr 6.2119759398823415 -1.1917129156628066
2459996 zr 4.570364632664179 5.170303050600783
2460046 zr 4.545177522984508 -6.180277863425428
2460055 zr 5.039348972057299 7.824528480701372
2460057 zr 4.2817559667065686 2.689918546109925
2460061 zr 4.672770312556737 3.4781686723818654
2460063 zr 5.1633542766444895 -1.2175260341933378
