jd filt fluxerr adjflux
2458206 zg 5.350485457537743 -2.4603790615163637
2458206 zg 5.375414295495957 14.977887504806812
2458230 zg 4.498039891546771 8.858963953266588
2458233 zg 5.141856494260255 2.7633352266199043
2458236 zg 8.981688735121741 3.1923882868366626
2458244 zg 4.177204206048846 -0.4208655613638328
2458247 zg 2.159261655582022 -0.8544327760333164
2458261 zg 5.235680807409333 3.8860607696746285
2458269 zg 9.721729555871535 -0.0841109231070411
2458272 zg 4.7461026119224865 -4.869411581145182
2458275 zg 1.942673369691372 1.332714868981411
2458278 zg 2.1353281157755633 -0.48810161500634885
2458281 zg 2.388783467084232 -0.9906793039583285
2458284 zg 2.305440618797556 3.210244002385945
2458287 zg 2.420447620495121 -0.1000754698759696
2458290 zg 3.869830432349447 4.522647081108642
2458296 zg 8.08363994625169 -6.149126615894712
2458300 zg 2.9596095864469203 3.7638812063996427
2458303 zg 1.9860939427092106 -1.656022107977424
2458306 zg 2.5772345249915634 -2.995990733607098
2458316 zg 5.283439383915215 5.650248024736678
2458331 zg 5.794763253270408 -0.76875845502996
2458334 zg 2.694523049082149 -5.712681547782155
2458337 zg 2.3609983782374786 1.3510974746969788
2458345 zg 2.978061407698851 -3.0595587235231223
2458494 zg 3.2061729655127666 0.4994904864911386
2458560 zg 4.48840394679374 0.49173815333510296
2458568 zg 5.529518294333252 -3.755170980091483
2458577 zg 5.055730742028735 4.6767988603928465
2458581 zg 3.021490141399767 -2.665058776363846
2458584 zg 2.6351833732696357 0.8859715481499058
2458587 zg 7.610069684192724 7.237854758787906
2458591 zg 17.239471385982647 8.125668404818548
2458598 zg 7.2616744649716285 6.846410899225047
2458606 zg 2.065835274296084 -1.1003852760953947
2458617 zg 3.772012836228811 3.6121445071642517
2458636 zg 1.9136378864950427 2.0124756661648022
2458639 zg 2.2421497670101287 0.3223510690993361
2458642 zg 2.157743350269928 -2.1245390729301956
2458646 zg 4.587878858258219 -4.796851547213171
2458651 zg 12.94228654618977 -0.2789094964318981
2458654 zg 5.476532255373168 0.6577586474222328
2458657 zg 2.559764247614928 0.16640841432871234
2458660 zg 6.811016650025887 3.7793239132192795
2458665 zg 2.0811590532482986 2.896401104969253
2458672 zg 2.790071196019085 -3.5756361159334498
2458675 zg 8.096441879376785 18.45492383954096
2458682 zg 4.428226051091767 5.822990168538798
2458685 zg 2.25665214066783 4.385588295202274
2458692 zg 2.7154753480453686 1.7723232469295658
2458698 zg 28.932663645630235 62.73858314325803
2458705 zg 9.446953012992267 11.438011168114947
2458708 zg 5.8055161470129 -2.8740029089694197
2458715 zg 3.5158111103904184 1.8000031438028938
2458718 zg 2.798981119549934 3.8878989723331268
2458723 zg 3.7240986911308815 -3.823857167624424
2458728 zg 3.8594094388601143 -0.7716481476208603
2458729 zg 5.727008200399187 -0.35807398641864596
2458734 zg 7.652765401863933 5.958532084611669
2458761 zg 9.286841069470801 -2.8713093565869747
2458893 zg 5.483684677463433 6.402750284962885
2458901 zg 8.189327041555275 3.1949251460099126
2458913 zg 2.135480887046107 4.628065722686162
2458915 zg 5.322656343014851 -1.4212402695595747
2458944 zg 4.993268014318309 5.50488597168467
2458954 zg 2.889513907190518 5.115601161305099
2458963 zg 2.5175423479173866 5.924511691095422
2458963 zg 2.207523180058323 9.110115493724761
2458972 zg 4.716369196069953 15.527386326521295
2458975 zg 9.760128373026074 6.796922656536114
2458986 zg 2.0743017477651255 13.966954973052717
2458995 zg 2.394914182992075 7.11307028903314
2459009 zg 4.355186199005776 9.646991782204548
2459016 zg 3.1159655975650105 9.638446430788239
2459019 zg 1.87907089723873 10.343048524347413
2459022 zg 2.0737382609695088 9.554365568206077
2459025 zg 2.200780780116914 10.635385852092163
2459033 zg 8.64007067375813 5.970793982625057
2459036 zg 5.545132124439013 8.951042193512993
2459039 zg 2.080548281478654 11.95176373128274
2459042 zg 1.9694418682191974 11.62340652201927
2459051 zg 3.919084261941741 10.07473476881687
2459064 zg 10.186157055883333 16.173849605435944
2459233 zg 3.0216618712553074 20.40977141376946
2459254 zg 2.439663465034555 22.743290232338847
2459268 zg 2.959543918098263 24.267472110592003
2459275 zg 7.7016871495067205 22.36878894339897
2459291 zg 2.0648568841110055 22.03574030431888
2459302 zg 11.267853876155305 34.810093791119286
2459307 zg 3.9855637144405405 23.719596181408946
2459309 zg 2.9665103266068145 25.71930201500153
2459311 zg 2.0909476816494723 20.52165584846786
2459313 zg 3.3143653515057943 20.01485499508797
2459316 zg 1.822696848694005 22.014148684948957
2459319 zg 2.516992392558158 18.732276560954617
2459322 zg 3.053688890235303 13.742077138755931
2459324 zg 3.076004367862261 21.541496402793435
2459334 zg 6.56116584332423 17.868506365182135
2459339 zg 2.0767192976192805 25.08070584246563
2459341 zg 1.960072362412392 22.923349687096188
2459343 zg 2.464070783516291 23.179119836627525
2459345 zg 2.3705721577261185 23.241758511480747
2459349 zg 1.8824109597340908 22.758921421402253
2459352 zg 2.282916126410313 16.316239072640244
2459358 zg 10.822822065426244 40.95673581913779
2459361 zg 8.588548093995373 18.95993919776984
2459363 zg 4.903696851735505 27.40672428007476
2459368 zg 2.1092590564760325 21.6992855828832
2459370 zg 2.219548393055653 45.140695015761324
2459376 zg 2.515224673217352 20.215360741930386
2459378 zg 2.506997729207691 22.47231244013336
2459386 zg 8.619107908345288 18.10306822097515
2459390 zg 6.870952456955662 14.115800409456988
2459392 zg 3.436713439619928 23.895911845134627
2459396 zg 2.9881333109625223 18.856555447183794
2459399 zg 2.444814228736343 21.23808164522684
2459405 zg 2.6477800336742843 15.747207014815347
2459407 zg 2.970026180913788 16.606680403319704
2459409 zg 2.9037765408787704 15.662421970412193
2459412 zg 4.069482204096504 13.850286941378517
2459419 zg 12.544479480278387 8.55952150213476
2459423 zg 3.5232579323226183 14.429595760833484
2459427 zg 3.791269011289007 12.235710335753266
2459429 zg 5.056934159899906 1.6792910742067555
2459434 zg 2.9922407398342243 16.973425032858792
2459438 zg 3.3895599634902096 11.51174733091049
2459440 zg 5.529947924771701 9.913417642208987
2459443 zg 10.701613436718334 21.97396230969322
2459447 zg 10.560937433425025 32.57065270231776
2459450 zg 11.13889498089574 2.6550961865810123
2459454 zg 3.214649654487964 10.630338201007643
2459457 zg 4.221737517928421 11.022150749704958
2459460 zg 3.2869034544040567 17.22558625193547
2459462 zg 3.4651000702586225 14.249186465052944
2459637 zg 5.3176973221225206 5.651048056249095
2459675 zg 2.6551062371393606 5.26555775491074
2459677 zg 3.718779088688515 8.865465343198716
2459694 zg 3.2879170677940066 1.8579843219261294
2459696 zg 2.802700762270758 6.894941474908002
2459698 zg 2.973270523603886 6.369388079768353
2459713 zg 8.35994115070037 7.172536119102889
2459717 zg 9.671397986901539 -17.603782665277574
2459723 zg 2.8025945792186 1.0403763517801146
2459732 zg 2.452628462796511 0.2588901542784221
2459735 zg 2.23390457952501 4.402068629979896
2459741 zg 6.994328789606584 -3.738689994166052
2459743 zg 12.360373009176497 6.394041805281203
2459747 zg 4.0633832936065835 -2.7625969611323806
2459750 zg 2.897078596985267 2.219010179965573
2459752 zg 2.704468347518925 1.2633045029162822
2459755 zg 2.8181251622810803 -1.5238305703502044
2459762 zg 2.487578442937319 4.583677696447934
2459764 zg 3.018561085638754 4.561004484036322
2459766 zg 3.0241266051043323 0.4170206142916244
2459769 zg 5.154469049983127 2.505471556168921
2459771 zg 6.502378925963317 -1.1714632226386428
2459771 zg 8.158494347581579 8.629724011573009
2459781 zg 2.8211409767530875 -0.09399512451531589
2459783 zg 2.902420131202191 4.509682759916521
2459790 zg 3.0619389802893395 -0.9355940656739214
2459792 zg 7.634203511258894 -0.7979615930186084
2459794 zg 3.4489726961849274 -0.9952367188607296
2459798 zg 6.848748379230939 -1.1221317918689362
2459806 zg 2.765433326934382 -3.645260507755322
2459808 zg 4.550821029261311 2.991846492079871
2459810 zg 3.594942394190696 -4.589083119971856
2459815 zg 3.178337184943624 2.2896421551701525
2459823 zg 4.671144505378425 1.5445973478451065
2459826 zg 7.500214039016146 -1.4515847692785453
2459828 zg 9.566734757840871 13.427810626992702
2459830 zg 9.5358190262206 7.693284877872364
2460016 zg 10.936152961501406 4.375523495123609
2460043 zg 8.279635360838455 11.503572110737096
2460045 zg 4.7600092229367865 8.780035485985616
2460049 zg 2.8316689481246864 5.238567044726163
2460051 zg 2.212981577439767 4.011698456921892
2460055 zg 2.708280348296219 2.0796402810961063
2460057 zg 2.5075706578016064 0.35453257443560854
2460059 zg 2.6683688643667027 -3.246101427051146
2460061 zg 2.802534836131376 -0.9023538166589118
2460067 zg 8.934197111333113 12.017130332008469
2458198 zr 3.29552499390269 0.25051647857519227
2458198 zr 3.034738145842237 1.9295033084203188
2458219 zr 6.772408814919155 -2.019923914994562
2458219 zr 4.182731242431107 -3.7821129742935744
2458230 zr 3.4618892539300723 0.9371288348790717
2458244 zr 9.036720325410245 0.1991711657303783
2458247 zr 3.223477252075001 -0.6556801788871343
2458257 zr 3.095455818947574 -1.025773344444288
2458257 zr 3.316840668512419 -1.0412076854869696
2458261 zr 4.963417938649524 -1.3050539500743703
2458272 zr 4.356120921637747 3.014310202713359
2458278 zr 3.869596602755186 0.3605625067674571
2458281 zr 3.091158140354227 0.7331831031755893
2458284 zr 3.2691117377759578 3.034047957139873
2458290 zr 4.068740203880031 0.8994633819585887
2458296 zr 7.751339958603254 4.356114160055201
2458300 zr 5.603837402270299 -2.9632264610244907
2458303 zr 4.233503535906947 -2.389393488935135
2458316 zr 3.45870220401022 1.6167163205637138
2458337 zr 3.2272288624177916 -0.8130903926272368
2458362 zr 5.230780980800538 -0.6695817787223213
2458487 zr 8.40575610340545 -4.215424322348934
2458487 zr 6.391455755339525 -5.274153264837325
2458487 zr 5.3848049067903565 0.8536094472861262
2458488 zr 4.0724893783899585 -10.54004849389989
2458488 zr 4.441195865497315 8.261275752460323
2458488 zr 4.861496453766816 2.384241502692052
2458488 zr 6.5571397950813495 -4.984531718478343
2458568 zr 8.024754665761337 3.1267427819374802
2458573 zr 3.1733984827692328 -1.2039459979629545
2458584 zr 3.6664176727340747 -2.6196533261570454
2458591 zr 7.59053006943772 0.5502675648133724
2458597 zr 4.479851548624254 -5.054786574182211
2458606 zr 3.0571815057059406 5.098681154792445
2458617 zr 4.5088275260745965 4.177004393801797
2458628 zr 3.4206856885790846 4.4810460782828425
2458633 zr 3.0997111368988537 -0.34875005463312286
2458636 zr 2.725558637777974 -1.5896890448156582
2458639 zr 3.034738145842237 2.419893037022443
2458642 zr 2.952105844665575 -0.0911977796904978
2458646 zr 5.806117033931763 -0.6360953752685038
2458651 zr 10.754656200385874 -0.16653333643653867
2458654 zr 3.1998130830206812 4.320233834162664
2458660 zr 2.5868689857219085 -1.3344369265088696
2458665 zr 2.979347932284896 -2.221815904580035
2458668 zr 3.3145896121764604 4.130500938653923
2458675 zr 5.62452077900952 -1.1946911610893607
2458678 zr 6.2115471600934695 7.842662683419365
2458682 zr 4.363381476846383 0.40008162219558274
2458685 zr 4.108333521296466 4.346583866563621
2458692 zr 3.795471136617547 -5.251472407382482
2458698 zr 4.410254205542887 2.4262983595507492
2458708 zr 7.692897677144543 10.94688714690873
2458712 zr 5.839315221940616 15.216643247049774
2458715 zr 4.054151061107562 1.6565852075393308
2458718 zr 5.492934618392251 -0.8675388267221663
2458726 zr 5.459715004965484 -0.8118967077004997
2458737 zr 8.216220860652065 -1.0405100453280485
2458761 zr 7.1565757511858195 -1.757680760376133
2458764 zr 8.073551472361398 -12.528040465197105
2458764 zr 7.534676634287136 0.023762729873276767
2458764 zr 6.631316964608339 -0.14223168800100594
2458764 zr 7.013023151085593 3.4799676933751402
2458766 zr 11.5341236020854 -3.1255015852131462
2458766 zr 10.233290090989787 -12.017906325179966
2458766 zr 10.128232182327638 -27.93749567667618
2458768 zr 12.940145322551313 -17.802962534083733
2458768 zr 12.547131174889644 31.961147220723728
2458768 zr 10.056398587976247 10.920471530773703
2458768 zr 12.162453183322684 -0.7485298360302897
2458770 zr 11.464976317725396 -3.0821507941398556
2458770 zr 14.210886851289894 -3.580248030437157
2458770 zr 12.793224506204806 23.583212589130113
2458770 zr 12.190612712027919 -16.06125383479376
2458850 zr 8.650966264464728 8.000823499751597
2458850 zr 8.567481579010877 3.645036870850253
2458852 zr 9.385177232757632 12.182160643826185
2458852 zr 16.499564224085056 -6.387123622654462
2458854 zr 5.361714105068746 4.634836170768942
2458854 zr 7.4936894062232335 -7.056787972502375
2458854 zr 4.303513638596801 8.295389833967281
2458854 zr 4.398085042896751 -0.49021494952947586
2458856 zr 4.11433762077438 -3.507816977199328
2458856 zr 5.13771457332089 -4.70466767287286
2458856 zr 4.974735253137327 5.29684319827632
2458856 zr 7.793453033282165 10.993712949261337
2458893 zr 5.273557103226088 -1.2166754964179312
2458912 zr 3.639501792507072 -4.002554440024268
2458916 zr 4.56684076263077 14.591449786710239
2458944 zr 6.202326228573597 11.221684860646215
2458966 zr 3.229420588944559 7.192013504938542
2458972 zr 3.9743461804554343 -0.23128994795657754
2458975 zr 7.093685553059277 6.650522866669283
2458978 zr 8.26330799953687 12.784147956701077
2458981 zr 3.9436641894648137 6.652243270773534
2458986 zr 2.7331000486513877 5.98526160180248
2458992 zr 2.7305839293731258 5.319259195453678
2458995 zr 2.9766051147386685 6.18904278889927
2458998 zr 2.898223840577701 9.409321513373156
2459001 zr 4.028097061692504 4.807177882678753
2459012 zr 2.4274531140530824 5.252341678830482
2459019 zr 2.71053818539274 8.76204222030697
2459022 zr 2.6610652879864496 4.880720736037314
2459028 zr 4.19855577469006 6.15967748484073
2459042 zr 2.8166437749672384 6.447616714640112
2459045 zr 2.9222759485774463 8.334030932605357
2459048 zr 2.7787887368193345 2.5912538928277824
2459051 zr 3.272752555532242 8.92832484566135
2459064 zr 9.531839734560434 11.573549772626691
2459130 zr 5.886888167623095 6.823111751064101
2459130 zr 4.995521655637873 3.625440254243769
2459130 zr 4.792706631170507 12.203849621921663
2459130 zr 4.77766691602662 12.675573427271473
2459130 zr 5.154712284488805 21.198305908612184
2459217 zr 19.53324665107378 -2.9866752316265632
2459218 zr 8.814767091929433 1.7717365588353529
2459218 zr 9.255828213325877 8.373741333050562
2459219 zr 6.9119372520427795 16.980015172085622
2459219 zr 8.66327105855668 17.35899866146896
2459219 zr 9.997550774009229 -8.737513880225983
2459220 zr 7.622368767306204 15.981148064345648
2459220 zr 8.746732897088458 4.918017727248536
2459222 zr 10.572146980523177 7.6727122725679715
2459222 zr 10.89045097908015 17.42411521988474
2459231 zr 4.391604118134392 11.983960622767441
2459233 zr 3.8713279252117823 5.9724875695957
2459254 zr 3.115477432841433 8.548316477495142
2459256 zr 3.37375212143782 9.073456843008517
2459266 zr 3.4459833176330315 3.5819973047472313
2459267 zr 6.168369548655415 5.282465674991674
2459270 zr 4.1287937026072035 12.255450048535234
2459271 zr 7.4936894062232335 2.8230815601567665
2459273 zr 8.812388162700408 -3.917745756146445
2459275 zr 8.782775140639481 14.453902588988903
2459280 zr 4.473250134474687 4.882090897526671
2459291 zr 6.213761865083054 8.129678879187281
2459291 zr 5.638478389612361 7.607590065697324
2459291 zr 5.350100254623271 15.12195074601144
2459291 zr 4.1101716586567125 10.705873993899527
2459291 zr 3.3360285980038067 14.811141484390957
2459291 zr 3.28722752653846 9.925852417715994
2459291 zr 3.1298578232885004 8.080336182277618
2459291 zr 3.254091533709648 9.253972551710858
2459291 zr 5.2454269831099705 7.871818731189066
2459291 zr 3.135628547864161 9.862981625728327
2459291 zr 6.027741307429708 14.189651397682798
2459291 zr 3.7606740480791236 11.03412172315407
2459291 zr 5.2105734898307405 9.115729582149266
2459291 zr 4.651744671430198 9.215770287086578
2459291 zr 4.451061785275999 10.690597887042466
2459291 zr 4.660321398812291 10.132581782058695
2459291 zr 4.1631607812351294 8.620544032238836
2459291 zr 4.299551780839096 12.828859388866883
2459291 zr 5.153301184845483 9.942931979507756
2459291 zr 5.250545540877061 18.57793370503197
2459291 zr 4.9610085245644475 7.996226013306076
2459291 zr 4.113610649866374 13.349628342251062
2459291 zr 3.939671042296913 15.172598620519786
2459291 zr 4.763980479566378 13.671687496158441
2459291 zr 3.284832059133288 9.570309101082819
2459291 zr 4.2844978263755955 15.515019498902785
2459291 zr 2.9493881064580525 13.421389836057937
2459291 zr 4.307764046817508 11.166780064885234
2459291 zr 3.5425270135986895 12.766956988806783
2459291 zr 3.1414099123039887 13.598191581670893
2459291 zr 3.4708014079829286 10.578910034403675
2459291 zr 4.0351525713452565 9.93106890492313
2459291 zr 3.552328913058645 9.93320538933857
2459291 zr 3.0291530971888134 11.4009793027355
2459291 zr 3.1851112773510795 8.192411144836607
2459291 zr 3.1479640566694007 10.269065379930897
2459291 zr 3.164642161596343 11.41117447273562
2459291 zr 3.020794790614692 12.40789625083118
2459291 zr 3.1733984827692328 13.344133865988553
2459291 zr 3.092606111318001 8.607251517239314
2459291 zr 3.286431690481584 11.417157471080312
2459291 zr 3.4081066025407805 7.433325883676733
2459291 zr 3.366896490569701 17.424887669185146
2459291 zr 3.651533395731955 14.528698902694483
2459291 zr 3.202761577406223 11.863431510629871
2459291 zr 3.2242578432046227 9.92828841731672
2459291 zr 3.1588180411636118 8.756544599699456
2459291 zr 3.238356147037761 15.652614859578264
2459291 zr 3.7297118201172275 12.204558104070438
2459291 zr 2.8690090923978677 5.156434513685025
2459291 zr 3.012459547017761 10.618712129189866
2459291 zr 4.2327555093244715 8.410488917151657
2459291 zr 2.834862014036827 7.58150113811533
2459291 zr 4.49005754771171 6.453997791910238
2459291 zr 4.161651345391925 8.663585054538355
2459291 zr 4.3273615674125905 17.07441283906686
2459291 zr 4.596379392096707 8.717660765955925
2459291 zr 3.9035519210767786 8.25016185126196
2459291 zr 3.8624751035493663 13.323249049477438
2459291 zr 4.463377530488916 14.303685358532357
2459291 zr 5.11215990381117 18.564455665962306
2459291 zr 4.469427607212351 12.372732646965833
2459291 zr 4.121544187138969 5.205787254643143
2459291 zr 3.7365885349316454 8.680321762815668
2459291 zr 4.001842206220735 6.124558979603395
2459291 zr 4.027726387486256 17.960803218956645
2459291 zr 4.926980528982091 8.125122155293072
2459291 zr 3.5815060828158227 4.787155811565426
2459291 zr 3.4523369035596474 9.177401662094839
2459291 zr 3.6955176166162995 12.408547222079815
2459291 zr 3.7297118201172275 12.099303838984145
2459291 zr 4.2024245688376665 8.478505902369845
2459291 zr 3.4650792405835933 15.325388242610252
2459291 zr 4.2327555093244715 7.529025643193273
2459291 zr 5.328493369587966 5.851942316274083
2459291 zr 3.9985260232203896 9.25874951976812
2459291 zr 3.357606252615854 9.610707589571097
2459291 zr 3.784998337674992 5.183335790984264
2459291 zr 4.454673401291971 7.358699287804312
2459291 zr 4.323377755012775 12.148291923063837
2459291 zr 5.274320734588457 17.11188113937716
2459291 zr 6.008294605521237 8.41146435629105
2459291 zr 4.422457039324997 14.048612669439427
2459291 zr 4.283740789505439 4.33338720462794
2459291 zr 4.3273615674125905 5.3896602145628325
2459291 zr 3.932420580019029 11.44228698884646
2459291 zr 3.9834554114580913 12.085794439428721
2459291 zr 3.869596602755186 10.42520062151654
2459291 zr 4.022307575501994 5.843562966316743
2459291 zr 4.6328891306924795 12.090260879881008
2459291 zr 3.899958272082054 11.91537996530473
2459291 zr 3.6683881080812086 8.528573211672247
2459291 zr 4.183116181832171 12.205987501735024
2459291 zr 3.4746668480193597 7.6230134884628935
2459291 zr 5.606422016810483 11.100338192888348
2459291 zr 4.788294417444305 13.611777993114961
2459291 zr 4.241309124618985 11.252024568078715
2459291 zr 3.4555180881204515 13.552090887676886
2459291 zr 4.007427675322081 9.477104458974253
2459291 zr 4.027726387486256 11.518826903256603
2459291 zr 3.6094575422745763 8.645997753316014
2459291 zr 3.3862044074595774 7.864205991366029
2459291 zr 4.091287135271596 8.035470575452633
2459291 zr 3.659670098445327 6.016865841421082
2459291 zr 3.6361512307053196 8.267370370985068
2459300 zr 7.175625435097492 5.819993062637288
2459302 zr 7.159752486725294 8.809996527602946
2459307 zr 3.816587968752661 10.758778485445768
2459309 zr 4.091663659013656 9.606233239762542
2459316 zr 2.6931189133349855 8.505359508007649
2459322 zr 4.607357450827268 14.713452346063967
2459324 zr 4.2429080763804965 11.665538827783342
2459328 zr 6.152983998504263 5.273146511484848
2459334 zr 5.624755551387202 10.518841017412573
2459336 zr 3.5632142589365468 9.713187347899572
2459339 zr 3.0487458606732942 12.218657676310393
2459341 zr 3.3360285980038067 11.537922583124681
2459343 zr 2.8637290469382255 8.01310199855504
2459345 zr 2.9766051147386685 7.861618820931348
2459349 zr 3.0235783271053953 9.795290140120958
2459352 zr 3.1617287603267767 6.357691361640323
2459358 zr 8.243088374277939 15.848961978190552
2459361 zr 8.178875897168128 13.969694841399363
2459363 zr 4.819265423862606 9.237745654334624
2459365 zr 3.878465746946751 9.834657860596293
2459368 zr 3.001381654665551 10.308892715572108
2459370 zr 2.9035674863555183 10.548052156747508
2459376 zr 2.887566033819661 13.80091595144981
2459378 zr 3.253303719859237 10.739810597166727
2459382 zr 4.272675661829921 0.9935086636140511
2459384 zr 5.121585529017546 4.0820372064477235
2459386 zr 7.448553359331455 13.222264494772524
2459390 zr 6.364589302563405 17.798771067947918
2459392 zr 5.958695864569792 10.599221704663247
2459394 zr 4.681832465019123 7.5489263011193595
2459401 zr 3.1501019516320476 4.813431467498367
2459405 zr 3.401181161671021 4.013626636475875
2459407 zr 3.1298578232885004 11.03081582087152
2459409 zr 3.401834416844192 11.35317464525157
2459412 zr 4.770686144443692 13.011356774844405
2459425 zr 4.279797134830642 11.096070988446195
2459434 zr 2.9848411518823963 11.060562515421308
2459438 zr 3.7676078499882055 13.99164359849219
2459440 zr 5.507652562232708 8.52881842510196
2459449 zr 5.66611683700127 11.92325313982569
2459450 zr 7.2189150845491525 3.649340763688441
2459452 zr 5.602346593606766 6.20376327624889
2459465 zr 4.8839361018365635 7.267895220703074
2459467 zr 4.492246952895436 10.188696237913216
2459470 zr 4.810396180266436 12.111879584541864
2459491 zr 5.497516429872052 8.906219536052834
2459491 zr 5.247711768130325 4.906027058644857
2459491 zr 4.926980528982091 5.708662091663507
2459491 zr 5.065016284345389 9.155544602654796
2459491 zr 5.11215990381117 -7.098540891066159
2459504 zr 13.707063931327045 21.31124671932443
2459504 zr 11.770438814677187 16.38305634847594
2459504 zr 10.733738724131086 1.46262208651086
2459504 zr 11.230803835606487 12.919442443065147
2459505 zr 11.912839361429707 -22.242304674866293
2459505 zr 10.843038996020965 11.453823465638182
2459505 zr 9.861892806212682 10.266897569669917
2459505 zr 8.021805081594566 17.64753728073001
2459637 zr 5.337852096091593 0.9637320259466741
2459641 zr 3.3121742054808947 -2.798604808848973
2459675 zr 3.1998130830206812 4.214230782287425
2459677 zr 4.171573758467908 -2.9225614069399035
2459679 zr 3.3830870337674166 -6.204446303561451
2459683 zr 5.104697053630478 0.14357864145177257
2459694 zr 4.160063183976908 3.2811146665870643
2459696 zr 3.3924477750806026 3.620339080194858
2459700 zr 3.179249486120438 3.6581601650678808
2459709 zr 4.544142136721041 -6.663550075489016
2459709 zr 4.095057085839019 7.631672784573668
2459713 zr 8.366232363664341 -0.04068988401341689
2459719 zr 4.241309124618985 1.1677924794199654
2459719 zr 4.894447258516881 1.9584394960623999
2459725 zr 3.095455818947574 2.6571703731093144
2459730 zr 3.0487458606732942 5.259110524097597
2459732 zr 3.0459391546991283 2.8630499973961014
2459735 zr 3.109743793823885 7.096933773833672
2459737 zr 3.2331791163779102 -1.9880074140174173
2459741 zr 6.604801358796643 1.5953146807497403
2459747 zr 4.3281263130912 2.5546103987097064
2459750 zr 4.311733471836011 2.878456774326839
2459752 zr 2.9520331062580922 -0.6161997745405451
2459760 zr 3.089759027157808 3.8401118208806113
2459762 zr 2.9848411518823963 -3.8075957119682213
2459766 zr 3.0235783271053953 0.2789105832212453
2459773 zr 7.132995224717738 -1.6013668787196162
2459775 zr 5.0300230277926 -4.513260160649662
2459775 zr 6.660616711984958 -1.563137784388852
2459777 zr 2.882251836675183 2.116699253384186
2459779 zr 3.2691117377759578 0.2198556835431792
2459783 zr 3.366896490569701 -1.2510022774980958
2459786 zr 3.1327418568179892 -3.7999846290767563
2459798 zr 5.461395812631313 3.3527158399883157
2459806 zr 4.602811438146003 1.462116861540864
2459808 zr 4.013284306554313 -5.676186001763672
2459810 zr 3.858919270284279 -8.01835630654651
2459817 zr 4.214052354018604 6.539684432103208
2459828 zr 6.648921711614506 9.6848997566866
2459856 zr 7.149987335872322 -2.283952476037553
2459856 zr 5.9918636252776185 4.854422893400676
2459856 zr 6.676831011569621 1.5270767542156065
2459856 zr 6.551103226512729 -1.4009172222674229
2459856 zr 6.663432595992271 1.319696180124141
2459862 zr 11.614269945422073 -5.552454615240573
2459862 zr 11.23521053470887 -1.8247058285349842
2459862 zr 10.605985271452543 -17.7607972085716
2459862 zr 9.927374954202346 3.4044509267436993
2459862 zr 10.51988135131291 -1.590519310704474
2459937 zr 7.232659319430658 2.671984859311054
2459937 zr 8.81718437785021 -10.419809808849788
2459937 zr 15.276536699646654 -37.68947331464634
2459952 zr 9.427069994067613 2.3309061006678293
2459952 zr 8.183327318027311 1.0161667389330296
2459952 zr 9.103644406269433 -4.347488367406211
2459952 zr 11.890082759779386 16.133430138485874
2460016 zr 6.538615289450051 10.069133055099226
2460021 zr 3.5947251743574085 -8.409264769676737
2460032 zr 3.5687257183212084 4.9684568461589995
2460043 zr 6.324988797117824 -5.305932779829656
2460045 zr 4.224965662450857 2.8170651166462455
2460051 zr 3.081233491352731 -0.5036055532810889
2460055 zr 3.366896490569701 -1.3374694987578315
2460057 zr 5.4312982632249405 9.840134954270598
2460061 zr 3.599498008458804 -4.001754664120188
2460063 zr 3.2175448531592292 -5.0139804788144025
2460067 zr 8.6866671200484 -0.08815921864108496
