jd filt fluxerr adjflux
2458203 zg 3.8440868217797597 0.6383219584100992
2458203 zg 3.9736827220426125 1.5763683644341135
2458206 zg 6.070832005267484 4.351320035308248
2458206 zg 5.78549321842993 2.030263247316249
2458233 zg 4.688062141735766 6.081859710473914
2458236 zg 11.216561983347116 -0.7116988114349816
2458236 zg 13.223166002158774 -18.775520421725478
2458236 zg 12.335419986338021 -4.48608581117076
2458267 zg 12.159730367922373 17.56731574990755
2458270 zg 5.855322906350496 10.209988243404865
2458279 zg 2.0365352686533105 -2.341835797724162
2458282 zg 2.3120668141712906 2.0033663649064053
2458288 zg 3.2182658111757125 -5.347433112551119
2458294 zg 6.906831897090641 4.322286364772626
2458300 zg 2.364521793793448 1.0253983126186554
2458305 zg 2.997505013590941 0.8699257589690674
2458308 zg 20.435504552285966 -8.042390017593203
2458332 zg 3.203993595077868 -0.2195028285752656
2458336 zg 3.0541798959762616 2.959654522379072
2458349 zg 9.136789932636301 6.327892447700954
2458488 zg 2.9247694599959377 -2.5696094386584143
2458493 zg 3.135359175660313 0.9475546392268122
2458494 zg 2.445339446488406 -1.4094696841503733
2458495 zg 2.3254237340269315 -2.433197075690405
2458540 zg 3.347046605038528 2.6008582887598024
2458540 zg 3.4575878593116642 1.4705984468680242
2458544 zg 7.292004687290677 -2.7503238961723326
2458544 zg 7.418792028894522 -5.7065033489444055
2458558 zg 3.5341688870008605 4.526084741801785
2458568 zg 4.471732953872753 9.595123759823373
2458568 zg 4.149284604083134 7.203424389705646
2458573 zg 2.811174409231622 -1.0989794995967515
2458574 zg 2.3417316380802586 -1.5042596061458013
2458581 zg 2.923135116866085 -0.5159077330710531
2458581 zg 2.8008634456632637 6.982420091000407
2458582 zg 5.077539356948966 0.10532099594512445
2458584 zg 3.684624096890023 -0.5159077330710531
2458584 zg 3.623430633128913 7.939695712516723
2458585 zg 3.3133076224439684 2.3005989861809724
2458588 zg 5.176509746405362 -4.339260570589111
2458588 zg 8.529216884676204 -9.204592557841707
2458597 zg 3.2401390205831198 -3.4162668054731817
2458597 zg 2.8994251291167066 -2.59227163220336
2458598 zg 2.256939677558414 -5.307167715495979
2458606 zg 2.0351288736088278 0.4340574569658173
2458617 zg 5.910908123767679 -3.3285339699692074
2458633 zg 2.3734121538233395 -0.3434031169082701
2458633 zg 2.275253455097665 -0.9060525496797105
2458634 zg 2.3565337453971793 -0.8090546867631616
2458635 zg 1.928236403225588 2.3005989861809724
2458636 zg 2.023179544398177 3.3227726041324352
2458639 zg 2.4532648613081105 2.409432378401309
2458642 zg 2.4888594970433404 4.235345626889043
2458645 zg 5.1040381145598 -3.196327188700053
2458649 zg 10.45058298980563 -1.4569082975079617
2458652 zg 6.087791616114965 7.972062674989985
2458661 zg 2.5497764211544047 -0.045081045797555674
2458665 zg 2.6259993490551 -1.2666284045794889
2458668 zg 1.974826835992137 -0.045081045797555674
2458677 zg 6.00563613423456 14.08311259732207
2458678 zg 7.675380719198233 1.5498893421993394
2458679 zg 10.569773796967857 15.317545889965615
2458680 zg 7.5785827318002 -6.195438804554232
2458680 zg 7.563257241962203 0.0049606462549824926
2458683 zg 4.563998750889196 5.41454293987622
2458683 zg 3.0002670895228394 0.895778223103143
2458686 zg 3.8048412408567653 -6.001214549676206
2458690 zg 2.9858071907222024 -0.613983602296404
2458716 zg 3.842861962965032 1.3915263379730867
2458720 zg 4.5859611982246795 1.7624059614028873
2458726 zg 5.663928813753762 -0.9060525496797105
2458853 zg 3.040224467767847 -1.1949112051703175
2458874 zg 2.107182256694098 -4.756262500397831
2458882 zg 2.5883904126831347 2.7107999173240707
2458887 zg 7.5232175023403975 -11.56807642245053
2458891 zg 7.7126157161256454 5.1454231210327706
2458896 zg 3.35746846265344 1.9764942440357771
2458900 zg 2.3368443295605954 -0.1946542274763452
2458904 zg 2.1463074625680267 -1.0026937167248668
2458911 zg 2.6827510432348536 -1.4094696841503733
2458913 zg 2.4630524675345864 0.38322606693945716
2458914 zg 2.302659818313136 -0.5894984987883447
2458914 zg 10.601916617397139 27.36784969203471
2458939 zg 16.0410496396317 -13.558290670777255
2458939 zg 11.17611492428275 1.3652174831592774
2458940 zg 3.8784195269167836 1.6559519169828079
2458941 zg 2.3756385957913113 -4.360293605578089
2458943 zg 5.038580511412031 -4.673475496437057
2458943 zg 4.735513937963163 -1.218838959677349
2458944 zg 7.538255148134787 2.9041750929466694
2458955 zg 2.7066090787251635 3.7471933867647103
2458963 zg 2.244710187851775 7.1401348428778455
2458963 zg 2.500390235348363 -1.575123224144388
2458963 zg 2.4089133672069116 2.8764736785390497
2458964 zg 2.668713354838804 1.7890808088443058
2458965 zg 2.0549092832258786 1.7890808088443086
2458966 zg 2.3709138918741184 4.206418723555492
2458969 zg 7.645376586228145 6.4206231015045265
2458972 zg 4.7377065255364705 -1.074941299592826
2458980 zg 6.0207170152814244 4.090977169144598
2458992 zg 2.1443207901452093 -1.8799463238524379
2458995 zg 2.2585503800664317 -1.0989794987205395
2458998 zg 2.0275894429510735 -0.6628862039123583
2459001 zg 6.260166341067973 14.007161868190154
2459012 zg 2.0977051207942266 -1.8799460996069435
2459016 zg 2.145816864092909 3.070921188591616
2459019 zg 2.2391951025096835 0.1304706948717842
2459022 zg 2.0916640666296096 -1.6692997944281736
2459025 zg 2.374791764800671 -0.04507146177472085
2459028 zg 3.756810280584993 0.5615678036203114
2459033 zg 6.882041622823357 3.6903428572158883
2459040 zg 2.2979704429066636 0.5364326765075697
2459043 zg 2.5417751154192785 0.6904864117393967
2459218 zg 7.49782493891364 35.12389994079117
2459229 zg 2.4628036158255853 20.151382552113798
2459232 zg 2.3015771340492 17.79746070677094
2459250 zg 4.460552276516574 18.927701899063447
2459253 zg 2.1768132965191316 17.241253194009364
2459255 zg 3.5950559183976267 20.680427763739978
2459257 zg 2.1666123532131283 17.82199022853913
2459269 zg 3.940325473921622 10.038896242511374
2459279 zg 4.3093444660692075 16.317923575410255
2459290 zg 2.257822290293003 14.479359991003788
2459295 zg 4.5917866176723825 5.552106684825489
2459301 zg 12.472101950449199 13.216456471339319
2459302 zg 12.701331741438194 34.076952783870446
2459305 zg 6.921729079534934 29.710010493971087
2459307 zg 3.2089275965793234 16.93873577390682
2459311 zg 2.320734904582554 13.216758152210796
2459313 zg 3.874660247832674 13.730596427266269
2459320 zg 2.23427755917397 10.735176080289088
2459322 zg 2.5712441775204113 16.809217608371206
2459324 zg 2.7700946856314204 13.373264802164783
2459334 zg 2.649348888740331 13.470965951864763
2459339 zg 2.35279777660375 14.33540040959719
2459343 zg 2.1628240071465084 12.111784267380118
2459345 zg 2.2058952092498965 10.781055953644875
2459348 zg 2.1150510522102324 11.907492273220555
2459349 zg 2.1542185252021255 10.268818553822609
2459352 zg 3.6622124563909604 5.973997960431415
2459352 zg 3.534663148460188 6.894219176625079
2459353 zg 3.430038962120277 8.088395123256202
2459356 zg 6.333511922447866 4.068927368175796
2459356 zg 6.702349337673677 -2.307548029641209
2459363 zg 3.76478325018908 7.586460134541708
2459363 zg 3.8615684107455235 6.412270900021481
2459366 zg 2.1544842384076315 9.806459254045237
2459373 zg 2.2046742941295983 10.404402071533415
2459375 zg 3.032361788401263 7.583015671723009
2459377 zg 2.576862396530058 10.28935498608105
2459383 zg 6.085549928120271 11.04777676015879
2459387 zg 12.32205928703796 16.359244862590913
2459391 zg 3.8236299977660932 14.53886448056046
2459393 zg 5.423729059372932 12.308705312750533
2459397 zg 3.5962418471453437 15.67080854816909
2459400 zg 3.1612712349632908 10.880299550855755
2459402 zg 2.693231362815431 12.81799719959804
2459408 zg 3.4932117131305875 16.620883302640394
2459410 zg 4.440927235677666 8.443269754394729
2459415 zg 11.186385298162646 14.503786168162144
2459423 zg 3.158438857622081 9.139997763804011
2459425 zg 3.956886288977745 14.157400831063134
2459427 zg 6.232313042314617 4.803717279787607
2459430 zg 3.6805430220594038 12.906787943730617
2459435 zg 3.137475711321069 11.6677918944581
2459600 zg 6.771075828366363 5.449839086366793
2459675 zg 2.212998986353565 4.950346873616906
2459677 zg 3.9418313512959116 1.3479266097607545
2459679 zg 3.515701076424979 6.8306499956996065
2459682 zg 5.446255848728722 10.834733781555569
2459699 zg 3.108255631664019 0.32036185431917197
2459699 zg 2.887510778931626 1.3244788632053268
2459700 zg 2.8986766311713184 3.3964450513183753
2459701 zg 2.6508425694920015 0.4082498717840739
2459711 zg 6.439271296359614 1.9863668922840128
2459712 zg 7.691109801320104 2.3133475375940575
2459712 zg 8.096953308532417 9.961908398078116
2459717 zg 7.632034140160668 2.821876914419199
2459723 zg 2.4901745058133704 4.5256191046334315
2459730 zg 2.5481401019797687 3.0787029567273763
2459731 zg 2.9346743633016836 3.1437157825045374
2459737 zg 3.389443718563952 9.373785837486619
2459743 zg 8.678013231725194 -4.697782343177542
2459749 zg 2.8251745233437884 -0.9161471875478511
2459749 zg 2.8066220717099597 1.3126749950918097
2459751 zg 2.8576418284995415 4.738715486010709
2459755 zg 2.936295565936293 3.1509657541597558
2459766 zg 3.3642761689093286 3.6385570146784354
2459770 zg 6.5325317977927835 8.584099203720065
2459770 zg 8.29290384807871 -11.961113974834147
2459782 zg 3.190401062370548 1.8221014552186299
2459787 zg 4.247228728111982 11.442461468914281
2459791 zg 6.966906990226251 -2.1183386905925734
2459970 zg 3.602411826816867 -0.45695562322185523
2460016 zg 6.7582328859549925 -7.097376458422684
2460021 zg 3.4062167041088176 -8.358159183739936
2460032 zg 4.322132129569604 1.179577776300184
2460043 zg 7.033927522640242 -19.088965945814355
2460045 zg 3.037632762380905 5.405080537753582
2460049 zg 2.7088495037582168 5.304458366534822
2460057 zg 3.004690675887658 2.021955417848235
2460061 zg 2.684884974388769 0.6330283654142802
2460063 zg 2.863687899632464 2.4243545383633665
2460065 zg 6.894440902172676 20.70811677128996
2458217 zr 3.1206991830327615 -0.06741806097113567
2458218 zr 3.6583522980143246 -1.4239592138491872
2458219 zr 5.174455047746993 -3.8032719628702836
2458231 zr 4.179129083219513 4.7186462881151385
2458243 zr 4.408739544351944 0.42131567365116496
2458246 zr 3.781686520554171 2.099946857129936
2458256 zr 3.678778613065933 2.00047460649553
2458256 zr 3.0367977489154336 -6.036443132989859
2458256 zr 3.252759150368498 4.413278430765871
2458262 zr 4.889584245887071 0.22555205421441826
2458270 zr 6.189875343135061 -0.9414869886928017
2458273 zr 4.195289356642735 7.924017813309504
2458279 zr 3.3053379412419694 2.7988238137262442
2458282 zr 3.037131686109117 0.42131567365116496
2458288 zr 3.813164363081384 2.999331943431798
2458305 zr 4.811407103401525 -3.520638667757794
2458336 zr 4.10285138106575 2.698708169966409
2458462 zr 5.816538652357192 8.871881055436916
2458462 zr 5.786710608088378 -2.9530238400395206
2458465 zr 8.52203515199283 -4.272595480441069
2458465 zr 4.982698607371804 -7.588670323068229
2458466 zr 5.069647911927758 -2.095698457797326
2458466 zr 4.691070213354425 -4.085125391250116
2458466 zr 6.042480890064423 -5.019032032937375
2458466 zr 7.88473220806333 -0.2622822282786075
2458468 zr 4.344246328165252 -1.1347425435751433
2458468 zr 4.486866689820428 -4.459720554833126
2458468 zr 4.878713021888601 -4.085125391250116
2458469 zr 5.9216465042567235 -3.8973096511350604
2458469 zr 4.7768671838579 2.099946857129936
2458469 zr 4.67673935416408 -0.16489501375416182
2458469 zr 4.396021022473596 -2.1913081553327345
2458472 zr 4.704332490110102 -1.712377851960568
2458472 zr 4.565199495728416 1.8018047463730085
2458472 zr 5.0292737162972365 -0.9414869886928017
2458472 zr 8.113058380041819 -5.852225165643489
2458477 zr 6.110168392872096 4.616763236556878
2458487 zr 4.14844928950871 3.906203293326598
2458488 zr 3.7643112492848547 1.6035005127986182
2458494 zr 3.5261733028575692 -2.477609456519758
2458504 zr 11.506034832116233 9.721047644692703
2458509 zr 6.469238750977895 11.114358034072424
2458509 zr 6.69284614623756 0.9123053006942428
2458523 zr 3.4180691611673617 3.2002097631540636
2458540 zr 4.21264250512402 -2.000000659910313
2458543 zr 5.715636729866596 6.880010684932614
2458560 zr 5.4734936481705105 2.099946857129936
2458573 zr 4.01578436505245 -4.553153909949458
2458573 zr 4.008358305198468 5.6398287941310485
2458583 zr 3.9405960735286847 1.010774848668575
2458584 zr 3.9533615674767324 4.108753171359908
2458584 zr 3.867993945871814 -3.520638667757794
2458585 zr 3.4735213554455346 1.8018047463730085
2458586 zr 4.534927877429147 8.555053226159387
2458597 zr 4.2909613766700465 -0.06741806097113567
2458597 zr 4.15484288310189 -3.4262538928821584
2458598 zr 3.130859817610091 3.7040261825201526
2458601 zr 3.0833525424603594 5.6398287941310485
2458606 zr 3.164112433136072 1.405561232884608
2458617 zr 5.043189329398988 -0.6509353549239734
2458628 zr 3.6281524360149575 -2.2868298336232016
2458632 zr 3.4750938349858793 -9.205928693586102
2458633 zr 3.355682368076101 1.2079862349794723
2458633 zr 3.1623932097049456 -1.904214680491279
2458634 zr 3.2140446611423834 3.099724599468658
2458635 zr 2.6330899356838926 -0.06741806097113567
2458636 zr 3.1920054395996704 5.84557507144082
2458639 zr 2.901749780642776 6.5686790001809925
2458642 zr 3.006516715603243 -0.6509353549239734
2458645 zr 5.251648963081832 -0.35957978715777017
2458649 zr 10.053561793075408 -8.490456271749892
2458655 zr 3.644899226757649 -1.8083404382850858
2458658 zr 2.745743475429227 0.5193327951489692
2458661 zr 3.2794757940781016 -7.043598500318296
2458668 zr 4.006371514391257 -2.3822635736997313
2458677 zr 6.6644327872499804 -9.472874634684445
2458678 zr 5.632428518379068 7.296460013173856
2458679 zr 5.571266593250261 -3.4262538928821584
2458680 zr 6.1841768818992495 -1.0381592648667066
2458681 zr 7.060326563263428 -0.9414869886928017
2458682 zr 5.288468507534048 -6.952459986088911
2458684 zr 5.030368342262489 10.254962884159625
2458685 zr 4.737433931401554 1.2079862349794723
2458686 zr 5.196249024057608 -5.204783386019059
2458690 zr 3.868672089459413 -0.9414869886928017
2458693 zr 6.520690968823495 8.239099616191325
2458716 zr 5.650061555343874 -3.70914762279574
2458828 zr 8.514189681079154 -4.366201104774632
2458828 zr 8.17305838006422 -5.111950480304742
2458828 zr 6.403468619484112 1.010774848668575
2458874 zr 3.453062425349352 -1.8083404382850858
2458878 zr 3.1230637252743896 -6.220322070653381
2458882 zr 3.1987540295163233 -3.8032719628702836
2458886 zr 3.7128179324739787 2.999331943431798
2458888 zr 4.998871042673265 2.5986846936707337
2458896 zr 4.264954896648357 -3.0478442752416726
2458899 zr 2.830239472589132 -3.520638667757794
2458899 zr 3.279297711789097 -1.2312369067500981
2458900 zr 3.4038465501456328 -0.35957978715777017
2458904 zr 2.9462094811415613 -2.763120769888019
2458905 zr 3.470323596896519 1.702606968351816
2458905 zr 3.2509917606611647 1.010774848668575
2458908 zr 4.710421391810822 5.229471492031493
2458908 zr 3.2149185407236365 -6.220322070653381
2458912 zr 3.404894445753668 -6.036443132989859
2458913 zr 5.415209781831838 -15.49673899304311
2458916 zr 4.271401388731927 1.9010939310115589
2458916 zr 4.103122117914347 -6.952459986088911
2458941 zr 4.091285254361586 -9.383974597158527
2458944 zr 6.449870866616866 -4.459720554833126
2458954 zr 4.620320526835672 -7.588670323068229
2458954 zr 4.716282238548027 2.999331943431798
2458955 zr 3.833203890551449 -1.904214680491279
2458956 zr 4.383891133282384 -2.477609456519758
2458962 zr 3.3705723439136044 -7.043598500318296
2458964 zr 3.4388708739447686 7.192203800482588
2458965 zr 3.3420725150345603 4.00743159351336
2458966 zr 3.037131686109117 0.42131567365116496
2458966 zr 3.2300992640191106 0.32338878769689927
2458967 zr 2.8802035653735314 -1.712377851960568
2458972 zr 4.408739544351944 0.42131567365116523
2458980 zr 3.860152209950688 10.469218387516584
2458986 zr 2.9583660319440757 -5.575261166266606
2458992 zr 2.961092042935739 -5.482769640383885
2458998 zr 3.028751364308269 0.12780539021918166
2459001 zr 5.703348667830679 0.8139264048023143
2459005 zr 8.544803908348449 -14.995489747374542
2459012 zr 2.695628009063187 -1.4239592123439906
2459016 zr 5.4238200547353985 7.296460018922268
2459019 zr 2.826595236785439 -6.9524599707916535
2459022 zr 2.947487060814736 -5.9443765272657645
2459028 zr 4.652345218730594 -4.926027713220613
2459033 zr 6.968687981132138 3.704027276605038
2459037 zr 4.1588224961688685 -0.9414836017818147
2459040 zr 3.222410366356536 -3.0478365756423402
2459043 zr 3.536750549746538 0.7156551918133551
2459194 zr 11.19726350539101 2.9399184262978313
2459194 zr 8.300455563957069 -1.9177364654905258
2459194 zr 6.175126581881584 9.545431997269313
2459194 zr 5.696950925595972 6.141940517558803
2459194 zr 5.818777675663491 11.529369528344214
2459195 zr 5.969679559289795 1.8437535677178456
2459195 zr 5.583287042479663 16.15859833495218
2459195 zr 6.925361980563192 27.26006245128034
2459195 zr 11.040377828212529 9.493230808720375
2459196 zr 8.548180091129307 3.5381255042750226
2459199 zr 10.63714079628027 11.74836390912641
2459200 zr 10.431049459246728 23.21590879423067
2459200 zr 5.886702728881672 32.97262042945867
2459200 zr 6.956591978220937 4.484566785384402
2459217 zr 6.877741747889537 19.951488757844075
2459219 zr 6.409369148915897 13.773045369937238
2459228 zr 3.6854075868684912 11.591470996052774
2459231 zr 3.2093410329944536 11.745529995821341
2459253 zr 2.9598085662227285 8.857389216999172
2459260 zr 6.8014258698404415 10.397987529306201
2459264 zr 3.1149559340497106 10.430484532393255
2459264 zr 3.267415987381451 3.2854524616608423
2459264 zr 3.197539136925755 9.944891644829898
2459264 zr 3.1799176175460615 9.365124324424432
2459264 zr 3.2629909466715743 12.09832799355647
2459264 zr 3.1161321623264175 7.266512867789704
2459264 zr 3.0356514665381655 7.739742920632342
2459264 zr 3.1276335908754618 7.64492248543019
2459264 zr 3.0793823965276683 12.593860691683421
2459264 zr 3.189927745081009 6.607641369421746
2459264 zr 3.0665631124411594 8.788552080180583
2459264 zr 3.20343464998765 10.138860492615468
2459264 zr 3.241678743879737 5.30257387325452
2459264 zr 3.006516715603243 10.041831405747889
2459264 zr 3.1478633327359877 8.31050318697213
2459264 zr 3.258400244811997 3.0135436249820664
2459264 zr 3.187512578576418 12.892277527968634
2459264 zr 3.2737982126609446 15.819884930346209
2459264 zr 3.3550859707068303 3.1947326908673297
2459264 zr 3.1869910656500378 6.513863158246043
2459264 zr 3.231502004917095 2.2023104889219702
2459264 zr 3.1987540295163233 6.889494797801579
2459264 zr 3.374461128335333 6.513863158246043
2459264 zr 3.1218775799988556 7.455543412590405
2459264 zr 3.1611995195398324 11.999495001282416
2459264 zr 3.2267845829711788 4.840541595028373
2459264 zr 3.170808204691148 3.1040964376036335
2459264 zr 3.2659976568251725 12.197252056313292
2459264 zr 3.1711433082011276 9.076439920559512
2459264 zr 3.0552862619073324 8.40593692704866
2459264 zr 3.0624120345542125 11.999495001282416
2459264 zr 3.0552862619073324 8.40593692704866
2459264 zr 3.013166869820984 13.79249136014052
2459264 zr 2.9638205658329024 5.30257387325452
2459264 zr 2.9829907541639837 5.953004108350985
2459264 zr 2.8855139859855834 9.172579439411255
2459264 zr 3.082219919055241 12.693241367167392
2459264 zr 2.9734704218286088 8.884426322386776
2459264 zr 3.0440508803905586 8.024728786828906
2459264 zr 3.058101580851197 8.501458605339128
2459264 zr 3.249232929654397 8.501458605339128
2459264 zr 3.360237492935787 8.980388908711294
2459264 zr 3.219443783099088 7.5501893428701585
2459264 zr 3.1250978692744966 14.194987913582313
2459264 zr 3.0705478443621916 5.766738795578608
2459264 zr 3.123368195432786 17.780810327776297
2459264 zr 2.9762103508859825 8.980388908711294
2459264 zr 3.219970606524098 13.993554280401373
2459264 zr 2.9165110269119414 6.889494797801579
2459264 zr 2.957083736812594 8.31050318697213
2459264 zr 2.8648370645829733 11.999495001282416
2459264 zr 3.010592027780069 6.889494797801579
2459264 zr 2.947487060814736 4.748390193603843
2459264 zr 2.9940007669728894 6.32656565589723
2459264 zr 3.041248496662257 7.929645990783843
2459264 zr 2.9800474805106467 12.593860691683421
2459264 zr 3.0745449439724295 2.92307417618672
2459264 zr 2.817235703417346 6.701505993309883
2459264 zr 2.9912444598802854 6.233046205838736
2459264 zr 2.915411931583926 13.892976523825926
2459264 zr 2.832847420296743 7.266512867789704
2459264 zr 2.9857394558107906 6.046265511288997
2459264 zr 3.0300647370344356 7.5501893428701585
2459264 zr 2.9882930424153913 12.892277527968634
2459264 zr 3.347880696556067 8.597068302874536
2459264 zr 3.0395960314651966 4.748390193603843
2459264 zr 3.4840591981413525 4.288904158096077
2459264 zr 3.552102796107839 6.233046205838736
2459264 zr 3.2060476537423375 4.197260599620936
2459264 zr 3.2837491493480973 6.607641369421746
2459264 zr 3.3404458011798903 5.487983374652803
2459264 zr 3.519683830451583 8.024728786828906
2459264 zr 3.361869460207077 12.09832799355647
2459264 zr 3.3992323090178203 13.291451454342596
2459264 zr 3.4799257150623695 12.693241367167392
2459264 zr 3.334117077306919 11.212099555820831
2459264 zr 3.556349459482311 11.999495001282416
2459264 zr 3.3263655432243437 7.929645990783843
2459264 zr 3.3110822818169683 7.455543412590405
2459264 zr 3.3132324579795775 17.15785955065103
2459264 zr 3.3355693405409443 8.215157304152104
2459264 zr 3.225379683196801 7.739742920632342
2459264 zr 3.407343116265775 16.847672743974943
2459264 zr 3.2659976568251725 12.197252056313292
2459264 zr 3.2046517825555285 7.077830209607075
2459264 zr 3.259987004525452 11.999495001282416
2459264 zr 3.208129621707654 13.591798470551215
2459264 zr 3.349688557486027 5.766738795578608
2459264 zr 3.3882072958482707 9.84804112762652
2459264 zr 3.3110822818169683 7.455543412590405
2459264 zr 3.255400528911984 2.92307417618672
2459264 zr 3.4277128271984774 8.11989919770696
2459264 zr 3.4227089721209496 10.91831881488628
2459264 zr 3.618292341956432 10.91831881488628
2459264 zr 3.641695697217495 11.605072061366105
2459264 zr 3.9187830357516624 6.046265511288997
2459264 zr 3.565213362149362 6.607641369421746
2459264 zr 3.6291459127058667 14.194987913582313
2459264 zr 3.449083059502106 5.953004108350985
2459264 zr 3.4236197697845943 2.562028485416665
2459264 zr 3.449883501496304 8.788552080180583
2459264 zr 3.558800582715553 9.172579439411255
2459264 zr 3.6015174682808344 7.64492248543019
2459264 zr 3.536750549746538 11.408404838118106
2459264 zr 3.513715026884189 2.562028485416665
2459264 zr 3.6786250640638363 9.84804112762652
2459264 zr 3.3527751558743657 5.859828562794366
2459264 zr 3.5390404423118307 5.859828562794366
2459264 zr 3.8114110229637133 5.673734727734487
2459264 zr 3.4277128271984774 8.11989919770696
2459264 zr 3.6523007794254982 6.420171280230793
2459264 zr 3.644899226757649 8.884426322386776
2459264 zr 3.9697386919377533 12.49457150704487
2459264 zr 3.7512014233591637 -0.5410215436452681
2459264 zr 3.8085698079983086 8.11989919770696
2459264 zr 3.8149230793590867 5.766738795578608
2459264 zr 3.6083084303816304 10.625348699700726
2459264 zr 3.5686475098881347 9.461529853921764
2459264 zr 3.7333925199379396 14.295843961065405
2459264 zr 3.703109344394463 7.834650728913122
2459264 zr 3.4088228291637397 7.5501893428701585
2459264 zr 3.396287367106958 7.172128092914068
2459264 zr 3.5075545156230596 10.5278717469177
2459264 zr 3.5790398664605747 4.380632162290997
2459264 zr 3.608157822743323 7.834650728913122
2459264 zr 3.4840591981413525 4.288904158096077
2459264 zr 3.470323596896519 12.395373729023678
2459264 zr 3.5917297590770616 10.138860492615468
2459264 zr 3.4562442784482372 8.980388908711294
2459264 zr 3.341719348961145 8.40593692704866
2459264 zr 3.1869910656500378 6.513863158246043
2459267 zr 4.745257241668546 16.624549841770985
2459269 zr 4.975076772064216 19.471337165623055
2459273 zr 11.563083537278263 33.81401916220559
2459278 zr 4.338649885419992 11.25387818101676
2459292 zr 3.1103973183627187 6.00949050061741
2459295 zr 4.060414635758665 6.09023679684174
2459297 zr 4.441638064403608 3.962436809447947
2459301 zr 10.957352921116554 -2.9706355217826363
2459302 zr 10.464673539029745 8.521448076167813
2459305 zr 6.516800489623994 1.486146125578065
2459307 zr 3.559433192229533 16.811161559209673
2459309 zr 3.6116333362033908 9.058723976404224
2459311 zr 3.2386944219609646 3.4781761634129147
2459315 zr 4.844756268069326 8.079327729646339
2459317 zr 2.7826822820119435 0.27062551444034355
2459328 zr 6.457054103612288 -0.17400850946038027
2459334 zr 4.6259377775465484 9.130985319025843
2459336 zr 3.1987540295163233 4.353845198194284
2459339 zr 2.5874126261222283 6.161421757024241
2459341 zr 2.9165110269119414 4.201948005861562
2459343 zr 3.174065384584142 6.425068734382149
2459345 zr 2.825530026474132 7.720846294579712
2459349 zr 2.6199917684120586 -0.09203286802795052
2459350 zr 3.4785994960683277 6.700738257783235
2459352 zr 3.7270613016623964 5.4896203695549834
2459352 zr 3.3427481183188332 -0.179150221311688
2459353 zr 3.608157822743323 4.793991031606988
2459354 zr 4.648341308136566 4.67036990975034
2459354 zr 4.853890289728966 -4.21909093758236
2459356 zr 5.850059424788584 -8.924675664742162
2459356 zr 5.970936855307699 4.518445669525738
2459361 zr 6.912335181359805 4.282817382726355
2459364 zr 3.4023645599081824 10.040828392530582
2459366 zr 2.9789528046737863 5.670796485347794
2459369 zr 3.041248496662257 4.442278669395011
2459371 zr 2.7919004379583003 5.72746744924069
2459373 zr 2.9598085662227285 4.81102834183442
2459375 zr 3.4007129349202208 6.587903175092226
2459377 zr 2.868557916593997 1.5091523347170908
2459379 zr 3.120188601529732 0.62741367515161
2459383 zr 6.77318057394869 -3.6094151362139124
2459387 zr 9.001009664526935 -6.142929944913959
2459393 zr 3.123574777256987 6.613902737858633
2459400 zr 3.533186285227279 -1.1759131560569207
2459402 zr 3.8119853186116934 -1.0425925407612535
2459404 zr 3.7729911425919025 0.28060303060558933
2459406 zr 4.445436824352889 7.576455928434799
2459410 zr 5.27824999479734 2.561214861762986
2459415 zr 6.397573522138844 6.9734479376878
2459423 zr 4.861196385504815 9.88899815410917
2459426 zr 4.829427922530009 -3.0332456946676265
2459427 zr 3.958785038575966 7.298268922545688
2459430 zr 6.227211530963367 8.828531898607796
2459637 zr 4.212795564602969 3.0521785180472216
2459641 zr 3.1857806406545186 1.4568544256086136
2459675 zr 3.166509869436901 -2.552301340796654
2459679 zr 4.068982159236198 4.04840288401796
2459682 zr 5.926731948098501 -4.731057076009979
2459684 zr 7.00486821157567 4.903471435968587
2459688 zr 7.987755980600334 15.024119235343258
2459699 zr 3.174065384584142 0.5636877246848844
2459699 zr 3.3804992660605873 4.084349652441022
2459700 zr 3.465003303557524 -2.196539843862393
2459702 zr 3.3110822818169683 -1.17671861706767
2459707 zr 4.09214693489357 1.8572401711014286
2459707 zr 3.942453103322178 5.827203369782017
2459709 zr 4.802552322042293 -1.7021594468858976
2459709 zr 5.69184649975906 -0.9460356641296781
2459710 zr 6.115265056428265 -1.8038146905874766
2459710 zr 6.262918087874348 -2.460263282550319
2459711 zr 7.224943003733148 4.991286570604546
2459712 zr 7.26968379823603 -0.11121832325324621
2459712 zr 7.481701554633212 -9.51065866165772
2459719 zr 3.452261245781226 -2.713563117569718
2459719 zr 3.6939055410833785 -6.19780014344205
2459719 zr 5.866468345617921 -8.951257625032396
2459721 zr 2.8961642187768346 0.7837167188758429
2459723 zr 3.6786250640638363 1.0593632154847394
2459726 zr 3.212298306988764 1.6204525778703462
2459730 zr 2.647681208449612 2.3739676073687193
2459735 zr 2.9884906902715906 -2.7330550514516156
2459737 zr 3.1670280308607732 3.3109505188124713
2459743 zr 7.563688742861773 6.7910330826266705
2459747 zr 2.8738468653579896 -3.5577171340746157
2459749 zr 4.008393825907853 -3.0129812087197085
2459751 zr 3.6221508729830068 -3.3981036684579022
2459752 zr 3.6088309273279315 -3.775353765863176
2459753 zr 3.249232929654397 -0.49029908706758407
2459755 zr 3.5917297590770616 1.1343612190490122
2459756 zr 3.1247542600667617 -1.460644885677426
2459759 zr 3.2152583059878053 1.4981749224356318
2459759 zr 3.1087145508721576 -5.015470315548646
2459760 zr 3.241678743879737 -3.733363356410198
2459761 zr 2.8802035653735314 -0.061765310009068486
2459765 zr 3.7511681817812588 0.10578967337067313
2459765 zr 3.449083059502106 -3.1137856576895966
2459772 zr 7.609918774887691 -4.820116371175084
2459772 zr 7.074274424718461 15.645760841613159
2459774 zr 6.885746335810801 3.970796923577638
2459775 zr 3.519683830451583 -1.102053195208701
2459775 zr 8.089787680443202 -15.663472638324766
2459776 zr 5.5859059401748645 -6.570629605205364
2459777 zr 3.7736526301188427 -1.9663840571303686
2459778 zr 3.9789321727498854 6.369045738289452
2459778 zr 4.5904975572072 3.947336421780414
2459779 zr 3.5075545156230596 1.3777172948810619
2459779 zr 3.349506662499382 2.5533871573037987
2459782 zr 6.704405561368958 -1.90094172685408
2459785 zr 3.020062069352752 -5.078859309881641
2459787 zr 3.8662107634135623 6.011882650713098
2459789 zr 4.792673000898199 -6.283996659737809
2459791 zr 5.807789157970224 -11.744574816576131
2459798 zr 7.72935619031492 -12.293911713102442
2459924 zr 8.890006954310904 -10.42661518728368
2459924 zr 9.169127348854474 -3.471830907241162
2459924 zr 9.699226997574277 1.3156858711846349
2459924 zr 10.111415152871242 -17.229414485245364
2459924 zr 13.719036580371471 15.066971264760305
2459933 zr 6.083169567131966 8.788633568161794
2459933 zr 5.675645812620353 -10.281895120489386
2459935 zr 5.455733894975198 -6.36748463419198
2459935 zr 5.870750428004219 -2.2844381550610513
2459935 zr 5.753789118716654 0.7907212017695165
2459952 zr 7.488364018358442 -4.770249618178034
2459970 zr 3.672439123703124 -14.577624271744142
2460016 zr 6.67360161590837 -3.264445923349798
2460032 zr 3.424288793270053 -18.89230833929193
2460045 zr 2.9965614191549914 3.0662486540337914
2460049 zr 3.012060028072195 0.10223765962064912
2460051 zr 3.1723481717989648 -4.091663253603078
2460055 zr 3.3540534042325185 -1.3576576939445408
2460057 zr 5.726584702061935 9.7320484688583
2460059 zr 3.7160840268741735 0.7639516263691941
2460061 zr 3.6154847660955354 -4.7631641933445845
2460063 zr 3.6979575399300946 -5.044897258327417
