jd filt fluxerr adjflux
2458207 zg 7.923090454339815 -3.3954390204595284
2458207 zg 7.1829348762531975 -6.868755080598093
2458210 zg 9.226676230873604 -13.651030870894846
2458231 zg 2.857339995612255 3.7401138850415165
2458234 zg 15.336322187219238 12.6439971318079
2458234 zg 9.320630280491667 -0.4694817017341273
2458237 zg 11.513885640601531 14.16279620895642
2458244 zg 6.4825285535507575 -1.7937246997144687
2458247 zg 2.1410321248458724 -0.20690145320764508
2458262 zg 4.9957416246403685 9.616954442938734
2458273 zg 3.5651017820469093 8.486902731472531
2458279 zg 3.584857800189103 0.039197998735891304
2458282 zg 2.838977301807263 4.418702552655346
2458300 zg 6.4349390594750915 -2.1200986054970903
2458306 zg 2.8547094997944966 5.02928123251061
2458331 zg 7.2360561620307555 -6.716570211056911
2458334 zg 3.5552646385595286 6.964161186328405
2458337 zg 2.833752526029404 3.698842120355829
2458344 zg 3.584857800189103 1.6060687483717748
2458347 zg 4.274183656367943 -1.900176819616032
2458569 zg 15.224110398599883 9.643626553775562
2458573 zg 2.8442117108476226 3.101549823705968
2458577 zg 5.683186602120623 6.348201244195353
2458581 zg 3.5651017820469093 1.5142703612809383
2458584 zg 2.873173950501279 6.749568586176442
2458592 zg 13.5224545336045 17.473645641999095
2458617 zg 3.5324167324462143 6.545969125375549
2458633 zg 2.8547094997944966 9.187121294739292
2458639 zg 2.8626082611580523 6.728245843204062
2458642 zg 2.144979686491697 5.266756030434503
2458645 zg 4.972788276855545 11.631565199093862
2458648 zg 9.000057441093789 24.92544301916532
2458651 zg 13.833495227804796 6.934388122113523
2458654 zg 5.698911541823923 1.981468674594466
2458657 zg 2.846832533390421 6.5505154312893845
2458660 zg 5.719945830644526 9.205622198507639
2458665 zg 2.8285373657852317 12.27008495937461
2458672 zg 3.571674994515319 3.900044942679041
2458682 zg 5.018800920264744 1.9235781229715032
2458692 zg 2.8784714101503828 7.259553426382043
2458707 zg 10.102525716115506 12.693522587872145
2458712 zg 4.972788276855545 15.702129054025002
2458723 zg 3.5651017820469093 13.308700680468224
2458728 zg 3.571674994515319 6.424943344881919
2458729 zg 4.270248800085632 6.570573525130967
2458761 zg 10.065375111892653 10.977625700517974
2458886 zg 9.94557655371109 13.312841312826666
2458893 zg 5.688423421695245 16.481586492692216
2458901 zg 8.836558867462157 15.722821964317196
2458913 zg 2.846832533390421 14.109685004559829
2458915 zg 6.323309487143847 0.0285538927789748
2458939 zg 13.824694083297848 15.986839049530928
2458943 zg 5.060576203378486 8.889249793283737
2458963 zg 2.8415933010603114 3.4266814773466905
2458963 zg 2.8520814256375275 8.743683353637369
2458966 zg 2.143004996709191 10.09796207862974
2458972 zg 2.8626082611580523 14.226319748922023
2458975 zg 10.413415277305583 -12.961847373319962
2458986 zg 2.8678862401512824 4.271114629222349
2458995 zg 2.8494557709119617 8.315263013942374
2459009 zg 4.293912391737079 8.01987873230686
2459018 zg 2.8626082611580523 5.739501167035493
2459024 zg 3.5749661441528287 7.295729918271035
2459027 zg 3.5683868747431204 0.263674858284892
2459033 zg 9.201217171485233 3.9214800694913166
2459036 zg 6.452744040340385 -0.8863441797045217
2459039 zg 2.144979686491697 5.7699080089364205
2459042 zg 3.5782603264475656 2.9930268313275765
2459045 zg 2.1390610692281458 4.378019244465815
2459048 zg 2.833752526029404 5.039248208113531
2459249 zg 5.735772480302565 0.09713857553503402
2459270 zg 9.94557655371109 -5.745509446110654
2459277 zg 7.130203564093819 -4.548791728654878
2459303 zg 12.087899771102398 14.0342490481525
2459306 zg 7.156520652895131 8.610184252997511
2459312 zg 2.8494557709119617 1.5584499571153416
2459319 zg 2.8626082611580523 2.9119303153109746
2459322 zg 3.5683868747431204 -0.0014461443045521438
2459328 zg 7.169715600378206 16.937680795174927
2459334 zg 7.707164243192851 -1.098005499819462
2459336 zg 4.3097609257519185 -3.4662086953439086
2459341 zg 2.857339995612255 2.8339994038771668
2459343 zg 2.8494557709119617 1.8735391449197598
2459358 zg 9.218182060325336 -0.6720344368135538
2459361 zg 10.111834772482501 3.448749467677708
2459365 zg 3.5226697764324224 2.489322995026645
2459373 zg 2.838977301807263 0.21236770445258912
2459375 zg 2.838977301807263 3.836591373927168
2459379 zg 2.8678862401512824 -3.0936619801565577
2459383 zg 5.631082834167689 2.124886911235682
2459385 zg 7.064833464892429 1.8784936556234328
2459387 zg 15.364598772400683 -28.821269421986823
2459391 zg 7.130203564093819 9.282997934205367
2459393 zg 4.254545566304001 2.1484938032580083
2459395 zg 3.584857800189103 5.400119173231784
2459397 zg 2.865246035355181 4.2903848748750155
2459400 zg 2.8784714101503828 1.1804504021674416
2459402 zg 3.558540666738027 -1.1497705248969359
2459406 zg 3.5324167324462143 -1.2003708532006496
2459410 zg 3.5421906575367554 4.612508186331382
2459412 zg 4.963636494021335 -4.4234839617015655
2459425 zg 3.584857800189103 6.489880426653346
2459427 zg 4.270248800085632 2.5303709578057267
2459430 zg 4.242806048677847 4.285240090820119
2459440 zg 4.927197479896728 -2.5449976993298424
2459443 zg 13.2390106000661 -4.574246659477893
2459447 zg 9.92727298804267 9.381819750430116
2459450 zg 12.032360916557613 3.6372218329465666
2459451 zg 9.389560860162321 2.281737660481898
2459454 zg 3.551991626325389 6.6191264007152615
2459457 zg 4.282064249691745 -1.3041922914144843
2459462 zg 3.5914674381265987 -0.4100060194332509
2459468 zg 4.321685702367172 1.1444450413383804
2459476 zg 10.00990520362792 10.365907954239772
2459478 zg 13.324641400205019 18.734126045287017
2459641 zg 2.873173950501279 6.559058741293039
2459674 zg 2.8626082611580523 -5.043206498883571
2459682 zg 6.4408685876056175 -9.096160685054295
2459684 zg 7.0778593626809485 6.769462614206665
2459690 zg 5.709418999588993 -9.370016352302441
2459698 zg 3.584857800189103 -5.818477285617411
2459700 zg 3.558540666738027 -1.5202181333215923
2459702 zg 2.8442117108476226 0.3527982967228366
2459710 zg 3.5552646385595286 3.5565817262652675
2459712 zg 7.778477755909386 -5.104819704273456
2459717 zg 9.142085554732352 -13.222472455469745
2459722 zg 3.5389296813404743 7.409219276554037
2459724 zg 2.8678862401512824 -1.3524944874685096
2459741 zg 8.477800157870915 -20.31612739187823
2459743 zg 12.775397858132681 -4.598449964447564
2459749 zg 3.5421906575367554 1.9874118199582493
2459751 zg 3.5421906575367554 -4.614766576328723
2459769 zg 5.677954603614526 6.189377732582114
2459769 zg 6.423096374537616 3.7551140624408457
2459771 zg 8.346092140371159 10.08549934368481
2459771 zg 7.209446592685015 8.417559871060305
2459785 zg 3.5683868747431204 -0.9490980371702257
2459798 zg 7.123639427279905 -6.720594705368861
2459808 zg 4.3018293602269235 4.270567861043845
2459808 zg 4.242806048677847 -1.3044404957254283
2459808 zg 4.2978690530327714 -6.843562021926792
2459808 zg 4.3097609257519185 -2.133649043732463
2459808 zg 4.286009993418382 3.081170117836303
2459808 zg 3.581557544193976 5.444043533201919
2459808 zg 4.238900078935457 8.69336252222197
2459808 zg 3.551991626325389 1.478690209678823
2459808 zg 3.5324167324462143 5.119385443044475
2459808 zg 4.321685702367172 -0.2773645869431385
2459808 zg 4.349638652615652 -1.339183132797022
2459808 zg 3.551991626325389 0.4463307081940747
2459808 zg 3.545454638586668 -5.727704483447436
2459808 zg 5.065239313421529 7.940457810446947
2459808 zg 4.254545566304001 -0.4457580300822206
2459808 zg 4.238900078935457 -8.339958140592682
2459810 zg 3.5487216272590785 9.524543073794156
2459812 zg 4.270248800085632 2.8142665360101784
2459816 zg 4.250628789044106 -8.250792373645805
2459823 zg 4.282064249691745 -4.822831521129915
2459825 zg 8.315400571289578 -5.546290930041894
2459828 zg 10.196003235653487 -11.46578005484846
2459830 zg 9.918133841102915 6.98551106044316
2459840 zg 3.571674994515319 0.5309116857757687
2459842 zg 4.9408306559125785 -10.05275061929011
2459844 zg 6.405373200128447 7.393259886820374
2459997 zg 3.5881610972325877 -2.3725090521631107
2460036 zg 4.3097609257519185 0.2513427406362648
2460049 zg 2.8415933010603114 -2.9024449439802535
2460053 zg 3.5683868747431204 6.088603509375125
2460055 zg 2.865246035355181 0.7735156653697959
2460061 zg 2.8233318033786166 -0.9421006264637958
2460063 zg 2.859972915322263 -2.9579674896743304
2460094 zg 4.001289449375871 1.7599707269474507
2460094 zg 3.4550407926206956 1.7060897860873545
2460139 zg 4.286009993418382 -2.3496501589046694
2460139 zg 3.5618197136399523 -3.448011046795384
2460139 zg 3.558540666738027 0.7056377279448527
2460139 zg 3.571674994515319 3.9579838782234553
2460139 zg 4.286009993418382 -4.605847661844779
2460139 zg 4.317707115225574 -3.499515235379178
2460139 zg 3.581557544193976 -8.428424881734218
2460139 zg 4.305793316679106 1.5724593524309625
2460139 zg 4.3018293602269235 -2.0929725450894563
2460139 zg 4.246715617608569 11.170886863193186
2460139 zg 4.325667955611009 -0.05169654410991241
2460139 zg 4.254545566304001 -1.0758098209441447
2460139 zg 4.3018293602269235 1.3127144983110517
2460139 zg 4.254545566304001 -0.37109804033336763
2460139 zg 4.274183656367943 0.38826258512358625
2458198 zr 3.5324167324462143 -1.2498013920122295
2458220 zr 6.34080559757836 -6.245032035092895
2458224 zr 5.6570747315704635 10.748939651017116
2458231 zr 4.949940390124155 -1.5583261188760291
2458244 zr 5.762247603156229 -1.8979874851341578
2458257 zr 3.5259157698040404 -3.00357837694865
2458257 zr 3.5226697764324224 -0.0722496745033295
2458279 zr 4.2039077690142825 -4.394009875927787
2458282 zr 4.238900078935457 2.673656165172548
2458288 zr 3.5421906575367554 -1.64316592356967
2458291 zr 5.646663606757233 -1.1227397871387599
2458300 zr 6.36420907301677 -15.552476815593845
2458303 zr 4.250628789044106 9.673354597475731
2458306 zr 4.864071709207732 -2.316421476680705
2458331 zr 4.223312125625767 -0.606487669928075
2458337 zr 3.5226697764324224 3.6486201705257937
2458340 zr 5.688423421695245 2.5418080128378193
2458344 zr 3.5097156583881235 -0.48482866824377585
2458362 zr 5.5029037398340055 -0.22141460152372672
2458487 zr 6.39947634940715 4.280714733888789
2458487 zr 9.066617229199776 -8.522029738250136
2458488 zr 7.084381315073511 -3.3417695529903195
2458488 zr 5.6362716422918755 8.817775109941874
2458488 zr 5.610375326402114 6.285606984972296
2458488 zr 5.600050145890296 3.964388106822467
2458493 zr 4.184592567322974 6.2101408409931675
2458493 zr 4.231098923764849 -0.5308579583377235
2458493 zr 4.949940390124155 0.035828557286732954
2458493 zr 5.610375326402114 -10.047469546078544
2458494 zr 4.931737687005391 8.42635173232182
2458494 zr 4.972788276855545 -1.3957008486564983
2458494 zr 5.709418999588993 5.498082065111046
2458494 zr 6.317488185098622 6.806143094759642
2458495 zr 4.2039077690142825 3.824705897528198
2458495 zr 5.688423421695245 8.09153265911759
2458495 zr 4.949940390124155 11.423969871729872
2458495 zr 7.000062682362869 -4.277518854004441
2458558 zr 9.192746438802002 2.6534139898923184
2458573 zr 3.516186751820136 5.208514003073294
2458584 zr 4.211658790065749 -6.6413697019083395
2458587 zr 6.36420907301677 2.8473029398733587
2458597 zr 5.677954603614526 7.564834855293901
2458606 zr 4.200037609417722 -7.2751300991773675
2458617 zr 4.981956933433238 3.960746202090937
2458628 zr 4.176891358203747 10.583257358115489
2458633 zr 3.5356717072315393 -0.5203810990131661
2458636 zr 3.506484579001321 0.16822116029196188
2458639 zr 3.5194267713548055 1.2667263868751815
2458642 zr 2.8207326158432324 6.6938837695491245
2458645 zr 4.886523244116506 -0.2654809325658398
2458648 zr 10.413415277305583 -7.265896185430991
2458651 zr 14.405619007890573 5.042771535957666
2458654 zr 7.012969158002642 10.173483803021476
2458665 zr 3.4807427985031225 9.55893215095328
2458668 zr 3.4839501579121315 2.8562936401536123
2458672 zr 3.5226697764324224 9.438684403630228
2458675 zr 6.259569105278368 8.911676590812881
2458678 zr 7.097443254518157 3.0610098677780564
2458685 zr 5.6570747315704635 11.498209897208383
2458689 zr 4.200037609417722 0.3894694762749151
2458692 zr 5.625898802912218 0.4350457571591071
2458695 zr 4.192307975667634 2.6766699887284022
2458698 zr 4.913601921743373 1.1819078550941051
2458707 zr 6.259569105278368 22.172657690267513
2458712 zr 6.288461963501451 2.644089196281149
2458715 zr 4.9453834254247 4.9530663789534435
2458718 zr 7.012969158002642 16.988595862569095
2458726 zr 5.553821481229645 1.9073776674741314
2458728 zr 6.300056414126582 2.8101419410984043
2458737 zr 8.501257578088213 4.2977734192564645
2458761 zr 8.201308998268955 9.214717005855746
2458765 zr 8.369185134645948 4.635816862043493
2458772 zr 9.167381001490504 18.466855893486176
2458772 zr 9.260731255463876 16.713869598907007
2458772 zr 9.049931276108117 -4.039492983547316
2458776 zr 10.626571972610265 -2.781624153096516
2458776 zr 9.108466832864279 -1.6968139231302528
2458776 zr 8.369185134645948 19.841159475192224
2458776 zr 16.324119485391762 34.62315156299501
2458778 zr 21.214030243389235 -3.7105343209455635
2458778 zr 12.588513038186564 -1.3062856096490325
2458778 zr 9.559385256242043 4.398001451349781
2458778 zr 9.872564155451315 17.658635581347717
2458854 zr 4.89102597161224 -0.89807938736487
2458854 zr 4.9408306559125785 -0.2522926781120356
2458854 zr 5.584597993276007 8.699623616722352
2458854 zr 8.30774533024042 9.102761051651974
2458856 zr 4.9408306559125785 7.678171208899298
2458856 zr 6.21934198809668 3.8183087634489574
2458856 zr 7.749873508151328 16.4752229398853
2458856 zr 5.569188477604996 16.932276417747282
2458860 zr 13.349208917303677 1.2099662260748758
2458860 zr 9.07497173907351 5.465461838106088
2458860 zr 9.63008154470951 4.996707516340687
2458860 zr 8.572019986836764 -3.4278884612462104
2458862 zr 10.403828582905359 -17.431586301917978
2458864 zr 5.646663606757233 12.332002051324402
2458864 zr 6.311672242202377 11.935292141258842
2458864 zr 5.579456756430631 15.238257392802016
2458864 zr 5.6570747315704635 4.577421324285375
2458878 zr 4.832812755222955 1.953798968457777
2458893 zr 5.574320252659411 3.8394465831917186
2458912 zr 4.2039077690142825 -1.7779058584254024
2458916 zr 4.286009993418382 -2.1918630093139324
2458943 zr 4.161531433162144 5.298516743424559
2458954 zr 4.864071709207732 6.72165956243216
2458966 zr 3.516186751820136 7.7042606674834175
2458972 zr 6.375943183566159 3.573226543869913
2458986 zr 2.812949401456109 1.7768676506136718
2458992 zr 3.5129497150799156 1.3430105330701791
2458995 zr 3.477538391821316 1.6760632576903554
2458998 zr 3.5356717072315393 7.663537085665352
2459001 zr 4.922661452548191 -4.408116922966288
2459009 zr 6.370073426412853 12.183857791983932
2459012 zr 2.8103597720639324 5.3762251075192
2459015 zr 3.4968091772740455 8.582318386639361
2459027 zr 4.242806048677847 0.7105452712477374
2459036 zr 6.381818349456002 4.8341967609990295
2459039 zr 3.5194267713548055 1.9739614237252485
2459045 zr 3.5129497150799156 1.9991591752448288
2459048 zr 2.8155414170838444 5.961544401666002
2459051 zr 3.487160472769145 4.102611418604937
2459064 zr 13.859000952149298 10.526147883675646
2459136 zr 6.305861653521424 -8.209668014491879
2459136 zr 6.987179959446057 -1.3517753316803376
2459136 zr 7.051831539608081 -10.342611372127182
2459136 zr 9.260731255463876 6.306696648394708
2459136 zr 7.084381315073511 -9.398703486723768
2459138 zr 9.167381001490504 -3.6864573651171315
2459138 zr 6.942276851537056 -9.352609836114926
2459138 zr 6.961485597006245 3.9314283007002158
2459138 zr 7.071343414463079 1.9742307819705234
2459138 zr 8.454407463437814 -4.890774535990547
2459140 zr 9.226676230873604 3.2185575086995435
2459140 zr 6.993618354548091 6.377077975657411
2459140 zr 6.97432094553829 5.104028853472446
2459140 zr 7.714266073802905 4.653476232356884
2459140 zr 7.792819446580861 -0.912518938476252
2459142 zr 11.220750652804227 -0.989754569690096
2459142 zr 9.066617229199776 10.576074457934139
2459142 zr 8.548367312735886 -2.403351079365173
2459142 zr 8.454407463437814 1.8742030041662396
2459142 zr 9.226676230873604 -12.60503036473931
2459144 zr 16.399468197415782 9.839259592576157
2459144 zr 10.695305346140728 -3.6308803958557445
2459144 zr 11.460984141420724 -0.9955111626559967
2459144 zr 14.168762630147022 -6.942526619216871
2459144 zr 13.287874873641373 6.489414560699135
2459218 zr 15.672006740015789 5.5795320953362975
2459218 zr 13.510005626526208 -0.2952005831656921
2459219 zr 7.090909277173336 -13.567487693241794
2459219 zr 7.006512948357138 -9.125417392306048
2459219 zr 6.294256519093282 -6.157580370579199
2459219 zr 7.6929801900029 10.237414411161996
2459220 zr 6.872297139420701 -0.8873173252190667
2459220 zr 7.130203564093819 -1.823389901736479
2459220 zr 7.071343414463079 3.3079334219176393
2459220 zr 6.891312256415156 -5.36382285038102
2459220 zr 6.942276851537056 -21.79657485610885
2459222 zr 9.235178228446012 -2.2505221470339674
2459223 zr 10.685459140919857 -3.7774402571153507
2459224 zr 7.594420043921786 6.397682397773723
2459224 zr 8.353782716407494 4.545204012306979
2459224 zr 6.34080559757836 0.35791413997083166
2459225 zr 10.07464993552634 -0.29518044353278805
2459227 zr 6.311672242202377 7.204062966031723
2459227 zr 8.46999541013585 0.5491170788776997
2459227 zr 16.800150437670887 -30.674488585499745
2459228 zr 6.329136153276244 1.600191545112788
2459228 zr 6.253806483267082 5.794023306666423
2459228 zr 8.493431235217137 -9.991339442447156
2459228 zr 4.972788276855545 -1.1792895157111816
2459229 zr 4.9090784106018495 7.564531883159596
2459229 zr 4.895532848183664 -3.3225440137154627
2459229 zr 4.900043877654008 -6.678389336248944
2459229 zr 4.900043877654008 -2.899857767590474
2459249 zr 7.785645298949042 -9.525088362251905
2459268 zr 4.922661452548191 5.538436222271163
2459272 zr 10.356027332620616 -5.284991234908203
2459280 zr 7.045339552864845 -5.167478336825296
2459291 zr 4.200037609417722 0.6216107207237394
2459295 zr 4.196171012728855 -4.218709363802726
2459297 zr 6.3935849273856995 10.161738305435637
2459303 zr 9.13366925920778 -3.476276965042847
2459310 zr 4.927197479896728 6.69596286666875
2459319 zr 4.215539658095898 5.861137681217025
2459322 zr 5.672727421738669 -0.9810401836225479
2459324 zr 4.913601921743373 -4.493596604857933
2459334 zr 7.0583295084465405 9.333294912161602
2459354 zr 3.5324167324462143 -5.612140092599006
2459358 zr 8.462197847529698 -2.251299257540098
2459363 zr 5.60521035868571 -11.528176906214785
2459367 zr 4.959066920551457 10.388427668498334
2459374 zr 4.97737049398334 -1.3706197334958303
2459374 zr 4.262389951590467 7.835612697539055
2459374 zr 5.014180561871567 1.606924431120619
2459374 zr 4.258465952710894 7.276921349787858
2459374 zr 5.631082834167689 -8.061000281226676
2459374 zr 4.959066920551457 -1.3808848233978073
2459374 zr 4.246715617608569 -1.9868065730325197
2459374 zr 4.238900078935457 -6.221428089310726
2459374 zr 6.27688885098446 5.390124247309741
2459374 zr 4.242806048677847 -3.4643446415053827
2459374 zr 5.0003449923214465 -2.934571739617445
2459374 zr 4.954501553876664 0.5826295968229295
2459374 zr 4.972788276855545 -4.201605517744196
2459374 zr 4.9408306559125785 18.186421623186632
2459374 zr 4.3097609257519185 4.019148279757726
2459374 zr 5.014180561871567 8.958327023095952
2459374 zr 4.936282077725657 0.9859378329315567
2459374 zr 4.936282077725657 -4.496550184213019
2459374 zr 5.662287490144759 -0.262327665954488
2459374 zr 5.615545053420997 6.916368350597389
2459374 zr 4.211658790065749 4.7128481607481065
2459374 zr 4.963636494021335 -0.7816417754242987
2459374 zr 5.0003449923214465 -11.42646742823799
2459375 zr 4.219424102184163 0.0066086695649021365
2459383 zr 6.358350118403186 -2.866135773635499
2459387 zr 10.52914697516437 -2.108939519250143
2459391 zr 5.620719544127865 -1.4614718281439185
2459408 zr 4.246715617608569 2.7344453577763117
2459410 zr 4.991142494865673 -13.028311181029343
2459412 zr 5.631082834167689 -1.1852634732493372
2459423 zr 5.594894683638473 -4.8139257262345545
2459425 zr 5.6518667719139435 -11.309440725476128
2459427 zr 4.231098923764849 -2.1718761518065857
2459435 zr 3.551991626325389 0.7908858652047698
2459438 zr 4.211658790065749 1.7396729815593361
2459440 zr 6.987179959446057 2.1531888045736385
2459443 zr 19.456286836830927 -14.826009560485275
2459450 zr 7.038853542709611 11.547494115519617
2459451 zr 4.215539658095898 -1.36891789693998
2459460 zr 5.553821481229645 -6.310989197566752
2459464 zr 7.064833464892429 -0.29247528145193863
2459466 zr 4.2978690530327714 3.0345550087472315
2459470 zr 6.352496557601886 -6.788242169895405
2459473 zr 5.574320252659411 7.0027473772790625
2459476 zr 10.327452067997525 3.514837601477159
2459478 zr 11.758470943634078 18.607050842016644
2459486 zr 4.949940390124155 -3.359739381348448
2459498 zr 6.294256519093282 2.674505117340217
2459498 zr 6.317488185098622 3.9130556525074303
2459498 zr 7.742738896980572 -3.467250664258706
2459498 zr 7.707164243192851 -11.116599889789347
2459498 zr 7.685897955390662 -6.490783294240148
2459502 zr 9.918133841102915 -1.506541748055849
2459502 zr 10.548560255460407 -13.991403642442297
2459510 zr 9.638955263464357 -6.615756541677799
2459510 zr 8.41556298960317 1.3496859699083132
2459510 zr 7.650584462006894 5.411745995497351
2459510 zr 15.981949901682546 25.98253688308883
2459510 zr 12.313299244011812 -15.474011671687823
2459512 zr 7.045339552864845 6.437923028603257
2459512 zr 7.735610854004299 -1.8119876054881945
2459684 zr 7.764162459291194 1.2891289806010486
2459688 zr 10.413415277305583 2.698371405283699
2459690 zr 6.967900315824263 2.4014944557727707
2459694 zr 4.931737687005391 -6.864783139725166
2459696 zr 4.231098923764849 5.936071804131255
2459698 zr 4.200037609417722 3.05429900523315
2459700 zr 4.1692043221780555 -4.368042136821
2459708 zr 4.161531433162144 -3.160057856393978
2459710 zr 6.346648385647272 4.60328699315874
2459712 zr 6.36420907301677 -0.20472449517347707
2459714 zr 10.597250197338642 8.529141050208395
2459741 zr 7.778477755909386 3.7416600499529213
2459747 zr 5.579456756430631 8.489805333107983
2459773 zr 9.692369551947158 -10.88183546601967
2459775 zr 6.300056414126582 -5.851461617528599
2459775 zr 7.657634156706869 1.2488342395112102
2459798 zr 6.294256519093282 -3.5325222595595185
2459806 zr 5.620719544127865 -4.7502178520806675
2459807 zr 4.895532848183664 -4.4217745683402505
2459807 zr 4.9453834254247 1.1674835839695257
2459807 zr 4.207781494801585 6.757836428660243
2459807 zr 4.238900078935457 2.8387894048306728
2459807 zr 4.895532848183664 -2.634398499573279
2459807 zr 4.931737687005391 0.7310603428042919
2459807 zr 4.895532848183664 3.3800496683423895
2459807 zr 4.931737687005391 3.090577980257255
2459807 zr 5.641465231686465 -11.633460411993374
2459807 zr 4.972788276855545 -8.570891272881225
2459807 zr 4.954501553876664 -5.318466619760913
2459810 zr 4.2039077690142825 0.7598544367930427
2459814 zr 5.615545053420997 0.3357503581548902
2459818 zr 4.231098923764849 -1.4326668257716824
2459828 zr 7.8576849879337 -0.36902745805006787
2459842 zr 6.329136153276244 11.581816647187107
2459844 zr 4.89102597161224 -5.234498269014349
2459864 zr 10.58749426266981 -4.961755341948435
2459877 zr 20.980855063644274 -23.64094494089566
2459877 zr 10.375121420853597 13.978279101834149
2459877 zr 11.056607978838544 -2.8387362809820167
2459878 zr 10.365569980161133 0.16990333898248283
2459878 zr 15.571290597898084 0.15127837005290878
2459878 zr 9.252205733518869 10.055230440059809
2459878 zr 12.42723279914474 31.186724151180183
2459879 zr 17.018182265216005 -0.1761066848226258
2459879 zr 9.746079835808743 12.642434342307636
2459879 zr 11.066796182243838 -19.440409204368752
2459879 zr 11.955034956188463 -3.7538187177581985
2459997 zr 4.196171012728855 -1.681835699788757
2460043 zr 7.038853542709611 14.776312177700598
2460057 zr 5.704162851275055 -7.9875141185940945
2460062 zr 2.4369868140272843 1.4244084418299456
2460062 zr 2.8589066111437673 -2.4098150166821193
2460063 zr 3.6655946533280983 -4.167489857912945
2460063 zr 3.7097482478407247 0.8720794366401193
2460064 zr 3.7406272936120946 -0.15163438685143923
2460064 zr 3.655480221040926 1.2729211997043066
2460093 zr 3.291485270358023 -7.209570218820627
2460093 zr 3.3005925566455097 -2.1398656026955
2460126 zr 10.356027332620616 2.3865542701618407
2460126 zr 10.548560255460407 6.174058490586972
2460126 zr 10.336968384622734 7.721169649106843
2460126 zr 11.179487935113691 -4.583084494602772
2460126 zr 10.985552694151034 -9.839786903067473
2460126 zr 10.403828582905359 -0.45923061491206496
2460134 zr 3.2884550960521346 0.5709573065213477
2460134 zr 2.845771128434603 -3.2243566071418246
2460134 zr 2.845771128434603 -2.4730536332373148
2460134 zr 3.754433690550637 4.097481222116765
2460134 zr 3.2763622692471257 -1.9319143750214964
2460134 zr 3.246324399411414 4.032865540975273
2460134 zr 3.658848593701632 -5.037211329899584
2460134 zr 3.249315752036379 1.2103680458726565
2460134 zr 3.7131666262261978 1.1738682030131555
2460134 zr 3.246324399411414 -2.9789076191578743
2460134 zr 4.106784639193819 8.134119918493534
2460134 zr 4.534136747360885 -4.978553653040181
2460134 zr 4.133347595088025 -2.4885252983476036
2460134 zr 3.6757370714705577 3.370001021650063
2460134 zr 3.282403113698661 -4.011220334534471
