jd filt fluxerr adjflux
2458207 zg 6.442212590546626 11.227987605479294
2458210 zg 8.318646041233746 -0.3695784976778595
2458231 zg 2.5083718363476657 -3.1388163675143277
2458234 zg 7.435146554574364 -16.885478062285166
2458234 zg 13.709417651432354 7.61366333618401
2458237 zg 10.111910474082062 -15.095651808359753
2458244 zg 5.5083103339252295 6.75972023595955
2458247 zg 2.252401793506542 0.8684850424275624
2458262 zg 4.529766964451625 1.9534307422271329
2458269 zg 10.897225849098445 1.6576534164624104
2458273 zg 3.1195498901831726 3.557543892433794
2458279 zg 2.6109145238194524 -0.37429415050717246
2458282 zg 2.4771426663590246 2.964245558572569
2458288 zg 2.5329955415700454 -0.8707186674134899
2458300 zg 5.713192747731229 -8.451039173238488
2458306 zg 2.6842612939131514 -0.5216935421916489
2458331 zg 6.219009549303822 5.570707477622651
2458334 zg 3.0020725367792025 -2.1292775921831364
2458337 zg 2.5468099131317277 3.0346323226529006
2458344 zg 3.1476367054252896 0.31572768810435153
2458347 zg 4.305563161666696 -5.776392577048142
2458562 zg 34.14548565267608 65.0367726018347
2458569 zg 13.804299711911296 41.616145035210394
2458573 zg 2.8417570613026704 67.52056577378042
2458577 zg 4.900062069966224 71.50684578494514
2458592 zg 12.016655352509508 60.52675965063183
2458617 zg 3.1362292013502757 61.97997532323541
2458639 zg 2.3331015847693486 56.875173566508934
2458642 zg 2.096041943359873 59.58034480743868
2458645 zg 4.32533016165938 60.097815112655624
2458648 zg 7.800407566818674 67.02954262034679
2458651 zg 13.797325749103194 20.395835880744805
2458654 zg 5.539028849205624 57.45850472060018
2458657 zg 2.6382489946971264 54.479659585533284
2458660 zg 5.78974235506677 53.42235474770093
2458665 zg 2.372249029632031 50.03599583520471
2458672 zg 2.935762066976259 51.80551489280222
2458675 zg 7.8324564060521755 31.60920424355002
2458682 zg 5.029075983461018 43.94394800815679
2458692 zg 2.6516458583077425 48.63034343498347
2458707 zg 8.38066896307267 51.6910502001077
2458712 zg 4.290442645405595 39.706117365712224
2458718 zg 2.92684942455847 40.53558627106268
2458723 zg 3.408843320663892 33.384173952451725
2458728 zg 3.0902981377771526 40.23255259674854
2458729 zg 3.8634951591591933 31.224984035648703
2458761 zg 8.761591773252219 30.30771856073759
2458886 zg 9.581082874713681 17.80397468354537
2458893 zg 5.527404193305868 15.57559674781528
2458901 zg 7.787937366723594 14.81072642176326
2458913 zg 2.378667006371166 20.404029751776548
2458915 zg 6.295569928792298 16.96330046088496
2458939 zg 13.579107292321929 4.954396519146817
2458943 zg 4.345861286314911 12.379729933984452
2458963 zg 2.6435043008449353 12.659216653404824
2458963 zg 2.51889950839502 16.478121556672683
2458966 zg 2.112568703354212 12.61377084405594
2458972 zg 2.7025965311531537 7.847658535318423
2458975 zg 9.083472532389921 24.32816886170764
2458986 zg 2.197822697331673 10.839706349046667
2458995 zg 2.1916779163461064 14.244662824399505
2459009 zg 4.383355832692213 11.692579515916828
2459018 zg 2.394607979563234 9.892318857612274
2459024 zg 3.404802581710212 12.35601309005662
2459027 zg 3.260883387251965 4.492931557486595
2459033 zg 8.67869066257969 14.397546757514085
2459036 zg 5.812086863788771 14.014902363166968
2459039 zg 2.1403357370013136 11.050390820766056
2459042 zg 2.926186005336886 10.92285406763737
2459045 zg 2.102572692656915 9.196513686310178
2459048 zg 2.5005435652963586 9.246012112521301
2459249 zg 5.256207166770892 -4.137599208047421
2459253 zg 2.776700383332054 3.6283202930990686
2459257 zg 2.516287601185459 3.476150892929303
2459264 zg 2.645837651233612 1.3528978826627533
2459269 zg 2.509772898858565 3.2135076509600253
2459270 zg 9.9392113788701 3.5997255620799606
2459277 zg 6.2430665844167095 -1.117575375964449
2459303 zg 10.600718356715424 -28.46697988709142
2459306 zg 7.254114132063699 2.700880042574787
2459308 zg 3.3848320420952223 3.5539361124314537
2459310 zg 2.3660029707030334 3.359499703279253
2459312 zg 2.954903628047762 5.193329388406468
2459319 zg 2.6444113969782577 8.932935758943714
2459322 zg 2.838762242841803 1.6695604680231453
2459324 zg 2.484049682013747 1.965711455048322
2459328 zg 6.700965952221468 16.082993968423906
2459334 zg 6.672998720773395 6.008781282600825
2459336 zg 3.7358108361908573 4.150618473785874
2459339 zg 2.3509014582754406 5.117888561740793
2459341 zg 2.5230952655966012 -2.1116584104056395
2459343 zg 2.8010499574992007 1.6795509037682983
2459345 zg 2.2611722587684753 1.1478657668122199
2459349 zg 1.9286014031424858 3.973501777671993
2459358 zg 7.828161524360577 7.733752781760457
2459361 zg 8.31933024549624 -3.3165353297193625
2459365 zg 3.175950048521619 0.8382528533266502
2459367 zg 2.3830527110663837 1.408015630783181
2459370 zg 2.5657293466249156 3.667372169604527
2459373 zg 2.554836971782025 1.5263356426325372
2459375 zg 2.641142999907879 -1.4726111761177076
2459379 zg 2.5336372668696 3.7371581657449386
2459383 zg 4.727945634531263 -1.03404054147751
2459385 zg 5.632023017252488 5.278590018566745
2459387 zg 11.814272263386469 23.943417379683133
2459391 zg 6.58182064819826 1.313119330932211
2459393 zg 3.3399138769858574 -1.1744105500235291
2459395 zg 3.731089762662016 -1.5070966923024316
2459397 zg 3.040828422397246 -0.07190897524814122
2459400 zg 2.712459062308024 2.005112201408284
2459402 zg 3.099502104644609 2.9847780820485386
2459406 zg 3.2485878381917983 0.6408820972476925
2459410 zg 3.578629430201234 -0.4623958383076421
2459412 zg 4.418813273476555 -4.237935556783716
2459425 zg 3.0784855792461583 0.12230591604266272
2459427 zg 3.7404657671953405 4.392712302329463
2459430 zg 3.3398401741084647 4.07151618662831
2459435 zg 2.6084625211923442 2.2199614063001203
2459440 zg 4.094340301414037 -2.9228508754012443
2459443 zg 11.362699787263686 5.8652837703882925
2459447 zg 8.702156804894086 -12.710778081989947
2459450 zg 9.314845382524807 -4.711087625366062
2459451 zg 7.534735532916718 -11.002121141112841
2459454 zg 3.2313495205980196 -4.0859594616152295
2459457 zg 3.570122967498717 -1.5704220095772112
2459462 zg 3.176347466541953 2.412528212556661
2459468 zg 3.5059667597174373 4.274880226074098
2459476 zg 8.194074851438673 14.385975792956216
2459478 zg 10.640891813833406 -12.867832143845703
2459641 zg 2.6409683243589264 1.1694304707610614
2459674 zg 2.7424790664791585 2.8584774386088667
2459678 zg 2.60233493733943 3.221504378231254
2459682 zg 5.730470396616412 -1.734632234997483
2459684 zg 6.350680571169649 -4.515973893560661
2459690 zg 5.417892402571615 -1.011383342246387
2459698 zg 2.768045100890305 1.9461029231322562
2459700 zg 2.9934579508267074 -4.6780813272076145
2459702 zg 2.7213512529772674 0.9182792136779783
2459710 zg 3.24742517880058 -6.652472178449356
2459712 zg 6.2066064576264734 -1.8889919471944547
2459717 zg 9.566511761115915 -2.520014423265863
2459722 zg 3.242589227697293 -2.9510225360537845
2459724 zg 2.7576836127857445 3.020248688079211
2459735 zg 2.365459524544883 2.5409567305395813
2459741 zg 7.757616299530919 -1.4368537966364716
2459743 zg 10.842490465671883 -2.662759277548516
2459749 zg 3.2043154827890548 2.114704455272453
2459751 zg 2.9839023129365168 -0.8149882604473729
2459753 zg 2.6208032906248984 -0.19893517982886993
2459756 zg 2.564366066249009 0.6083845825662252
2459759 zg 2.5714685375233146 0.9401473881160294
2459769 zg 5.127573549714945 2.6543361971431376
2459769 zg 5.390610667650722 6.191902199631126
2459771 zg 6.635279751129356 2.467974793961556
2459771 zg 7.390251835025994 4.517508564025739
2459781 zg 3.081949613696905 -0.6378626081813901
2459783 zg 2.6595023608641477 -0.8060605870841793
2459785 zg 2.5280575010653767 0.019598047417674513
2459787 zg 2.7153210196628117 3.5908851977777014
2459789 zg 2.6817901360816534 5.679288042557659
2459793 zg 3.08051482175949 2.182170797732666
2459798 zg 5.917845795619859 12.44529450366862
2459806 zg 2.9539050523445924 0.13914743358569098
2459808 zg 3.129882289412992 5.6144865891673446
2459808 zg 3.669854874883166 4.831585931738687
2459808 zg 3.5645669844333137 -5.0197292968941705
2459808 zg 3.489306774612829 -2.835506166564053
2459808 zg 3.5439797198886374 -2.017818772518247
2459808 zg 3.4113668657245935 5.288582293371514
2459808 zg 3.558015160083662 -2.1551874670384707
2459808 zg 3.3023685088458263 2.9209776512593324
2459808 zg 3.5276966121610833 1.5050685732652322
2459808 zg 3.5252090590236107 1.3165319790859817
2459808 zg 3.3593007764945515 -1.3571087339183232
2459808 zg 3.390568118707773 -5.114577809345286
2459808 zg 3.3142470431632765 -4.234543150014788
2459808 zg 4.204415707248405 5.882026827589242
2459808 zg 3.5580068533512708 4.036400591990747
2459808 zg 3.3958182528859173 -2.239098777598527
2459810 zg 3.2552202044344547 -3.4800315989429396
2459812 zg 3.828105835960366 2.4123394899768447
2459816 zg 3.392545526589557 3.163097513789789
2459818 zg 3.1119297360736224 -1.0141689652390014
2459823 zg 3.7110023384088104 1.9806166651756307
2459825 zg 6.994161327888471 5.8229734603111
2459828 zg 8.172783101758567 6.518447158105032
2459830 zg 8.588278756189261 2.955073719751538
2459842 zg 4.2433186868065915 6.5784438200962985
2459844 zg 5.067693823431823 -0.8191453507128065
2460021 zg 5.577708196898637 -3.0433152654921503
2460036 zg 4.147844781680532 -5.134529293267376
2460043 zg 8.217274690084643 11.154209828552307
2460045 zg 4.612325531580517 0.7689954190799903
2460049 zg 2.4599192703335344 0.7187957863976339
2460051 zg 2.2811991039964017 1.110784985637941
2460053 zg 3.1137931312047917 4.445048058082889
2460055 zg 2.4966817822994267 0.5817007636058666
2460057 zg 2.575281980534049 -1.948974367509193
2460059 zg 3.242972913202776 -4.977801453700518
2460061 zg 2.558167753580225 1.0774949880498075
2460063 zg 2.744017948967371 0.9735647915231533
2460094 zg 3.7565128388734244 -7.283808620836075
2460094 zg 3.790872288599991 -2.167014677086837
2460139 zg 3.7445511666771956 -2.8364062174346945
2460139 zg 3.125564221700136 -3.1611882845146804
2460139 zg 3.3829424841666897 0.9380969088811523
2460139 zg 3.4761773777324487 3.4417041567936453
2460139 zg 3.2859561196886036 8.119761242609629
2460139 zg 3.6710041671454903 -1.1006072295950857
2460139 zg 3.6706176929657794 -6.393604550248444
2460139 zg 3.720258879910074 -2.13440730361862
2460139 zg 3.5849886966214686 -1.253481709387743
2460139 zg 3.5570603042169617 2.914030518627435
2460139 zg 3.8783346580746514 4.175663321158645
2460139 zg 3.9157228189256643 -0.74681365207543
2460139 zg 3.825948798017678 -3.612576186482408
2460139 zg 3.1246961636639017 -0.1035314785983338
2460139 zg 3.322181096452627 -0.08620159800483194
2458198 zr 3.0577672840806276 2.2119312654797385
2458219 zr 4.077554616498529 -2.78484534660813
2458220 zr 5.478300672211665 6.3390124483260255
2458224 zr 4.736577181512112 10.520498988157412
2458231 zr 4.324099599594743 -1.6189991572947109
2458244 zr 4.692213865749178 -2.951619930803019
2458257 zr 3.165814949378613 -0.2507207335579562
2458257 zr 3.2785780393892052 1.1694459535194561
2458262 zr 5.266886270238703 3.5059596265217077
2458279 zr 3.501755227599694 0.7207492664172137
2458282 zr 3.987124166563079 -4.866061748202697
2458288 zr 3.275559747609414 -3.7057373617216003
2458291 zr 5.1459388182346535 -0.6878710862147978
2458300 zr 5.629006678818676 1.8392600692389063
2458303 zr 3.8789523326953583 2.3172887597810274
2458306 zr 4.702245208428421 -0.7567714389825374
2458331 zr 3.804647649467654 3.2098337141663578
2458337 zr 3.6973093210749095 2.0838681336637523
2458340 zr 4.885735170527774 -0.1340978327751331
2458344 zr 3.682734281236504 -1.6658171114184919
2458362 zr 5.017529747170602 0.22169599088678274
2458487 zr 9.38214042670885 16.356244403905276
2458488 zr 5.228959590218678 1.9216134338533992
2458488 zr 5.491486950858454 2.3382611983037913
2458488 zr 5.738848884704526 -5.105273426421163
2458488 zr 7.0693781786018555 -2.7361440859138813
2458493 zr 4.398433284470491 -8.063645883677104
2458493 zr 4.61641956095019 -5.4053390451348085
2458493 zr 5.339057749979417 6.3357848111189865
2458493 zr 4.496472413265133 4.838514826105622
2458494 zr 6.141095688724383 -5.390040243975463
2458494 zr 5.196249024057608 4.023534889464822
2458494 zr 4.654490037114994 2.8491309333294654
2458494 zr 4.511237469487087 15.185349826043515
2458495 zr 5.490542853951943 0.8453566279412914
2458495 zr 6.69320960130213 11.078164813474109
2458495 zr 5.410429768670275 0.5361432895074282
2458495 zr 4.20203592081101 -2.385370692638652
2458558 zr 8.887924979385412 44.817523231622594
2458573 zr 3.616477651488184 38.41681281220563
2458584 zr 3.7927533919687946 34.00379370835761
2458587 zr 5.8610676161031074 32.48692742926451
2458597 zr 5.249644838863773 34.24663552804573
2458606 zr 3.5390404423118307 36.876626753770644
2458617 zr 4.420507228146022 24.118428831717345
2458633 zr 3.50821164386227 26.244009317799293
2458636 zr 2.922677162051879 24.67653066320627
2458639 zr 2.952438405237403 22.7677759332742
2458642 zr 3.0353196239047504 23.925022410615924
2458645 zr 4.351708141816586 31.92702305966892
2458648 zr 8.980532744269308 28.234669701387187
2458651 zr 12.367678790296031 29.257423406755443
2458654 zr 5.837755000003319 22.18433098961873
2458665 zr 2.956758601011248 22.237873989429424
2458668 zr 3.682734281236504 29.441680798783416
2458672 zr 3.2255548374668157 26.444123831919363
2458675 zr 4.766249630493869 37.45215225674966
2458678 zr 6.772172387038609 12.415945921150218
2458685 zr 4.7662607580610405 23.12784702629835
2458689 zr 3.6707196725263658 23.48685417513027
2458692 zr 5.45875519749703 18.7996996704581
2458695 zr 3.7184497785011836 21.950427911278275
2458698 zr 6.191558333336854 23.862942685187672
2458707 zr 6.042747194056366 21.113982196068875
2458712 zr 5.115992775275967 19.2328785979262
2458715 zr 4.29435564973602 16.735384646998575
2458718 zr 5.298790934364187 19.13299770715083
2458726 zr 5.234580740268411 16.4494629827659
2458728 zr 5.031412865614107 20.2668732153742
2458737 zr 7.961101518174122 7.074207222008074
2458761 zr 6.501296438687449 7.726098835999831
2458765 zr 7.139896817294683 13.23671156446991
2458772 zr 7.47000434891424 19.651964161786445
2458772 zr 8.02825542716762 32.70731122078764
2458772 zr 7.5664459760358 22.404194599974677
2458772 zr 7.4814297291140495 22.275537237313213
2458776 zr 13.078532498719882 -3.1576754190766056
2458776 zr 7.410197489586437 9.91648089424433
2458776 zr 7.20714388227529 21.992472253664946
2458778 zr 17.213043941804674 31.64243466355205
2458778 zr 7.56089421708297 13.736755669071812
2458778 zr 12.444602105081403 17.951736784768507
2458854 zr 4.860317253568382 7.001699112073238
2458854 zr 5.041709270646862 24.8418574955443
2458854 zr 5.899761090919073 3.611848673666972
2458854 zr 8.255207701926238 4.402762151471389
2458856 zr 5.3310810536914035 10.56261244052514
2458856 zr 5.181344613856899 12.439393382632579
2458856 zr 5.959317599976392 4.059222503146234
2458856 zr 7.44203889673604 -0.28940950007793553
2458860 zr 9.094104035311688 25.095831048112018
2458860 zr 9.270686574310576 12.217239834261095
2458860 zr 13.077259120669675 5.685171467229304
2458860 zr 8.164641564234918 -2.1935475338799773
2458862 zr 10.172996388811443 7.48761929213554
2458864 zr 5.158577059847217 5.50922881258401
2458864 zr 5.125425467399385 1.2257172401250003
2458864 zr 5.248717268152036 10.825721507043585
2458864 zr 5.954027574656995 12.134282332232367
2458878 zr 4.780404190566062 14.31236075564183
2458893 zr 5.459476735607537 18.922079693181164
2458900 zr 6.4207328597917765 16.566759946885107
2458912 zr 4.08763496174735 6.657752911178358
2458916 zr 3.775464443388989 7.382946829312039
2458943 zr 3.778943376509556 0.282838898775279
2458954 zr 4.029934699666477 7.517586525666733
2458966 zr 3.2335942622905667 8.138822447275585
2458972 zr 5.828767490237504 5.451664185162631
2458986 zr 3.1687321159010695 3.207237046977007
2458992 zr 2.8143677528890887 3.7900603225417493
2458995 zr 3.1776323852594017 6.025768961042971
2458998 zr 2.6148808664058834 3.0636702349022533
2459001 zr 4.702141442578541 9.273734399208413
2459009 zr 5.230340015179141 5.501916466283806
2459012 zr 2.8330347868674286 3.6694488851630354
2459015 zr 3.419410329842815 9.70536629916661
2459024 zr 4.161711142669564 -2.2839976831620152
2459027 zr 3.78094001138889 1.1783007963064236
2459036 zr 5.567169258759676 -5.037213812729427
2459039 zr 3.0141854791440714 3.2678543020949657
2459045 zr 3.022525498262293 7.53989203644711
2459048 zr 2.9119294316753757 -1.6637425629737228
2459051 zr 3.0625664851380043 -0.7209940635610641
2459064 zr 12.249141452859273 -2.1201485233379644
2459136 zr 5.390799498872257 -4.303092441351934
2459136 zr 5.045427952915608 5.080757302936647
2459136 zr 7.082392989346629 1.7444366555442206
2459136 zr 5.096615878355428 1.6452114641790192
2459136 zr 5.981798285756531 -5.9711730015135185
2459138 zr 7.217502580355288 0.9484418461344282
2459138 zr 6.710171941413661 6.907982361027902
2459138 zr 5.935343585509975 4.938954371149425
2459138 zr 5.336195889287904 0.5125083263066252
2459138 zr 5.835551456589294 3.3433888111873395
2459140 zr 6.070639247809501 17.460569871645244
2459140 zr 5.894584249577564 5.314039770284088
2459140 zr 5.940812757234709 0.7344961441744271
2459140 zr 5.551773811799929 3.050454722151703
2459140 zr 6.9426936887720405 -3.293050584359473
2459142 zr 6.84851689731026 9.665792325916673
2459142 zr 8.989661133691397 12.256492268860836
2459142 zr 6.628266612262828 -4.333344193531236
2459142 zr 6.762261102139894 -1.7136009165842525
2459142 zr 6.596019075235579 2.692169128045573
2459144 zr 12.995510957342669 1.4994373358618351
2459144 zr 8.404820193125527 9.62487879753194
2459144 zr 7.619686854288121 0.11402831517361278
2459144 zr 9.505461881621395 -2.7117655512397683
2459144 zr 11.769912239204428 -5.4327782803653095
2459218 zr 14.477520968822466 -15.825988978198708
2459219 zr 6.748393216287183 9.133097015257025
2459219 zr 6.798179915556462 2.5733898116399834
2459219 zr 6.686464322220009 12.668247341875418
2459219 zr 7.454122603324793 -0.8861205294858632
2459219 zr 6.710583391649427 -1.7136912599121485
2459220 zr 6.895726392866051 -2.5120890445937567
2459220 zr 7.112541101124537 -0.7716630507675519
2459220 zr 6.771977729716072 9.44180533008779
2459220 zr 6.5734280839510175 0.4093088946995662
2459220 zr 6.48685851117081 6.979814569589714
2459222 zr 11.317225712925072 13.339865649125326
2459222 zr 9.225310989411765 1.0809804190386676
2459223 zr 9.11223492180598 -4.560042191786199
2459224 zr 6.306133962720556 -1.4277238405417196
2459224 zr 7.333661403896907 -11.067385930762262
2459224 zr 9.088494224828523 -10.200821814761168
2459225 zr 10.042579565383903 6.174631138616105
2459227 zr 21.439427803847728 -18.56351151053786
2459227 zr 5.4305332657735015 11.676784487358592
2459227 zr 7.156744636768908 2.7716610787225138
2459228 zr 5.4897673581021005 1.4497024694484943
2459228 zr 5.958820149694472 6.766456946663676
2459228 zr 6.205264208318379 2.673900345873793
2459228 zr 8.86514220809217 -13.51298583929454
2459229 zr 4.669516703549361 -3.305204547688106
2459229 zr 4.767659955351324 4.436907713772389
2459229 zr 4.569885013453416 7.679699743857736
2459229 zr 4.619306554499485 -8.37012417175743
2459249 zr 7.240691119507224 -13.779574466268038
2459268 zr 5.004685424957498 -3.84040853603862
2459271 zr 6.848577586540106 3.3722096090524794
2459272 zr 9.159910452388656 21.99926306977227
2459275 zr 8.179032406669393 -1.948007385208605
2459280 zr 6.2746954855536 -3.4501766589680054
2459291 zr 3.8172851728922392 -0.22433491256127147
2459295 zr 3.9469330581824877 -1.998496876233725
2459297 zr 5.659482634073542 4.280269347142517
2459303 zr 7.772866612706315 8.692671418176394
2459310 zr 4.155967139782255 -1.6269593361832233
2459312 zr 3.4719253955470224 -1.876842063226933
2459319 zr 3.5105113743220615 2.6528716076098453
2459322 zr 5.4044439821702985 3.264043282960014
2459324 zr 3.984738141722559 -1.8389173796838405
2459334 zr 6.182679466899202 6.454896895987607
2459336 zr 4.073800778879668 -0.07392626392523094
2459339 zr 3.2486554512882 7.833628532994429
2459343 zr 3.2605099176290118 -1.187800688017883
2459345 zr 3.2196186150200057 4.212649440139763
2459349 zr 2.87727151345938 -0.6920094445627374
2459354 zr 3.435278254334489 0.3422901587342678
2459358 zr 7.8938661163649755 11.352461105645236
2459363 zr 4.689166878906463 1.7616582308442261
2459365 zr 4.019338706862705 1.2261843230550604
2459367 zr 4.342869552807448 6.444812255407147
2459370 zr 3.4022826033496236 -0.8869998762992821
2459373 zr 3.157211332600304 -0.10127857597883883
2459374 zr 3.0353196239047504 5.044839057555832
2459374 zr 3.1167620915435794 -1.3787850116893
2459374 zr 2.964626410974463 -4.3038671129409325
2459374 zr 3.1345907377434306 -0.018641633950752468
2459374 zr 2.968799348139877 -4.141997070209315
2459374 zr 3.1824524267077896 0.38592765827604514
2459374 zr 3.1980520331770297 0.5016094747636181
2459374 zr 2.915882190217144 -0.6936455806788014
2459374 zr 3.0269443021058664 -3.222736079826955
2459374 zr 3.004722919393465 -1.558865970016019
2459374 zr 2.9975744149599453 1.987499764259308
2459374 zr 3.0655164644804693 2.0753091376223085
2459374 zr 3.43060237957625 2.808969411345166
2459374 zr 3.017891716476149 -4.554400579190812
2459374 zr 2.8390299447960126 -0.8416191517893904
2459374 zr 2.891811452196973 3.529996533871985
2459374 zr 3.0019567413799604 -5.756477849667819
2459374 zr 3.1003050642624728 0.33235540136326636
2459374 zr 2.8719762620671707 1.0187469493219026
2459374 zr 2.840873575969348 1.584870662274863
2459374 zr 3.0705478443621916 1.6451322493868985
2459374 zr 3.113892769146055 3.9917889004229288
2459374 zr 3.1427052641939786 1.3085251115860528
2459374 zr 2.995611751109411 2.3710639290250204
2459374 zr 3.0852156490622984 -1.160495064735183
2459374 zr 3.435278254334489 3.388643920424145
2459374 zr 3.3028247134820066 5.581783441734982
2459374 zr 3.34465417017075 0.1320513708355192
2459374 zr 3.537946157968388 1.6868612900880136
2459374 zr 3.6103659060640862 -0.9831184822421296
2459374 zr 5.133715105889443 -7.312840595940606
2459374 zr 5.644581706846252 -1.4972612367828813
2459374 zr 2.83932998467166 -0.3879335230579811
2459374 zr 4.599443333335948 -2.116383213279912
2459374 zr 2.7823763219126882 3.2801180896044935
2459374 zr 3.455973347367858 2.6352697225913246
2459374 zr 2.88148172025341 -1.343936668074741
2459374 zr 3.3349228058162557 2.989220107247254
2459374 zr 3.282211297208004 -1.6067538703738964
2459374 zr 3.4985314766652023 0.7466514195676448
2459374 zr 3.018592090234083 -3.7381657806844526
2459374 zr 2.861414977053132 -4.9391770024197115
2459374 zr 3.1318750693813446 10.132332223377164
2459374 zr 2.934742309949803 -2.3927429510242955
2459374 zr 2.968960568812697 -0.38747635520488244
2459374 zr 3.2371776699432564 2.4032397315712934
2459374 zr 3.0655164644804693 -3.9046159325084533
2459374 zr 3.4750938349858793 0.38271142774257383
2459374 zr 3.721876174984475 5.209620710324663
2459374 zr 3.597089297951934 0.03543066943771567
2459374 zr 4.445342959816765 5.137838838791556
2459374 zr 4.892760308044512 -4.669705604257958
2459374 zr 4.932471884703832 7.839728544875559
2459374 zr 3.4856661237917734 4.545784225469634
2459374 zr 3.567395164760733 -2.3088657434081474
2459374 zr 3.1833583187964813 -3.5464292203810412
2459374 zr 3.1405407265332532 3.053022535419905
2459374 zr 3.1783698306497743 -4.216300975789208
2459374 zr 3.1687321159010695 -1.0583474662919596
2459374 zr 3.2193377040808717 -5.826877955645626
2459374 zr 3.1483682608177794 -3.4934306985836514
2459374 zr 3.232734017784083 -7.847468251857912
2459374 zr 3.04933002271659 -4.003897985804185
2459374 zr 3.1427052641939786 -0.7981357255638358
2459374 zr 3.2276432443073295 2.8847308915575525
2459374 zr 3.049063969415614 2.979824200443848
2459374 zr 3.234197491758237 -1.9856169479855121
2459374 zr 3.1754437915506 1.234033710570277
2459374 zr 3.27153235176512 2.4404138664008594
2459374 zr 3.187164135225857 6.082979350917831
2459374 zr 3.1687321159010695 0.5947584652474336
2459374 zr 3.276170805770271 -0.0701126036481653
2459374 zr 3.189822638601063 2.596741753493748
2459374 zr 3.2461346912822595 1.963773802646013
2459374 zr 3.2134129234754196 0.5680608834269576
2459374 zr 3.0995857314597317 0.7094495935720733
2459374 zr 3.0513043316337587 -2.8962364569004673
2459374 zr 4.4655206809927455 5.2749131565256455
2459374 zr 4.739035433933096 -7.489396832162915
2459374 zr 5.062370661581887 -5.748553129654927
2459374 zr 5.8485184525775855 -3.632086771057639
2459374 zr 5.970693656868656 -3.1515504954313416
2459374 zr 5.361445589551969 3.17924277967797
2459374 zr 5.348670747315193 7.492258463638959
2459374 zr 5.181472282735359 3.492176714895001
2459374 zr 4.488197229051521 -2.520184029054817
2459374 zr 4.560136035987817 6.935369876485915
2459374 zr 3.941831075703311 -4.809660703083009
2459374 zr 4.258649848190501 -0.1790514661259176
2459374 zr 3.15185722263679 2.7430614414224745
2459374 zr 3.4305719790129734 2.884928924999132
2459374 zr 3.886867953946277 -3.663649875326688
2459374 zr 3.8512329343499507 0.7156631772132895
2459374 zr 3.597089297951934 -1.6068409585969854
2459374 zr 3.7278614299469526 3.7610655229287104
2459374 zr 3.6522004481411097 -0.7675060323726483
2459374 zr 3.5955918265129183 2.4764854431074546
2459374 zr 3.6735485648927626 -5.741281225375428
2459374 zr 4.277038566136467 -0.6593125300237029
2459374 zr 5.490486672027851 0.08671589777366984
2459374 zr 4.305263992168281 2.5829966884870346
2459374 zr 3.416346563511896 4.2785823112376935
2459374 zr 3.945463308741277 6.114069571331614
2459374 zr 6.563198224798121 -10.174569705755735
2459374 zr 3.9179578603352607 -3.0885285329269014
2459374 zr 3.5359299528591963 -2.953245483371073
2459374 zr 3.4985314766652023 3.15294543232427
2459374 zr 3.575646738271406 2.4835889532640203
2459374 zr 3.996667408306252 2.089251010300742
2459374 zr 3.0967322217913256 1.6210141403401042
2459374 zr 3.3165441701417673 0.23506236555986115
2459374 zr 2.949720360871276 4.977306549752447
2459374 zr 2.9673581906444593 2.2067379492662456
2459374 zr 3.0702233710539235 -1.6307545162178054
2459374 zr 3.178965287273789 2.8510408224989807
2459374 zr 3.521777546772278 3.8098436601594052
2459374 zr 3.460598532973529 0.987193427863828
2459374 zr 3.1957039242478316 1.4556537996675236
2459374 zr 3.1514008876609707 0.34114094452246313
2459374 zr 4.7984974966978875 0.9586718354990296
2459374 zr 3.6826004799680625 4.1412376510848565
2459374 zr 3.2997840999712147 4.189397435349018
2459374 zr 3.9264474271461682 -3.284539578485963
2459374 zr 3.309531628968188 1.994586910839439
2459374 zr 3.1833583187964813 2.7189559029081227
2459374 zr 3.228527051806144 -3.690871661600262
2459374 zr 3.6735485648927626 -4.243093683058468
2459374 zr 3.886104212051519 -2.9871348328984295
2459374 zr 4.538350241431632 -1.0234686504723678
2459375 zr 3.5341565697891046 -1.9827074385898973
2459377 zr 2.9607683507753704 1.7307192760657042
2459379 zr 3.1957039242478316 -0.21346126069294058
2459387 zr 8.329583818057845 13.84557570448781
2459391 zr 5.313452280854596 9.674532092206729
2459397 zr 3.6837129908960424 -0.048149788336840804
2459400 zr 3.0031012399214587 -1.0172784010268954
2459402 zr 3.1167620915435794 -2.3342748262791204
2459404 zr 3.4211363587108736 -2.7127496681960217
2459406 zr 3.6584574556346903 -6.763237968472498
2459408 zr 4.177071731006563 -2.1871535020191093
2459410 zr 3.924231372329759 1.4709313822455412
2459412 zr 4.8160791799882094 4.771957857944559
2459423 zr 7.197932906877274 7.519500811238647
2459427 zr 3.680876271202303 -1.628695258933118
2459430 zr 3.2011325173003247 -0.5459490096172673
2459435 zr 3.6034163329956193 -1.3467706352658504
2459438 zr 3.7386468395056895 -2.265013874767038
2459440 zr 5.480781371417354 -3.9901686999238493
2459443 zr 15.06645957509534 4.404562037439042
2459450 zr 5.50567842586315 -2.5360371452150114
2459451 zr 3.4526662967050705 1.8863651186823889
2459460 zr 4.2495521803011425 -3.5876610715094235
2459464 zr 4.863812052924794 2.2626273994285535
2459466 zr 3.593866332581505 0.24109374428632718
2459470 zr 4.64491529461243 8.141514010737751
2459473 zr 5.229287005292953 0.1712809859761033
2459476 zr 8.388647313160059 0.8339517578015218
2459478 zr 9.17757631753074 -0.4414576233583961
2459486 zr 4.3159072701890695 1.0762368675255716
2459498 zr 6.5571560787784104 8.791686296813046
2459498 zr 5.401096078975845 1.043871208269369
2459498 zr 5.470829490552463 -3.60898198972641
2459498 zr 5.839973032368631 -10.734910786222576
2459498 zr 6.092459545533048 -8.950903415189766
2459502 zr 7.953772448381759 -3.816183022208156
2459502 zr 8.203997780997652 -1.0975303158053886
2459510 zr 12.594502453369984 -7.004623817008006
2459510 zr 9.17590461451319 5.219915019432475
2459510 zr 6.832524772891841 7.717273281836577
2459510 zr 7.027367310938324 9.127789359543192
2459510 zr 6.37284929876175 -1.5511118740964442
2459512 zr 5.506579364211705 5.137084604548967
2459512 zr 5.705498800992633 4.655210750240917
2459639 zr 3.6155168052931184 -5.043656394683143
2459674 zr 3.9600257412616084 0.5018946148235016
2459678 zr 3.9207611348959315 4.494774014356651
2459682 zr 6.274093979221479 0.5975379094704574
2459684 zr 7.102008945672955 -5.446521101124451
2459688 zr 8.19597037961489 -3.493567673241092
2459690 zr 6.661572083119393 0.1857983303589136
2459694 zr 4.47169252086112 3.8392154317050773
2459696 zr 3.586860138836816 -2.0252065902244207
2459698 zr 3.637066312285446 0.08694994385826686
2459700 zr 3.4085254102030538 -0.2313974002251174
2459708 zr 3.6468209640785405 4.6392739335299735
2459710 zr 5.055101993627769 4.4689420744386945
2459712 zr 5.161238647016169 10.087403308643951
2459714 zr 8.817292909343536 17.152499002360027
2459726 zr 3.3028247134820066 -3.0086262856428263
2459735 zr 3.0626943193204785 2.859517686832393
2459737 zr 3.592281688665643 -4.747208575594566
2459741 zr 6.715427475277673 -8.025207827320788
2459747 zr 4.553079910031819 -3.564318146015273
2459749 zr 4.456334666989193 -1.473531612208427
2459751 zr 4.490266372134654 -3.7775370013139256
2459753 zr 3.162000398055159 1.0793074687801987
2459756 zr 3.104344949237043 0.5926010418066134
2459762 zr 3.2731547301138653 0.5365265241816346
2459764 zr 3.181020998447833 -2.847747018113205
2459766 zr 3.411029894079156 -0.04374183655031086
2459773 zr 9.137066385082312 2.638873984246185
2459775 zr 4.914793469940426 4.883050467159949
2459775 zr 6.5432259253355145 11.952193276158516
2459777 zr 3.2217031784139842 3.3474890044814583
2459779 zr 3.364228809405071 0.7570685687585521
2459779 zr 6.194361281067925 -5.85637575094149
2459783 zr 2.9320405567862333 -9.11870101803126
2459787 zr 3.206900796891908 1.7493825228199902
2459789 zr 3.5341565697891046 -0.4770403601279528
2459798 zr 5.206308785699765 8.730631776797415
2459806 zr 4.2805117030568764 1.3001084624523152
2459807 zr 3.892779106445043 -3.2859733494160714
2459807 zr 3.683956069855938 -2.1049362467799226
2459807 zr 3.875709516563679 -0.04884994557056828
2459807 zr 4.260844538259411 -1.1930422180405404
2459807 zr 4.234477083680946 1.003889432810858
2459807 zr 4.102722140017732 0.5407549933791399
2459807 zr 4.459621586527812 4.153380822974158
2459807 zr 4.080509964373173 -1.8819449635743437
2459807 zr 4.488466715239272 2.8457939322430947
2459807 zr 4.282506284614093 -1.0076145103237115
2459807 zr 4.009218822532368 -2.339476996763163
2459807 zr 3.9554854094558003 3.883772485903887
2459807 zr 3.9373116048272268 2.6227088750023264
2459807 zr 4.348157557643529 -9.009326586555218
2459807 zr 4.369178489738891 2.404968378707274
2459808 zr 3.8734504876175695 -0.2292683037728716
2459810 zr 3.9243739528616612 8.242501056865652
2459814 zr 4.776322230748342 -1.5901032490495626
2459816 zr 3.6982799829228474 3.2393310500414523
2459818 zr 3.9842186706993927 -0.3960697601013744
2459828 zr 6.456547942443255 1.7849210244567881
2459842 zr 4.8176113789498505 -4.1783611065390005
2459844 zr 4.246899005667539 5.063020419276866
2459864 zr 8.399042571567216 -12.734486764924778
2459877 zr 15.81315034639846 -11.57824961221551
2459877 zr 12.820348469505408 12.905356680093682
2459877 zr 9.632005661743761 3.94468902320841
2459877 zr 8.604727543018912 -4.675209450231831
2459877 zr 7.505527404379214 3.026229413447787
2459878 zr 10.806663766440687 -10.907449577882705
2459878 zr 9.309544385569916 19.366640483135775
2459878 zr 8.097072066151522 11.894451885656323
2459878 zr 6.771977729716072 -10.93033931011926
2459879 zr 8.736455482054055 6.670862441396598
2459879 zr 7.559895308675332 0.5672906592779027
2459879 zr 8.428022462520905 -4.379035551762121
2459879 zr 12.019524838059608 11.26558579161363
2459880 zr 15.499860379763884 -17.389681776304144
2460020 zr 3.9220618916077514 -0.20686670941730817
2460030 zr 3.540672726535829 2.365783173599016
2460036 zr 4.22532151066535 -0.2061527401603871
2460043 zr 5.914712625408827 11.343621342608417
2460045 zr 4.403295166528923 -4.79357260633333
2460049 zr 3.1547615276958276 0.6604784011769921
2460051 zr 3.211336279260612 0.18148287660797138
2460055 zr 3.4733713631009286 2.500673397189988
2460057 zr 5.1510490899316155 1.4679031831426024
2460059 zr 3.580562173878543 1.654715156440537
2460062 zr 3.1854439903770086 2.0961005075648864
2460062 zr 3.021703914983193 0.26137833528541976
2460063 zr 3.790406478428347 -3.7852795813620155
2460063 zr 3.691151920536837 5.104083488922878
2460063 zr 3.6482578494731395 5.59433906995142
2460064 zr 3.929293254891013 0.22139947719598269
2460064 zr 3.9700848328575593 8.174511044978134
2460093 zr 3.4353419544966495 -0.05754830032891577
2460093 zr 3.318978428198926 2.042475381739057
2460126 zr 8.407631394709101 -24.643766310460176
2460126 zr 8.599788899768352 -5.173214386607058
2460126 zr 8.442905641309272 0.5652214769762289
2460126 zr 9.219157361763811 20.15053144070849
2460126 zr 9.02667912374513 6.840788562938532
2460126 zr 8.336296673611491 0.879159049765047
2460134 zr 3.324326357637892 1.3766604690244335
2460134 zr 3.2885498510694857 5.982866312393191
2460134 zr 3.2686616924845526 2.5617769154702734
2460134 zr 3.3994169043560913 -4.420918486529803
2460134 zr 3.2267845829711788 0.23197340104448141
2460134 zr 3.1115791017573806 1.180869237501349
2460134 zr 3.4236197697845943 5.50572202645852
2460134 zr 3.4321793442865345 -2.6398623790166558
2460134 zr 3.4332359623237765 0.24705157046575854
2460134 zr 3.515296164194936 2.4907803271007993
2460134 zr 3.5684985576619717 -1.6062724373218447
2460134 zr 3.9151753648402288 2.027364197745343
2460134 zr 3.5932363599832002 2.162151354297921
2460134 zr 3.800894241279922 5.042193224326505
2460134 zr 3.5950393883442326 4.04098477656532
