jd filt fluxerr adjflux
2458203 zg 4.457544513342746 1.146840184599597
2458206 zg 6.706884921334258 -2.8080539713818524
2458206 zg 7.230014256279534 -12.265050093941042
2458233 zg 5.1390388743305415 -1.295673463309015
2458236 zg 13.19538030583421 1.064331066667691
2458237 zg 13.98552860943161 -24.676738974443353
2458244 zg 4.195655164427441 8.445309001886713
2458247 zg 2.4903013686216644 -3.983483622334134
2458262 zg 5.071000092135024 0.32515876979870484
2458267 zg 14.462904878669889 -5.83071804333801
2458270 zg 6.483059706634609 -3.6716218333494623
2458273 zg 2.5897844732240682 2.2264028961996445
2458279 zg 2.7118372552118855 6.501148841219759
2458282 zg 2.800076993645013 -1.616272465148512
2458295 zg 7.832527510391737 -3.4369703403474046
2458298 zg 6.139328254721519 -10.057663632479352
2458304 zg 2.702594234760326 -2.174486460961282
2458332 zg 3.539732020621093 0.899540652234719
2458336 zg 3.166405534563938 -0.3267590615510964
2458493 zg 3.632205272614362 99.72510684822888
2458544 zg 4.888255983901289 65.43110530888522
2458584 zg 3.147472325891785 43.27561812788189
2458587 zg 8.584900544215657 46.35970009333125
2458591 zg 13.879519584977935 39.019523553646536
2458597 zg 5.400267657063774 43.4363485520832
2458616 zg 4.631588026218339 34.00821837081338
2458633 zg 2.7240549803761223 32.34670667623948
2458636 zg 2.2256658403908567 28.279602430938606
2458639 zg 3.0155500151614913 25.199653048980004
2458642 zg 2.226720426609523 30.079918129861053
2458645 zg 5.470296186690309 27.18709030387447
2458650 zg 13.671704084352486 35.113892678160305
2458653 zg 7.30004747356372 11.463133997696954
2458657 zg 3.0122119391881723 23.297003313964314
2458660 zg 2.5261761045735276 25.093681124599176
2458665 zg 2.611054090942735 21.53229993859515
2458674 zg 5.579560215968381 20.480165481099228
2458683 zg 3.717575185674163 20.11476521216565
2458690 zg 3.1965815293135114 15.87462367482809
2458716 zg 4.156192829611702 11.063337909097314
2458720 zg 4.5908773337745306 19.296085982097114
2458723 zg 4.67444358257906 14.124789470844911
2458726 zg 5.100076983530961 8.90705533729781
2458874 zg 2.605265013213573 4.384810242002406
2458877 zg 2.7175706657283802 2.6646334807652563
2458893 zg 6.4554871389395245 4.076374806546596
2458896 zg 4.116214602121622 6.4703874319208925
2458914 zg 7.3111711033691 12.758309617833415
2458943 zg 4.931474418543743 8.018226169220796
2458954 zg 3.1643592685247843 -2.337348650090874
2458963 zg 2.9799187971766816 3.5743850187266495
2458963 zg 2.7834334750022647 2.5865477990274477
2458969 zg 10.584120721364751 -7.691611970099714
2458973 zg 8.379281492081985 -6.6625745132245955
2458978 zg 15.371623970104148 4.15763028045236
2458986 zg 2.584734078429273 -1.6264041256750494
2458992 zg 2.336808822689371 -2.1805819105034767
2458995 zg 2.636215116275825 -2.61038876212346
2458998 zg 2.554940825544162 -5.246003137655926
2459001 zg 6.042086630363837 -5.88424277505037
2459012 zg 2.424505555874454 0.7363147042874685
2459016 zg 2.4124794508522376 -2.561995724700629
2459019 zg 2.4289757761160953 0.8175171634694447
2459022 zg 2.345433822627395 -2.239132919052201
2459025 zg 2.766750348298264 -1.328128889557658
2459028 zg 4.253096851468084 1.6155299901936873
2459032 zg 8.104533180568833 2.561497126801502
2459035 zg 8.361297250476662 6.331299092114783
2459038 zg 4.91169922108608 0.13594661807027442
2459041 zg 2.8582726455323417 -3.441830687657224
2459217 zg 15.444520662453213 4.962788168344231
2459229 zg 2.7237671219299457 -3.728367842221478
2459232 zg 3.0019567413799604 2.3084915103423254
2459249 zg 5.602873815290475 1.1990129057430272
2459256 zg 2.168032025108197 -1.0904754264499532
2459269 zg 4.840497007244711 5.555482531017998
2459279 zg 4.811645449259496 -4.046168660044225
2459290 zg 2.4674701484405217 -4.602141490786385
2459292 zg 2.8233841562538107 -0.7397674782284825
2459295 zg 5.9914735810863675 -0.4201688591857172
2459297 zg 6.498073226629035 -8.157478818263508
2459302 zg 11.293048951595695 -15.35219448578292
2459305 zg 7.038395439063171 -9.557478322901861
2459307 zg 3.5572504478120535 -2.5140953515819144
2459309 zg 2.664500884954692 -0.6787267855842478
2459313 zg 4.028146643891367 -4.242118669002552
2459317 zg 2.3519234574081946 -3.233142324482782
2459320 zg 2.669131516018031 -5.5558690328953055
2459322 zg 2.8799227992323355 3.6087288354942344
2459324 zg 3.1128767107770807 -3.864903549854008
2459328 zg 7.531857603592745 -8.190089465439826
2459334 zg 3.1023123773078685 0.2711212971588329
2459336 zg 3.918710371336255 0.2693710531244566
2459339 zg 2.5389368984749585 -2.22824689942759
2459341 zg 2.216489575574428 0.7563117470255407
2459343 zg 2.6062487787761484 -2.6273789850612177
2459345 zg 2.8364163053944207 -0.3888830254654867
2459349 zg 2.248536422705851 -4.197269894559997
2459353 zg 2.9563913319377817 -8.137177804740247
2459356 zg 6.801758085619445 -3.50186821041173
2459361 zg 8.09286136388893 -2.2453281796812146
2459363 zg 4.114074056255553 -0.8066798704235685
2459365 zg 2.530833781487998 0.2469237386798035
2459367 zg 2.7378170874160688 -5.822971596567806
2459369 zg 2.565759046372498 -3.978779040503872
2459379 zg 3.280306637461684 -9.255953914725065
2459385 zg 7.966907160244309 5.616246935514498
2459392 zg 2.8476428905376974 -7.046164069968548
2459394 zg 3.0442883496645354 -7.793199706984718
2459396 zg 2.590907494523835 -0.5036426126744147
2459399 zg 3.1585356687206776 -4.770438898990561
2459401 zg 3.2089423897953635 -1.3122061902176323
2459405 zg 3.5864085450834513 -3.7659914887317574
2459407 zg 4.274624877781373 6.299792812903078
2459409 zg 3.823825006143745 -3.6899488873459885
2459411 zg 5.622816888340449 15.05404428231253
2459419 zg 12.25392436210462 -13.25560782653539
2459423 zg 3.719615158935261 -6.0053970280945475
2459425 zg 4.9653965778274936 2.9497162631009637
2459430 zg 3.757491518575293 -5.1690663529838226
2459435 zg 3.3139901964239864 -2.759609067043509
2459438 zg 4.632098634378509 6.46099740773657
2459443 zg 13.89055991084174 -6.467553286309279
2459600 zg 7.2480500156826135 1.9889288360342146
2459675 zg 2.8694881110694523 -1.9286992744238245
2459679 zg 4.778393411441228 -7.407118406286363
2459683 zg 6.77518026224732 -1.9291362048188112
2459695 zg 4.243555851424949 -9.0339811451098
2459700 zg 3.3226591006048927 -0.48327307510990325
2459702 zg 2.698795474856821 -4.752505055977874
2459712 zg 7.709563369953722 0.576058125790945
2459722 zg 2.6866795448764975 -0.07806561436487508
2459722 zg 2.676516797390616 -5.444450532220984
2459724 zg 2.6866795448764975 -0.07814220526308378
2459726 zg 2.3350701214999394 -1.049812826409239
2459732 zg 2.7175706657283802 -1.691821694529938
2459734 zg 3.3308463962052097 -6.281836220920418
2459736 zg 3.120113442058931 -9.691417893369175
2459738 zg 4.43404184038964 13.956432391809278
2459743 zg 14.265016370779371 -13.65204385882344
2459747 zg 3.845014739512465 -3.276262445342888
2459749 zg 3.222304189590912 1.2332757006555217
2459751 zg 3.051431695724161 1.0681198314931988
2459755 zg 3.013601238380363 -8.669596790653706
2459761 zg 2.814520587152874 -3.589981483579039
2459763 zg 3.0583401462335473 -7.485078384510183
2459768 zg 6.994987581692735 5.287613624056287
2459768 zg 5.866468345617921 6.591971130545512
2459771 zg 7.794373536086412 12.271304540147357
2459782 zg 3.626963343347285 -6.434493758574375
2459791 zg 6.349149031129974 2.229147013391229
2459794 zg 4.966408955786655 -2.884243650217124
2459806 zg 3.8985042227170426 -2.0925303189319377
2459810 zg 6.4612347660530425 3.8300142841417095
2459970 zg 3.5542106699308906 -8.082426003664045
2459978 zg 3.5605283058310015 -2.5704056753030535
2459993 zg 3.555941481949199 -0.7312370723655216
2459996 zg 3.313490926361754 -0.7312499364692463
2460016 zg 7.989523061298754 13.57600092840294
2460032 zg 4.782480185115754 -1.935299565982749
2460043 zg 7.242545429095928 -13.586780662329017
2460045 zg 3.4510497440742847 0.7354073170843942
2460049 zg 2.8642071840370105 -2.094619176347542
2460055 zg 2.9764846898167856 -1.1346040749955477
2460057 zg 3.4886689555599077 -6.134318865901106
2460059 zg 3.0039003781524007 -2.6497834200406674
2460061 zg 3.026680201953554 -4.216316126898633
2460063 zg 3.1707494096717603 -2.4123154860582416
2458198 zr 6.0848784495057755 -6.663115788652078
2458198 zr 3.574163653336193 2.47030981862099
2458217 zr 3.8844713674987945 -2.242956854818061
2458217 zr 4.336352811611943 0.8876306055481109
2458247 zr 3.6800653417009603 -2.8248233115256767
2458256 zr 4.137372369272935 -8.932381680190417
2458262 zr 6.229649646659732 5.067165863747363
2458270 zr 6.1839165854777915 3.4654226289199244
2458273 zr 4.082453283254273 -2.048643815717668
2458279 zr 3.4446956000446303 6.883290633751699
2458282 zr 3.762318255841194 1.8754381005224163
2458288 zr 4.074940048465444 -2.4370910073881165
2458291 zr 6.88043456312914 13.255328890420808
2458295 zr 7.014068021410986 4.4651286712545994
2458304 zr 4.6186299839269145 -4.176275609682963
2458312 zr 4.310436222972442 9.73846721857478
2458336 zr 3.9603350061486253 1.8754382759471702
2458468 zr 5.134229490346619 70.72874899603765
2458468 zr 4.90051742316302 69.15479186930479
2458469 zr 5.129502867255725 69.97356900883983
2458469 zr 5.040519241140336 66.25769422021912
2458469 zr 5.129389672983417 62.03555995969427
2458469 zr 6.203715989095798 66.25769422021912
2458472 zr 5.564933260707454 69.91104314930786
2458472 zr 5.0844260787428865 74.93737932029623
2458472 zr 5.862240382001292 59.44119337966899
2458472 zr 8.42858372902892 62.10579920694801
2458473 zr 9.240553992787229 58.33456875527874
2458473 zr 6.818732494859798 53.673864650253435
2458473 zr 5.849246540054746 72.57445726888825
2458473 zr 5.405871188680063 70.96680211042938
2458477 zr 6.356468056055372 60.60089649383184
2458477 zr 7.048612780423623 58.302180140444335
2458477 zr 7.832236370757091 58.87447958158734
2458477 zr 8.656744614222555 65.07842011222385
2458482 zr 7.368287040222341 54.04232563338732
2458483 zr 5.38599186477098 64.99940143551356
2458483 zr 7.272833630724159 61.83110476221271
2458560 zr 5.09653812008954 32.77809373603192
2458573 zr 4.253286227030724 26.566551198558106
2458581 zr 6.595016232396921 31.782621470478013
2458584 zr 4.525985629120275 18.883127177955778
2458587 zr 7.126949032546932 22.61542152660937
2458591 zr 9.267329516770266 41.31528412585985
2458597 zr 4.583843323499372 27.804321561143563
2458602 zr 4.425115490366604 28.836739130670782
2458606 zr 3.6868505200401636 20.38328997239135
2458616 zr 4.562782476501905 23.3241168002124
2458619 zr 13.892709282977844 -6.349485621005485
2458628 zr 3.7831671494389605 22.177265625629985
2458633 zr 3.7243932416038947 18.063435823425024
2458636 zr 3.7346983509124057 18.213562879751336
2458639 zr 3.32009759687281 16.41378665525611
2458642 zr 3.4194074243741945 22.338367172691626
2458645 zr 5.503765990818282 16.95924646737413
2458650 zr 9.050233005778127 16.497405703948516
2458660 zr 3.2866302663419233 11.551838808542392
2458668 zr 4.143060008168085 14.926089081067461
2458674 zr 6.130556888751866 29.591970223085625
2458677 zr 7.719015629070277 9.274095852584468
2458690 zr 4.610129984278607 7.030259476862472
2458698 zr 5.3760796334132595 13.933695808250109
2458716 zr 5.947027227343479 18.93187016885446
2458723 zr 7.416592706240441 19.443717727712823
2458748 zr 11.00182210828361 11.325513558205868
2458748 zr 10.860870075733233 8.54302765140241
2458882 zr 3.5643015055337623 4.339589744689205
2458886 zr 3.811145504631057 7.051554214528728
2458895 zr 4.450714791782093 -0.7995277821229645
2458900 zr 3.68345636852563 -0.49984410233762677
2458905 zr 3.8952194006551175 0.387495857037814
2458908 zr 3.9348839155557074 2.4918265049221997
2458915 zr 3.3354224710837768 1.7927402324666615
2458966 zr 3.521879024847181 0.5681770300908351
2458973 zr 6.130556888751866 17.587411733141764
2458978 zr 7.422779095113267 -5.33671587375288
2458981 zr 4.245458595988652 -2.4891465405880613
2458992 zr 3.307888409262826 -0.8392915816115056
2458995 zr 3.1770343585210608 3.4609115263413175
2458998 zr 3.262502478813181 -3.7858843558670956
2459005 zr 10.494887766293857 2.789288958250643
2459012 zr 3.259498986355475 -4.080939433612141
2459019 zr 3.2153030434372813 5.883451352122524
2459022 zr 3.2475126415334277 -4.913387327271754
2459028 zr 4.788968027857342 -4.3771400568893934
2459035 zr 10.82315655747041 -13.229979796605694
2459038 zr 3.5906612431806533 4.165743313193759
2459044 zr 3.65641540394214 -3.509034640538593
2459112 zr 8.699903646199209 -2.826256081593425
2459112 zr 7.138646372422905 22.136366666142596
2459112 zr 6.514062291778531 8.284358800192155
2459112 zr 6.5975219832297665 -2.051505045191828
2459112 zr 6.966336195832841 -2.6328358298116936
2459205 zr 5.529170220373282 1.4643457167188698
2459205 zr 6.420516601889227 -13.765312433007606
2459205 zr 4.814078532165546 4.8477608433170785
2459207 zr 10.372050400067296 -8.188190599356547
2459228 zr 4.116434635456937 -0.14044695159577675
2459231 zr 3.9896236035340595 3.613108383659662
2459248 zr 7.154914192338154 2.7977310557211985
2459254 zr 3.8382382103684485 -4.63012459627557
2459255 zr 3.6970517515290404 -1.7324542382655042
2459262 zr 3.7484828645330293 1.1998461319479883
2459269 zr 5.726640585386614 1.390912515108698
2459271 zr 6.683507345634335 -11.441387497902667
2459273 zr 10.517092381768817 -1.5542263570021009
2459275 zr 8.787387147678686 -5.606590922819033
2459278 zr 5.1389604688236625 1.5808635106720268
2459290 zr 3.369386646319147 2.165315595308698
2459292 zr 3.7072812090399174 -1.179298249463383
2459295 zr 4.796375441743215 3.952895426979189
2459297 zr 5.413273379857285 -3.1251095434653493
2459300 zr 8.72911840611958 7.373581739005392
2459302 zr 10.396566982097855 -11.46504817658693
2459305 zr 7.789073207122968 -6.771867158822319
2459307 zr 4.173699945530591 2.748978487663989
2459309 zr 3.779684327870733 2.9465374855962225
2459317 zr 3.3724913956753215 2.345649842612128
2459324 zr 4.824384768168923 -3.5283867065646213
2459328 zr 6.595016232396921 3.932300012088103
2459334 zr 5.580844563911688 -4.111918875601072
2459336 zr 4.467142072623614 -2.1796298063357886
2459339 zr 3.5251242895741863 -0.4258664480830922
2459341 zr 3.1624372115837924 1.5405934718491765
2459343 zr 3.6429694553384717 -4.884779874559837
2459353 zr 4.008038869377706 4.520342628495174
2459356 zr 6.026478656232498 -1.994749650422755
2459361 zr 9.058572418272863 0.7423786468184806
2459365 zr 5.093800569273215 8.15255213319429
2459369 zr 3.3139873805307336 -1.416099664675588
2459370 zr 3.451234220846973 -4.896490773776847
2459370 zr 3.460783520179241 -4.320489661825931
2459370 zr 3.6970517515290404 -1.8060114574319497
2459370 zr 3.5610201738693634 1.7256527801278454
2459370 zr 3.7866531802820904 3.3141735528439686
2459370 zr 3.663156977336736 -3.7428947991522956
2459370 zr 3.5643015055337623 1.923578368342149
2459370 zr 3.505697460589605 -1.611340150610303
2459370 zr 3.7346983509124057 0.345266223438799
2459370 zr 3.610558899124159 4.713763199388822
2459370 zr 3.557741863031766 1.527909404192812
2459370 zr 3.353905720897974 1.1329686183279224
2459370 zr 3.6844649887830814 9.171680826877278
2459370 zr 3.554466570239967 1.3303480727906136
2459370 zr 3.636265034504371 -5.279608270172517
2459370 zr 3.6540495653523823 7.337062693446242
2459370 zr 3.6766774366895554 -2.9702815241882514
2459370 zr 3.5413955240001362 0.5419198429766116
2459370 zr 3.165351265661657 1.7256527801278454
2459370 zr 3.251036995309781 7.540158962008164
2459370 zr 3.4164450036512535 -6.994930365142764
2459370 zr 3.690247799123855 -2.194816586998328
2459370 zr 3.3446513282223513 0.5419198429766116
2459370 zr 3.5055070939982618 10.815268586917753
2459370 zr 3.5446587723676424 0.7387546706276996
2459370 zr 3.4861883746496263 9.581443114778082
2459370 zr 3.5413955240001362 0.5419198429766116
2459370 zr 3.4131144409557908 4.914442206807948
2459370 zr 3.636265034504371 -5.279608270172517
2459370 zr 3.479961458479683 -3.1637017759699826
2459370 zr 3.790142423357356 3.5135628967396575
2459370 zr 3.633912233963187 6.122405484753941
2459370 zr 3.476757771107313 -3.35694396313157
2459370 zr 3.690247799123855 -2.194816586998328
2459370 zr 3.731260150205549 0.14879364519360683
2459370 zr 3.6766774366895554 -2.9702815241882514
2459370 zr 3.505697460589605 -1.611340150610303
2459370 zr 3.846409599807072 6.728895034159152
2459370 zr 3.7831671494389605 3.1149677687761117
2459370 zr 3.8808952842528037 -2.388950739568386
2459370 zr 3.6970517515290404 -1.8060114574319497
2459370 zr 3.7484828645330293 1.1329686183279224
2459370 zr 3.835796246961142 6.122405484753941
2459370 zr 3.660786776694878 7.743442375315951
2459370 zr 3.68345636852563 -2.582906170292787
2459370 zr 3.6439669892909103 6.728895034159152
2459370 zr 3.597281581307411 3.912892940737479
2459370 zr 3.4735570330816246 -3.550008249600253
2459370 zr 3.521879024847181 -0.6352895859397588
2459370 zr 3.6272244817903077 5.719009114612547
2459370 zr 3.470359241687434 -3.7428947991522956
2459370 zr 3.8287369530008806 5.719009114612547
2459370 zr 3.612896579394054 -6.6149755208323455
2459370 zr 3.7450319736648594 0.9357708733678439
2459370 zr 3.606247503854101 -6.994930365142764
2459370 zr 3.68345636852563 -2.582906170292787
2459370 zr 3.69125827904078 9.581443114778082
2459370 zr 3.7278251147406913 -0.04749805842870071
2459370 zr 3.7484828645330293 1.1329686183279224
2459370 zr 3.832264974518626 5.92061441424319
2459370 zr 3.7727283007437595 2.518450086440723
2459370 zr 3.65641540394214 -4.128135341865274
2459370 zr 3.7038682488284667 -1.4164894622938815
2459370 zr 3.5610201738693634 1.7256527801278454
2459370 zr 3.6039141257867087 4.312959255784321
2459370 zr 3.7588546279732173 1.7256527801278454
2459370 zr 3.8891574881599196 9.171680826877278
2459370 zr 3.448056980057286 -5.088137738032273
2459370 zr 3.1828920655753543 2.9159453755478215
2459370 zr 3.2896587591432866 -2.9702815241882514
2459370 zr 3.1363311508243323 -0.24360905394225052
2459370 zr 3.3787094797152397 2.7171062043275787
2459370 zr 3.3787094797152397 2.7171062043275787
2459370 zr 3.32928405126451 -0.43953950771005135
2459370 zr 3.332351847750853 -0.24360905394225052
2459370 zr 3.3446513282223513 0.5419198429766116
2459370 zr 3.3787094797152397 2.7171062043275787
2459370 zr 3.2064310955021647 4.51326893907428
2459370 zr 3.4036966743541144 4.312959255784321
2459370 zr 3.381822819673814 2.9159453755478215
2459370 zr 3.0621179237931546 -5.279608270172517
2459370 zr 3.3631857197655104 1.7256527801278454
2459370 zr 3.369386646319147 2.121686336735437
2459370 zr 3.381822819673814 2.9159453755478215
2459370 zr 3.2153030434372813 5.115306131567095
2459370 zr 3.5024700803959328 -1.8060114574319497
2459370 zr 3.32928405126451 -0.43953950771005135
2459370 zr 3.32009759687281 -1.0262492798528766
2459370 zr 3.499245671360805 -2.0005035478979347
2459370 zr 3.2564982589429925 -5.088137738032273
2459370 zr 3.0904513520953896 -3.35694396313157
2459370 zr 3.147907132444566 0.5419198429766116
2459370 zr 3.307888409262826 -1.8060114574319497
2459370 zr 3.121921018138878 -1.221459227190152
2459370 zr 3.5089278146795997 -1.4164894622938815
2459370 zr 3.3231569284243228 -0.8308594546860629
2459370 zr 3.4101574721904915 -7.374185951004151
2459370 zr 3.274544150089131 -3.935603775415401
2459370 zr 3.369386646319147 2.121686336735437
2459370 zr 3.3508180817001376 0.9357708733678439
2459370 zr 3.32928405126451 -0.43953950771005135
2459370 zr 3.7175389706720243 -0.6352895859397588
2459370 zr 3.463972487945185 -4.128135341865274
2459370 zr 3.6272244817903077 5.719009114612547
2459370 zr 3.369569620888476 -9.82239148611184
2459370 zr 3.5511942927155014 1.1329686183279224
2459370 zr 3.6396157011715795 -5.088137738032273
2459370 zr 3.633912233963187 6.122405484753941
2459370 zr 3.5610201738693634 1.7256527801278454
2459370 zr 3.5153974555123866 -1.0262492798528766
2459370 zr 3.3880581086734494 3.3141735528439686
2459370 zr 3.584053088942173 3.1149677687761117
2459370 zr 3.1828920655753543 2.9159453755478215
2459370 zr 3.5446587723676424 0.7387546706276996
2459370 zr 3.5906612431806533 3.5135628967396575
2459370 zr 3.505697460589605 -1.611340150610303
2459370 zr 3.381822819673814 2.9159453755478215
2459370 zr 3.353905720897974 1.1329686183279224
2459370 zr 3.451046811721695 7.337062693446242
2459370 zr 3.6766774366895554 -2.9702815241882514
2459370 zr 3.304843134062983 -2.0005035478979347
2459370 zr 3.5873556444777694 3.3141735528439686
2459370 zr 3.597281581307411 3.912892940737479
2459370 zr 3.5446587723676424 0.7387546706276996
2459370 zr 3.650685610725254 7.134153397344207
2459370 zr 3.521879024847181 -0.6352895859397588
2459370 zr 3.610558899124159 4.713763199388822
2459370 zr 3.554466570239967 1.3303480727906136
2459370 zr 3.369386646319147 2.121686336735437
2459370 zr 3.5121611454062376 -1.221459227190152
2459370 zr 3.416259483652112 5.115306131567095
2459370 zr 3.2836045616013516 -3.35694396313157
2459374 zr 4.276855820552095 -2.002031679961715
2459377 zr 3.660786776694878 7.740800062627964
2459379 zr 3.292690042574544 -2.7800533080212326
2459383 zr 6.69546657002777 0.733963257636901
2459385 zr 7.039825922869784 -21.991014577375797
2459390 zr 7.1796562758676865 -2.396121475199289
2459392 zr 6.667606684184509 -6.242146362852152
2459394 zr 7.199221330179927 -7.382657195722587
2459399 zr 3.9168047661935406 -0.4495784897924936
2459401 zr 4.491896748710272 -1.0368978693973343
2459403 zr 3.400563197105843 4.101585536097239
2459405 zr 4.1891047837107624 3.5017241967472907
2459409 zr 4.2493706091311605 -3.3699349955116626
2459411 zr 6.592526849991504 10.595603811580508
2459415 zr 6.582878945831198 3.498911586830427
2459425 zr 5.534774442190077 -5.870208898973737
2459427 zr 5.134229490346619 1.3126077735957793
2459430 zr 5.965730395905597 -4.146602298516777
2459438 zr 5.7786073236867015 -3.9559246910880304
2459450 zr 11.661487217715234 1.5050224582201508
2459477 zr 11.033052602130065 8.734844466141348
2459477 zr 9.591913918310803 -12.823431430274516
2459477 zr 9.671016072129493 -7.212473672978539
2459477 zr 10.21276094567546 17.909384999172495
2459477 zr 10.00165646207601 4.085005791508885
2459601 zr 6.652799418753145 -12.467011350983025
2459637 zr 5.17219960655995 2.87339462646139
2459641 zr 3.9385097470751584 0.6960264916435069
2459675 zr 3.7346983509124057 0.30124014398330073
2459677 zr 4.2945852056479366 8.922990657893186
2459679 zr 3.8595078145351387 -3.594164927065288
2459685 zr 12.802120271457293 4.068489136854075
2459688 zr 7.931704682838903 7.699006809655499
2459690 zr 4.896005957741926 -0.4840343473303491
2459702 zr 3.9457714363505576 1.0881375279147638
2459712 zr 8.603710439737238 14.722582750195974
2459717 zr 6.947114066163249 -3.595216379275868
2459719 zr 3.738139719777922 0.4966648000995725
2459719 zr 4.437359444179462 5.875359371366151
2459724 zr 3.6429694553384717 -4.941859842021606
2459732 zr 3.8393307733240207 6.278840287282057
2459734 zr 4.708831723882979 -0.0930818365020614
2459738 zr 5.028540329962051 5.270690214508362
2459743 zr 8.067727472487563 -4.558429654491038
2459747 zr 3.2866302663419233 -3.209540002112213
2459749 zr 6.175212503256222 -3.595883307617244
2459751 zr 4.004349028651899 4.267047955189893
2459753 zr 3.65641540394214 -4.17408230516837
2459759 zr 3.4288686614114026 5.874563849989519
2459761 zr 3.2564982589429925 -5.1342217368239815
2459765 zr 3.8595078145351387 -3.5961575212035974
2459773 zr 5.905594491706279 -6.280593795873122
2459773 zr 7.926578877648168 -3.2099754430401988
2459775 zr 7.594261116093423 3.866589408697525
2459778 zr 4.185248251890732 3.2678261168853373
2459784 zr 6.330283841786276 15.983803071226976
2459787 zr 4.218175158812967 -4.942963724559521
2459789 zr 4.896005957741926 -0.4860391349916329
2459794 zr 4.819943391232548 -3.7894592652746524
2459798 zr 6.947114066163249 -3.5966227369046466
2459806 zr 5.858995759187311 -1.072959096409022
2459808 zr 6.056920972563624 -7.610284627547286
2459810 zr 5.691983372860362 -13.762537464567728
2459842 zr 8.556295711172924 13.464992963201741
2459842 zr 7.594261116093423 3.8658226822635022
2459842 zr 6.9433646381550735 2.272906594890788
2459842 zr 7.106987073955676 -10.05657387530989
2459842 zr 7.6786615466480415 6.277312238850943
2459843 zr 7.367220238381133 3.0678889158959506
2459843 zr 6.692216359858221 -5.517981385502919
2459843 zr 6.4841328942016565 6.884352048691271
2459843 zr 6.552633364449688 2.471371233560562
2459843 zr 6.801126394211686 4.065755126713912
2459936 zr 5.511569357148982 17.040076677499812
2459936 zr 5.688832983605584 -7.232284375797051
2459936 zr 5.045163869528644 -2.4365896304720858
2459936 zr 5.110639848616976 0.2976273325350995
2459936 zr 5.47393866461275 -8.178243383495996
2459938 zr 4.824384768168923 -3.5976551623620967
2459938 zr 5.445850226947521 5.872967501481346
2459938 zr 6.029091948559889 -8.555416927773004
2459938 zr 5.56544540503425 -4.752314127594596
2459952 zr 8.277244532916148 6.074705899974516
2459970 zr 4.089980370687873 -1.6590992792549921
2459977 zr 6.643789574773586 5.469809366310872
2459986 zr 6.8110782351894805 10.97376461002127
2460016 zr 7.541987107254955 -13.396096329305939
2460032 zr 4.257205453008958 -3.018190619412703
2460045 zr 3.1276771091052447 -0.8787915585771944
2460049 zr 3.268517769058173 -4.368428373531855
2460051 zr 3.566609236147841 -9.307961898655172
2460053 zr 4.345400049361893 -7.989706144406614
2460055 zr 3.5446587723676424 0.6908064383992826
2460059 zr 4.1088588623217115 -0.6832439140159509
2460061 zr 3.7971305580467116 3.8649356376893675
2460063 zr 3.8748556635803 8.306456978550905
2460067 zr 9.41684175892639 -16.498995762381544
