jd filt fluxerr adjflux
2458207 zg 7.784143645753848 -1.466244990011262
2458207 zg 7.423350539709917 -10.613394258767599
2458210 zg 12.571305267064945 -4.964716765912669
2458233 zg 5.028746700443494 -7.060088453281082
2458236 zg 9.901525281780009 -20.356886049745
2458246 zg 3.164171105086395 -3.058574608328442
2458262 zg 5.137492718385824 7.055214814766586
2458269 zg 10.181922393824127 -8.148275279599403
2458272 zg 3.076562152492616 -2.037292598453149
2458275 zg 2.436265469489886 -5.519690356636829
2458281 zg 3.1078903866145846 -0.7775074866990792
2458284 zg 2.6621330977810693 -0.08495334323421844
2458288 zg 3.453503975516938 8.160681557851333
2458295 zg 9.065671309326417 14.859850304073419
2458298 zg 6.7511506389123 12.547895139507332
2458304 zg 2.7953086276728203 6.20172032595373
2458307 zg 2.9284778101495164 1.4287747654397975
2458334 zg 3.586106504854334 4.032121647667296
2458337 zg 3.136647342300755 0.3788802143046439
2458345 zg 3.780680465127702 -8.4727817209384
2458363 zg 3.6380077740777055 1.663268901024722
2458494 zg 3.3907824513120888 1.1947121864156287
2458541 zg 3.338104489326776 -0.7775074866990792
2458560 zg 4.574692638324232 -1.5806649902379064
2458568 zg 5.217780263070306 12.42057358151807
2458574 zg 2.9872754990850536 -1.0075096845211817
2458581 zg 3.4595784537594 -0.5470812187079162
2458584 zg 3.266372368747161 5.595441617122006
2458587 zg 7.60769651244851 11.912458405992837
2458591 zg 14.688933792040084 -13.441377839408915
2458606 zg 2.5652199555985833 0.8444257494628005
2458617 zg 4.544496629525682 -5.40890000410397
2458636 zg 2.518399414802715 -1.466244990011262
2458639 zg 2.727176027261201 -2.378661002551837
2458642 zg 2.615318643774553 3.3168784568963616
2458645 zg 5.485292447580544 0.9610803697265737
2458650 zg 9.876911936149355 -2.4922410234589876
2458657 zg 2.9845253833414183 -1.122352001065039
2458665 zg 2.558761249048617 -4.964716765912669
2458674 zg 4.860554147986177 2.9607363514709135
2458677 zg 11.314243839613606 3.554853813351528
2458680 zg 10.27495719536414 8.654949184201868
2458684 zg 2.6207751669381545 -2.037292598453149
2458692 zg 2.9168437853977256 6.20172032595373
2458705 zg 9.618979966555614 6.445014654965732
2458708 zg 8.502766986761984 4.271415745001676
2458714 zg 6.057665281709118 0.7278785226102968
2458720 zg 4.228676183156284 1.780678051123246
2458723 zg 4.443094246546875 1.1947121864156287
2458726 zg 4.248194865572966 2.3693486113723594
2458729 zg 7.5444014359899425 -13.544773412397006
2458734 zg 7.115030803059194 9.773731728660337
2458893 zg 6.426195602174335 -7.49656625953935
2458913 zg 2.7066354455916106 2.015821013924196
2458915 zg 5.20852127826731 -0.08495334323421844
2458943 zg 4.500756584876743 2.842240827882719
2458954 zg 3.445590194012023 -5.075916037983589
2458963 zg 2.6917192782154347 1.3116895810308629
2458969 zg 35.02479890174221 25.751349361298562
2458972 zg 4.847872835549613 -0.4317088141162626
2458975 zg 10.744850572545387 9.89861433220488
2458978 zg 50.318570541308226 22.302680214536895
2458981 zg 4.322813867109795 -5.408900004102235
2458986 zg 2.5943571637922007 -3.2843787929179573
2458992 zg 2.599140550606682 -3.058574608206962
2458995 zg 2.951720808504405 -2.4922410230917524
2458998 zg 2.667041447539558 0.14674983343415582
2459005 zg 9.803501395675866 0.9610803821955887
2459011 zg 3.125112766960386 -0.08495325155948899
2459017 zg 2.4930133822645812 -2.7190868568213955
2459020 zg 2.5306364841017293 -6.29237068095357
2459023 zg 2.3928816741609236 -2.0372888155509834
2459026 zg 7.7178017489571875 9.399782367189836
2459033 zg 8.037734353078028 -7.8228071706200115
2459036 zg 5.819665309392116 3.19819684034589
2459039 zg 2.572940629259395 -4.295057929772469
2459042 zg 2.6621330977810693 -0.08429860109090641
2459227 zg 3.437952933941442 90.08621360610903
2459229 zg 3.418402391658462 84.1758843735388
2459248 zg 5.274175845269209 82.40013664572142
2459256 zg 2.441862602735901 75.28761747350697
2459269 zg 2.65234348121554 69.29919095824954
2459270 zg 7.53662196363647 65.85731979632565
2459279 zg 4.949603208312116 65.4877099968323
2459292 zg 3.1496330594301667 58.26060589193464
2459295 zg 6.868362040371041 59.447241914330654
2459302 zg 11.06173634034136 51.86889714864093
2459306 zg 5.457008188039729 66.3898263589319
2459308 zg 3.2126668579184003 60.32091779484119
2459310 zg 2.8750270662939625 55.3968948162101
2459312 zg 2.5967477557840075 52.528514690501666
2459314 zg 2.808750551181323 56.42849179512283
2459316 zg 2.4576567322836578 55.85135780604281
2459324 zg 3.040011852900493 53.48564729115992
2459334 zg 7.250217240697524 37.940947489848966
2459336 zg 4.154355456051719 45.24340767388802
2459339 zg 2.6744209458536057 48.81656074465506
2459341 zg 2.4599213605255934 49.24425048303063
2459343 zg 2.8251527723985674 44.2562200985343
2459345 zg 2.982922277525877 50.61262432168721
2459349 zg 2.319166476121355 45.9907386046231
2459352 zg 2.65234348121554 44.57873976528579
2459358 zg 11.336837865343297 56.27095561872381
2459361 zg 8.530278144686594 40.77314171437989
2459363 zg 4.892729650611211 43.315339776923345
2459365 zg 2.558141774294753 42.6366292014635
2459367 zg 3.811113714396162 45.25510871842617
2459369 zg 2.7096498321224427 38.092078338011284
2459377 zg 2.790700117412458 40.05736700640665
2459379 zg 3.062494214384639 41.28155546914523
2459383 zg 5.334082895079116 38.479196740853396
2459390 zg 7.311925603668676 41.33712559119432
2459392 zg 3.6814242506485084 31.92852913638241
2459394 zg 3.094995060814327 30.435254161530622
2459399 zg 2.9774325893720017 38.791484604654386
2459409 zg 3.443683134624713 32.3076784070989
2459411 zg 4.458224357105353 28.33797021815453
2459419 zg 11.065845467823543 42.49207594313598
2459428 zg 4.0309223271766115 26.06529486529728
2459435 zg 3.003829491807744 28.83836406951769
2459438 zg 3.9028408859080086 27.575521646656235
2459440 zg 6.740073281552567 35.697457900797595
2459443 zg 11.197006464379477 23.769069253578127
2459453 zg 3.553463895917401 21.332363778223854
2459455 zg 4.127657493151357 21.611185680209125
2459641 zg 2.6645861424710984 9.89001481294939
2459682 zg 5.898006849530048 5.3398373423715135
2459684 zg 7.906983666001966 8.357460925316813
2459696 zg 3.0864550772830732 1.309027371532431
2459698 zg 3.0964615608965804 6.066764124923428
2459702 zg 2.982922277525877 10.944962621164798
2459710 zg 6.068834197323154 7.817902470053638
2459712 zg 8.064547817096523 -13.474743979100282
2459723 zg 3.1050292315974795 5.5107995973661295
2459725 zg 3.112145981688279 1.2603948188052305
2459734 zg 3.262119954409816 2.4208613686297946
2459736 zg 3.1761421175237565 -0.861356956928498
2459738 zg 4.4677156615606775 7.815468162785643
2459748 zg 3.2859425056185727 7.277160022947251
2459750 zg 3.214104258983066 4.432755460570542
2459755 zg 2.9528537500512826 7.898235558827052
2459760 zg 2.8765721862069213 -0.3600845009488154
2459764 zg 3.5384728591214647 -4.173260963872899
2459766 zg 3.346749318771371 0.47596049393823936
2459771 zg 6.676944995493636 16.001585235820425
2459784 zg 4.096527445224806 13.671749320643357
2459791 zg 4.8547892825527095 1.305359897237592
2459794 zg 4.014355861133574 10.730067481774192
2459798 zg 9.386761455173756 2.8487069603607296
2459806 zg 3.6595120678929343 10.825799090580373
2459810 zg 5.525240917409446 21.129696319168154
2459815 zg 3.9976468829070755 -1.2413676794915331
2459970 zg 4.107428132023216 3.4083883947532447
2460016 zg 8.252774317728425 3.6212701596691845
2460022 zg 5.65064480780702 0.7802081853855878
2460043 zg 9.005664867983144 -5.323819502726435
2460045 zg 4.278619370494644 0.9753166175052475
2460049 zg 3.2438439995300326 1.182308180392032
2460051 zg 2.566333958187956 -8.515590546587148
2460055 zg 3.085074763062783 -0.579310224673053
2460057 zg 4.204396375361018 -1.2746738680575938
2460059 zg 3.1934488198488995 -0.830866195565723
2460061 zg 3.3504252024009453 0.7647581444597145
2460063 zg 3.2681345393694174 -2.3274559024964354
2460067 zg 9.319229806818722 -2.799687695295194
2458198 zr 4.566904306143744 9.515305316457159
2458198 zr 4.010790380149369 10.659137115277304
2458219 zr 4.365378564664896 -4.159931790687381
2458219 zr 4.54936571462573 -9.834436924392946
2458224 zr 6.321640067331896 -1.9691813972107752
2458243 zr 5.436656880847632 -5.2492685672381185
2458246 zr 4.707072096841082 0.23777065752653925
2458257 zr 4.471177504666248 3.0194269333438797
2458257 zr 4.126607735976217 -1.6942008674650992
2458262 zr 5.793236038546296 -0.8677380455041543
2458272 zr 5.156730488763474 10.659137115277304
2458278 zr 4.562699968299514 9.230005203049927
2458281 zr 3.6529630662744794 4.700759913460445
2458284 zr 3.5895935920555098 -0.5917425816181776
2458288 zr 4.119013240546497 -2.243908777126194
2458291 zr 6.317033363778135 -14.611702748132416
2458295 zr 7.713752374310739 9.800868322028009
2458304 zr 5.383386113311604 7.240245088028416
2458331 zr 5.312903461529829 -11.967446958035794
2458337 zr 4.554302900714337 8.660192684860647
2458473 zr 6.896709569697972 -0.8677380455041543
2458473 zr 6.951447976329247 -10.101923471295265
2458473 zr 7.934141231195247 -3.3402914563213812
2458473 zr 9.6606073254524 -9.030497508775625
2458477 zr 9.669509172441908 -8.762023687505462
2458477 zr 8.46158861995596 -13.292619159685785
2458477 zr 8.170021203686758 -4.705101836945175
2458477 zr 9.848743933639936 14.116025723721293
2458482 zr 9.732052200195232 -6.875767310089373
2458482 zr 7.8282681411220265 14.405828101385566
2458482 zr 7.431901188774203 -22.14374654376229
2458494 zr 5.288492887472475 -13.292619159685785
2458542 zr 4.608407240748425 -6.063641483476317
2458560 zr 6.210472023771439 6.108985779311695
2458574 zr 6.375484153835795 -11.967446958035794
2458581 zr 6.725323362788596 3.858932000464165
2458584 zr 4.737517751893435 2.182238302698181
2458587 zr 8.407210225655437 -15.137637642457321
2458591 zr 9.149152066354308 -8.224333654700786
2458597 zr 4.970206512076859 -0.5917425816181776
2458606 zr 4.107647695675448 -3.066574347346261
2458617 zr 5.314415791195278 3.299004257737522
2458628 zr 4.149475340404297 -0.03898846455479088
2458633 zr 4.025253052271833 -9.030497508775625
2458636 zr 4.450634310085067 1.625396300957732
2458639 zr 3.8728436510440107 -0.03898846455479088
2458642 zr 3.8126765617204876 -4.705101836945175
2458650 zr 10.134549067478423 5.263272165218552
2458653 zr 6.119622176366967 1.625396300957732
2458657 zr 4.495954543107052 4.700759913460445
2458660 zr 3.7430873718695947 -10.101923471295265
2458668 zr 4.6596237513930046 -2.7926050194645313
2458671 zr 5.141093825903331 -6.605307994751797
2458674 zr 5.150572798483533 -6.063641483476317
2458684 zr 5.83343831406613 -12.498248268021086
2458692 zr 5.539308206205841 16.15025884470907
2458698 zr 5.661505383303338 6.957039417852172
2458708 zr 9.414144193682164 0.23777065752653925
2458720 zr 6.085897165926302 -0.03898846455479088
2458723 zr 6.833480156304396 -3.6137565785851393
2458758 zr 8.022318991448309 -0.03898846455479088
2458758 zr 8.118951121647871 3.5788392009819745
2458758 zr 12.0495376916629 3.858932000464165
2458758 zr 9.682109127610028 -0.03898846455479088
2458850 zr 6.343436689540282 12.671010851075152
2458899 zr 4.085010601843379 -4.705101836945175
2458912 zr 4.325356533420104 -6.875767310089373
2458916 zr 4.956492279606013 -1.4189669546219648
2458943 zr 5.396745332709395 -7.4159392073196955
2458966 zr 3.8267488875304614 -3.613756578585047
2458975 zr 8.47718980702424 -12.76328248351863
2458978 zr 8.156426497305969 4.98188651612793
2458981 zr 4.825856836796213 -9.298724170320705
2458986 zr 3.4885526453022555 -9.030497508550686
2458992 zr 3.5796888686043427 -1.4189669527005386
2458998 zr 3.749988748067882 -9.566703884785262
2459001 zr 6.126744434740608 -11.169409376411634
2459008 zr 6.2062571326158045 -7.415938830009506
2459011 zr 4.273875940738307 -10.369162821805924
2459014 zr 3.788174398034034 -6.6053056776611845
2459017 zr 3.7190324230708804 -11.967441406568042
2459020 zr 3.7603646781718534 -8.762010682785668
2459036 zr 6.267936813889838 8.945800971981287
2459039 zr 3.7916650428480536 -6.332906792580946
2459042 zr 3.8302750771287397 -3.3369293855889235
2459045 zr 3.8267488875304614 -3.6072272307018447
2459120 zr 9.041737767104742 76.48292845482271
2459120 zr 8.718938669533966 75.07340496753196
2459120 zr 8.674075214173588 83.62873955910615
2459120 zr 9.091842573723005 78.1829472853806
2459122 zr 10.918589439457481 77.63337518917898
2459122 zr 9.660082734580692 82.14596482216238
2459122 zr 11.019715555768645 51.91078944443471
2459205 zr 5.558171264454621 58.492323768112584
2459205 zr 5.471821538755343 53.804672594980644
2459205 zr 5.625121722279978 62.12685056741876
2459205 zr 6.427317662957731 60.164390984645905
2459205 zr 5.793236038546296 56.27722600579787
2459225 zr 5.925494642061404 43.48035805816592
2459227 zr 5.473379104801295 63.2796941940747
2459231 zr 4.6424886465014445 45.94960559178873
2459248 zr 8.035690174431176 36.00447517183177
2459254 zr 3.926720272971536 48.293857264062986
2459255 zr 4.438353727090594 44.7148465639598
2459262 zr 4.333331477540632 35.99943112697824
2459265 zr 4.17246966570475 43.2962442587561
2459268 zr 4.724702135841917 25.617812386423914
2459272 zr 9.585524218843396 55.14977705330655
2459283 zr 4.23079430997798 24.611695636798956
2459291 zr 4.269941367742086 25.70531835232302
2459295 zr 5.07194381601448 41.12930707079982
2459297 zr 5.461751348825228 31.324812034399457
2459302 zr 13.454635391697511 26.072908678172688
2459306 zr 5.69812437626349 42.52771030528647
2459308 zr 4.14183876006405 32.63935145925207
2459310 zr 3.919161751157815 16.173485715185066
2459312 zr 4.043832776178587 24.85315263702072
2459313 zr 4.663917400463523 29.849614662734176
2459313 zr 4.438353727090594 33.16005210566734
2459313 zr 5.11416144771919 40.45942673696478
2459313 zr 4.604164694886922 26.03339844057134
2459313 zr 5.497078319419041 30.398816505788623
2459313 zr 4.8525993314143046 24.68234565555533
2459313 zr 4.781613115376846 20.400550944963605
2459313 zr 5.081295292176632 38.476983682311094
2459313 zr 5.174346762334947 27.662896066054223
2459313 zr 5.241499272970458 31.500259857495244
2459313 zr 5.126908066073925 24.952058695679703
2459313 zr 5.08458521046405 22.533560978606452
2459313 zr 4.874997912233211 26.03339844057134
2459313 zr 5.212613565223937 29.849614662734176
2459313 zr 3.7951589041457616 26.30435641952308
2459313 zr 4.676822100773046 30.6737970355343
2459313 zr 4.389569318083316 29.849614662734176
2459313 zr 4.353333226847717 27.390687401896137
2459313 zr 4.655334055098842 29.301423555653137
2459313 zr 4.301519654272169 23.874695424200205
2459313 zr 4.377457231004274 29.027706446678017
2459313 zr 4.017845087215588 22.801294003213876
2459313 zr 4.843668741011103 24.143664248298613
2459313 zr 4.746252624741332 35.108104893634014
2459313 zr 3.8408731533229017 29.849614662734176
2459313 zr 3.862157359030864 31.500259857495244
2459313 zr 4.010450755574566 22.266074431704133
2459313 zr 4.036390617509253 24.143664248298613
2459313 zr 4.145655291846683 32.052505103582256
2459313 zr 4.604164694886922 26.03339844057134
2459313 zr 3.8799842674223086 32.88278270460224
2459313 zr 4.947370487477136 30.398816505788623
2459313 zr 5.426651406987194 26.57556407495931
2459313 zr 5.2366738962433255 31.224518477798107
2459313 zr 5.161482200972701 43.31375201717386
2459313 zr 5.373478677507234 39.042092372652995
2459313 zr 4.956492279606013 30.949030948377434
2459313 zr 4.861546387734006 25.222020265128116
2459313 zr 5.155318836637834 26.57556407495931
2459313 zr 5.2366738962433255 31.224518477798107
2459313 zr 6.480817098240725 37.912915002467706
2459313 zr 6.480817098240725 37.912915002467706
2459313 zr 5.476863594233931 29.301423555653137
2459313 zr 5.122188183159544 24.68234565555533
2459313 zr 5.289998268614271 34.27168698722655
2459313 zr 5.777250830366704 30.6737970355343
2459313 zr 5.507213644006681 30.949030948377434
2459313 zr 5.436656880847632 27.11872933576128
2459313 zr 5.183887045539564 28.208066112312018
2459313 zr 5.31931280383826 35.94683710398137
2459313 zr 4.93826548284373 29.849614662734176
2459313 zr 5.358651700885356 38.194819460785844
2459313 zr 4.866026100097616 25.492230592910026
2459313 zr 5.53263378720573 32.32900943844461
2459313 zr 5.6044361356571635 36.226929903463564
2459313 zr 5.367004069695778 23.337500394223774
2459313 zr 4.629678682089164 27.662896066054223
2459313 zr 5.461751348825228 28.481027956882222
2459313 zr 5.203020414522235 29.301423555653137
2459313 zr 5.338946019939624 37.06875781645984
2459313 zr 5.256002097845443 32.32900943844461
2459313 zr 5.32912037046137 36.50728079678603
2459313 zr 5.174346762334947 27.662896066054223
2459313 zr 5.164824036805251 27.11872933576128
2459313 zr 5.294872781527957 34.55023620569758
2459313 zr 4.772813166054106 19.869749634978312
2459313 zr 5.5224516800854 31.77625532138122
2459313 zr 4.956492279606013 30.949030948377434
2459313 zr 4.528463277851754 21.198588486066875
2459313 zr 4.638214724956452 28.208066112312018
2459313 zr 5.441666533559647 27.390687401896137
2459313 zr 5.08458521046405 22.533560978606452
2459313 zr 5.624983122101823 22.801294003213876
2459313 zr 5.222224403448088 30.398816505788623
2459313 zr 5.136360883436374 25.492230592910026
2459313 zr 4.866026100097616 25.492230592910026
2459313 zr 5.145831129579501 26.03339844057134
2459313 zr 5.002354138009157 33.71535761980996
2459313 zr 4.681131597405679 30.949030948377434
2459313 zr 4.422032311303129 32.052505103582256
2459313 zr 4.365378564664896 28.208066112312018
2459313 zr 4.107647695675448 29.301423555653137
2459313 zr 4.446537011563696 33.71535761980996
2459313 zr 4.33732446188087 26.30435641952308
2459313 zr 4.616904064061277 26.84702163694643
2459313 zr 4.794843470666563 21.198588486066875
2459313 zr 4.633944738026432 27.935355559149194
2459313 zr 4.5956913167588604 25.492230592910026
2459313 zr 4.847868716318234 41.598003106049326
2459313 zr 4.571112518110068 42.16886622502741
2459313 zr 4.305483325343204 24.143664248298613
2459313 zr 4.405770915205345 30.949030948377434
2459313 zr 4.6897625073946205 31.500259857495244
2459313 zr 4.698409330759575 32.052505103582256
2459313 zr 5.212613565223937 29.849614662734176
2459313 zr 6.780001109836768 52.03617210136334
2459313 zr 6.613475742763003 44.17518862124924
2459313 zr 5.203020414522235 29.301423555653137
2459313 zr 4.081249900169735 27.390687401896137
2459313 zr 4.413894124606702 31.500259857495244
2459313 zr 4.561953459241412 23.337500394223774
2459313 zr 4.54936571462573 22.533560978606452
2459313 zr 4.707072096841082 32.60576856052594
2459313 zr 4.803423188774394 38.759407906406885
2459313 zr 4.41796134406832 31.77625532138122
2459313 zr 4.430185502909253 32.60576856052594
2459313 zr 4.13421623387631 31.224518477798107
2459313 zr 4.397662655535233 30.398816505788623
2459313 zr 4.633944738026432 27.935355559149194
2459313 zr 5.337426709677608 21.731839863579147
2459313 zr 5.860364241925799 21.198588486066875
2459313 zr 6.176246343197237 36.7878900217702
2459313 zr 5.451699691795802 27.935355559149194
2459313 zr 5.645883657974037 38.476983682311094
2459313 zr 4.385528236605181 29.575392883534867
2459313 zr 4.947370487477136 30.398816505788623
2459313 zr 4.781613115376846 20.400550944963605
2459313 zr 4.685445065059818 31.224518477798107
2459313 zr 5.142501582873826 42.16886622502741
2459313 zr 4.4670612938741945 35.108104893634014
2459313 zr 4.482815349471699 18.28319974992379
2459313 zr 4.616904064061277 26.84702163694643
2459313 zr 4.558499501010791 41.31296564278258
2459313 zr 4.434267734196924 32.88278270460224
2459313 zr 5.103352063233229 23.605974215493937
2459313 zr 5.222224403448088 30.398816505788623
2459313 zr 5.31931280383826 35.94683710398137
2459313 zr 5.251163369672466 32.052505103582256
2459313 zr 5.461751348825228 28.481027956882222
2459313 zr 5.860364241925799 21.198588486066875
2459313 zr 5.386813310964913 24.41288091595819
2459313 zr 5.241499272970458 31.500259857495244
2459313 zr 5.141093825903331 25.7626899082476
2459316 zr 3.264999920135788 26.883627390592544
2459322 zr 4.7114094675842315 31.38530823999743
2459324 zr 5.719014842580732 25.84217301623969
2459328 zr 6.445101556005738 33.769828553476664
2459334 zr 6.046786151360944 27.011918790170494
2459339 zr 3.8515005535778024 26.534186345368493
2459341 zr 3.599525721113768 28.17057537894207
2459343 zr 4.12280873956428 25.67113590897982
2459345 zr 3.7986559848910355 21.558458730241586
2459349 zr 3.691730287800222 12.696304969058648
2459352 zr 4.325356533420104 19.485797152516803
2459358 zr 10.153234801677517 31.368922558766094
2459361 zr 8.544046883344373 23.998492471065514
2459367 zr 4.273875940738307 13.991256360512427
2459371 zr 3.586288976242945 22.985191878228928
2459375 zr 4.153298908977424 23.59378270325083
2459377 zr 3.8197062440817837 18.95151693025274
2459379 zr 4.13041023300501 21.450479290522775
2459383 zr 6.818881930292253 30.484445695562304
2459385 zr 6.480817098240725 27.703454262865957
2459390 zr 7.854163303042397 15.248424062355259
2459392 zr 6.286801743800043 17.743268775715034
2459394 zr 5.583826617342743 23.87350062570455
2459396 zr 3.7777217328965764 13.496164380406242
2459399 zr 3.788174398034034 13.979197589744178
2459401 zr 4.33732446188087 14.305321519737927
2459403 zr 4.021547363996844 10.85695322122574
2459405 zr 4.41796134406832 19.35288253500688
2459407 zr 4.612653695939115 13.943348964794996
2459409 zr 4.458840237076174 21.711365582272492
2459411 zr 5.828067992329165 6.561353194991376
2459415 zr 7.6888247156867955 16.67814503889227
2459423 zr 7.7350957331452115 28.801012934172306
2459426 zr 4.545177522984508 7.755751273892155
2459428 zr 4.438353727090594 18.462739306813585
2459430 zr 4.570364632664179 8.99235097303254
2459435 zr 4.720096202872415 18.101085599005696
2459438 zr 5.203020414522235 13.69812554304404
2459440 zr 7.710099101609353 15.170187952481978
2459447 zr 10.826888219746476 33.30767688322173
2459450 zr 8.623103975789817 17.364016609886576
2459465 zr 6.504737346456126 21.21797343795672
2459487 zr 7.724314718061728 12.085952632138968
2459601 zr 6.708755087119723 -1.9213613345223628
2459637 zr 5.441666533559647 0.9047495992012102
2459673 zr 4.4424434850563905 5.936363213652265
2459678 zr 3.9590700679141118 -9.080600318650385
2459684 zr 7.476103013558177 16.400214745894676
2459696 zr 4.115221235703109 1.7935258134915548
2459698 zr 4.621158348720488 -0.9825099789070846
2459700 zr 4.345321472057672 -1.2988953677475603
2459702 zr 4.608407240748425 -1.8857704502786952
2459717 zr 7.238944999156371 5.764411908675362
2459719 zr 5.527540389128911 3.504803979344467
2459719 zr 6.1663726247951605 -5.478427391594243
2459727 zr 4.79926171907234 -7.240124956108014
2459730 zr 3.981009262043669 -8.627567484004002
2459732 zr 3.8799842674223086 4.0824345947098735
2459736 zr 4.003070032258206 -7.1428315671940386
2459738 zr 4.59146047730434 -3.689230164445535
2459743 zr 9.50539072012616 -2.154009327395026
2459748 zr 5.241499272970458 2.41178018750719
2459750 zr 4.915576213942705 -0.6417919027403203
2459752 zr 5.005592945323539 -11.13717434128466
2459760 zr 3.749988748067882 -6.48790782213184
2459762 zr 4.003070032258206 -7.58960036803256
2459764 zr 3.858601818284556 1.8711774117544486
2459766 zr 4.032674675880158 -5.510212439192498
2459773 zr 6.770830433657238 -3.459412840664998
2459773 zr 11.140008585823447 20.77954297599693
2459775 zr 6.344972804122134 1.9773421865971468
2459777 zr 4.126607735976217 1.1210882222323426
2459779 zr 3.9920244081204412 -8.649857081224921
2459779 zr 3.7603646781718534 -5.976213793942064
2459782 zr 5.299751786102109 5.203213055343295
2459786 zr 4.561953459241412 -6.345455076129275
2459789 zr 4.698409330759575 2.3274871723279063
2459794 zr 5.879240467400183 6.153174252301664
2459798 zr 6.346191464966969 -10.771914128454847
2459806 zr 5.553054356320488 3.486352565515379
2459808 zr 5.289998268614271 4.295156257781697
2459852 zr 11.769315884880044 5.756035236918843
2459852 zr 9.963590475556694 29.32213208928018
2459852 zr 8.912835044179012 -5.2488744014166056
2459852 zr 8.73976845361488 28.718833949779047
2459933 zr 14.14802077176397 -14.686087782174853
2459935 zr 11.96425844006628 17.66760368784248
2459936 zr 13.295295947118625 -4.5731997615703825
2459936 zr 13.11813527434533 -19.89753205188487
2459936 zr 9.902994457097824 -23.475471391998955
2459936 zr 7.1791871841110195 0.627491484851529
2459937 zr 6.9285433346826935 1.7276187039813087
2459937 zr 10.81858307954119 -26.00944313889084
2459937 zr 14.161057583205707 -14.449770718282592
2459938 zr 7.8462105899200285 5.0653993353359335
2459938 zr 8.422154104359869 5.626359453642572
2459970 zr 4.655334055098842 -2.0471118971186426
2460016 zr 6.690243697979014 -9.034185871446251
2460021 zr 4.786019172561674 -10.922212918070421
2460032 zr 4.188146951745621 -15.450984517139393
2460043 zr 6.480817098240725 6.239158841605626
2460045 zr 4.702994101389377 -16.022669688863466
2460049 zr 4.036390617509253 -7.551672791878292
2460051 zr 4.172745635856532 -16.566098497152556
2460053 zr 4.385528236605181 -2.1339574124408878
2460055 zr 4.088774768846851 -3.780891507059403
2460057 zr 7.238785255194319 -8.653797886971873
2460059 zr 4.897499880203681 -4.339137310490269
2460061 zr 4.389569318083316 -1.8868924300594203
2460063 zr 4.14183876006405 0.0331358201074341
2460067 zr 8.96321105464604 14.149081685174743
