jd filt fluxerr adjflux
2458203 zg 4.019758562317342 -1.5233818667615515
2458203 zg 4.030880924724145 3.772578657715226
2458206 zg 5.806332858724576 1.2648391412338158
2458206 zg 6.293534454156556 -4.491657845502127
2458233 zg 4.598242974041313 -2.0014103406393002
2458236 zg 12.070387806858449 2.750729572559992
2458236 zg 13.590322570172535 13.81658078882594
2458236 zg 13.379188265333083 10.349059960784494
2458267 zg 11.88286665527544 -2.1017331084911834
2458270 zg 5.86005819518968 1.8329860205786461
2458279 zg 1.7275203963103478 0.046785806397774056
2458282 zg 2.2991214870206567 -1.77588108359399
2458288 zg 2.9058415762209298 2.0017954003243186
2458294 zg 7.006210395645611 0.4955360183942571
2458300 zg 2.3033605284137972 2.921661096941423
2458305 zg 2.8871671870366193 -0.3662757866349462
2458308 zg 19.238926965684044 -20.116745575215006
2458332 zg 3.477388226014496 3.415285512996332
2458336 zg 2.879200660517246 -0.7279979578019947
2458349 zg 8.685467268964263 7.514823746286276
2458488 zg 2.884509232007694 1.1638426748159598
2458493 zg 2.8871671870366193 -6.057091334808297
2458494 zg 2.301240031641939 -0.6790033365256771
2458495 zg 2.3076073856061554 1.5650487391077197
2458540 zg 3.458224468702561 1.718422851698121
2458540 zg 3.461411078409233 -2.336274640244644
2458544 zg 6.878332644290311 6.717882280080061
2458544 zg 6.746572239822109 -7.450762005852353
2458558 zg 3.4391663221451556 0.7738479266831082
2458568 zg 4.086956064126606 1.0780725191405338
2458568 zg 4.045758627764444 2.8135961045299265
2458573 zg 2.2948902470427543 -1.1700366457114315
2458574 zg 2.3118620730082537 1.3598623697639727
2458581 zg 2.879200660517246 -0.395015636540719
2458581 zg 2.892490446935609 3.430666209660975
2458582 zg 5.249820306138298 7.647418583000068
2458584 zg 3.4202132043253255 -0.36393190052893676
2458584 zg 3.4328369749944856 6.831156981314329
2458585 zg 3.470988536322731 -0.2246659668725985
2458588 zg 9.27303526937199 0.2571280956735527
2458588 zg 5.149255462491728 1.9191802383181435
2458597 zg 2.8712561159409584 1.5620892314318453
2458597 zg 2.8898275912603175 1.66893560331454
2458598 zg 2.3118620730082537 -3.106333062584103
2458606 zg 1.7243411152654926 0.3820551026822449
2458617 zg 5.259499744876062 -0.00200297480147299
2458633 zg 2.3033605284137972 1.852588342772866
2458633 zg 2.3054829791350406 3.2625359437492594
2458634 zg 1.7307055392046164 2.6603489744960114
2458635 zg 1.7338965547561904 -1.5248439206463098
2458636 zg 1.7323003122219716 0.14802983213860527
2458639 zg 2.2948902470427543 -4.741059300615322
2458642 zg 2.301240031641939 2.7196406210015827
2458645 zg 5.149255462491728 -4.0363792232446
2458649 zg 10.25119356538242 2.4612865868677707
2458652 zg 5.742512231881917 2.4429130577740437
2458661 zg 2.301240031641939 -0.23891530157853302
2458665 zg 2.2991214870206567 0.7925097318159979
2458668 zg 1.7164184874972428 1.4244250162443755
2458677 zg 6.428277465959632 8.499192600045431
2458678 zg 7.430966120269473 -0.9961180294211662
2458679 zg 9.76227079419926 3.873534114170213
2458680 zg 7.376413962845754 4.33935650991623
2458680 zg 7.492819682188882 -5.934449494623008
2458683 zg 4.632249210114274 4.595473759746236
2458683 zg 2.879200660517246 6.2995543577673265
2458686 zg 4.049486625709853 2.8098584987907667
2458690 zg 2.884509232007694 -0.5020144688213768
2458716 zg 4.0606912433789 3.2806968474002067
2458720 zg 4.594009785505534 2.4433821147930535
2458726 zg 5.106748128123983 -3.713983229420951
2458853 zg 2.8606974791620714 10.608617262751252
2458874 zg 1.7291122343512806 5.888095786527176
2458882 zg 2.3076073856061554 10.150099922737123
2458887 zg 6.903720094925817 -0.676075857304113
2458891 zg 7.499724003220004 -4.43962391910761
2458896 zg 3.44550733912915 12.374265090373061
2458900 zg 2.297004892752767 6.533605263350628
2458904 zg 2.3033605284137972 9.552841380387491
2458911 zg 2.881853723918801 4.656371782871936
2458913 zg 2.297004892752767 6.2778223898568495
2458914 zg 2.313992357548487 7.414022546654734
2458914 zg 9.53283139001599 12.393792272645367
2458939 zg 15.278308564925286 -0.8889692346659519
2458939 zg 10.880667272082288 -7.649502830955029
2458940 zg 4.038312924810771 8.243558508516632
2458941 zg 2.290666794122587 9.141624845801699
2458943 zg 5.149255462491728 5.349785597983255
2458943 zg 4.632249210114274 5.2741986180238385
2458944 zg 7.548232716341948 4.686132953618324
2458955 zg 2.301240031641939 12.246389498212888
2458963 zg 1.7275203963103478 12.589943770425782
2458963 zg 2.2991214870206567 9.52684333495189
2458963 zg 2.301240031641939 10.32290924108983
2458964 zg 2.2948902470427543 8.745486220049697
2458965 zg 1.7307055392046164 13.783215200677997
2458966 zg 2.288557983329657 11.695586281242651
2458969 zg 7.322262283345252 7.625424047980324
2458972 zg 4.640789992433029 19.225477541077897
2458980 zg 6.3225840893068055 12.707262577025675
2458992 zg 1.7354942681613654 13.064611577712919
2458995 zg 2.297004892752767 12.976293814075522
2458998 zg 1.722753669564575 15.567968772850719
2459001 zg 6.270390874596429 15.476933420586523
2459012 zg 1.7291122343512806 14.847432572814192
2459016 zg 1.7180000955919401 17.664980054953674
2459019 zg 2.313992357548487 17.179691029847085
2459022 zg 2.3054829791350406 16.651992856006522
2459025 zg 2.2948902470427543 19.858014479114495
2459028 zg 3.470988536322731 17.22574561512289
2459033 zg 6.941977072645462 20.88088980961462
2459040 zg 1.7243411152654926 18.102081944791717
2459043 zg 2.8606974791620714 25.68712955910149
2459218 zg 6.884670741128263 50.29235224483895
2459229 zg 2.3118620730082537 41.61224761790503
2459232 zg 2.3054829791350406 43.48847768544558
2459250 zg 4.506007558981694 55.26047330502606
2459253 zg 2.316124605057137 44.661214901756125
2459255 zg 3.448682230530985 42.22044466109632
2459257 zg 2.297004892752767 45.439161424107326
2459269 zg 4.012360709169348 42.33228513029263
2459279 zg 4.01605793232482 46.38374406607589
2459290 zg 1.7180000955919401 50.897632538481176
2459295 zg 4.6067210568275945 48.605424468672865
2459302 zg 12.148459877129559 53.07645106501111
2459305 zg 6.434200855709369 48.88048831969748
2459307 zg 2.8898275912603175 48.97256537437493
2459311 zg 1.7338965547561904 50.864252767942766
2459313 zg 3.458224468702561 47.98521212582074
2459317 zg 1.7323003122219716 50.76502018763002
2459320 zg 2.3033605284137972 49.85679557378561
2459322 zg 2.32681535049271 49.22343581134665
2459324 zg 2.3033605284137972 49.33179012177374
2459334 zg 2.8606974791620714 49.19136151589708
2459339 zg 2.301240031641939 56.085676014121205
2459343 zg 2.3118620730082537 50.19129677458018
2459345 zg 2.2843461841335424 51.41006182738073
2459348 zg 2.3076073856061554 54.01175782832002
2459349 zg 1.7291122343512806 55.70377013546555
2459352 zg 3.4518600474629086 48.61422091405846
2459352 zg 3.4391663221451556 49.02632364413313
2459356 zg 6.416447040835698 54.54917107375928
2459356 zg 6.253089058680249 58.93060711943051
2459363 zg 4.019758562317342 57.63975176534105
2459363 zg 3.4328369749944856 57.3179034058058
2459366 zg 1.7338965547561904 50.958857758696325
2459373 zg 1.7402962471623857 52.92455185199252
2459375 zg 2.8951557563214214 57.79011504463655
2459377 zg 2.2991214870206567 54.36887952184007
2459383 zg 6.340078192621362 61.04130921775477
2459387 zg 11.453333970612935 45.90408056424163
2459391 zg 3.4360001911838802 50.48534088356581
2459393 zg 5.795647043357493 50.46217757871126
2459397 zg 3.477388226014496 55.59495586655806
2459400 zg 2.852803990196841 57.315243142414
2459402 zg 2.3182588173429974 54.90372691370739
2459408 zg 3.4328369749944856 56.7884597935994
2459410 zg 4.560284272433767 60.73388159021929
2459415 zg 11.677017326076019 44.60713901876832
2459423 zg 2.884509232007694 55.98309329412577
2459425 zg 3.461411078409233 111.93303397989081
2459430 zg 3.458224468702561 56.38573780465859
2459435 zg 3.4423353705641313 48.544699989856895
2459600 zg 6.276168778433051 19.359462530509845
2459641 zg 2.2991214870206567 29.259572750557176
2459675 zg 2.2991214870206567 23.686642720873653
2459677 zg 3.470988536322731 26.644947154452012
2459679 zg 3.4423353705641313 20.646269347657885
2459682 zg 5.742512231881917 25.377542692309476
2459695 zg 2.3182588173429974 23.4096065661991
2459697 zg 1.7307055392046164 23.76368586575596
2459699 zg 2.879200660517246 18.320275852111862
2459699 zg 2.8978235216787467 17.550657357481313
2459700 zg 2.301240031641939 22.526491495666896
2459701 zg 2.3076073856061554 20.62340502658768
2459701 zg 2.309733749629295 22.95236569803188
2459711 zg 6.305138257266118 14.3008221687064
2459712 zg 7.53434115636474 17.447635831911114
2459712 zg 7.562149889101307 22.585905297071875
2459715 zg 13.366871250616276 14.774596165117178
2459717 zg 7.499724003220004 18.385793147783243
2459723 zg 2.3203949962165145 19.06793974143646
2459726 zg 1.722753669564575 20.21785400257334
2459730 zg 2.309733749629295 19.839230280024413
2459731 zg 2.8606974791620714 26.872442343814008
2459737 zg 3.4518600474629086 19.535719779623342
2459743 zg 8.669482773780953 13.18030112238229
2459747 zg 2.8951557563214214 20.943050844778867
2459749 zg 2.8951557563214214 13.882418688245593
2459749 zg 2.2927775480967703 18.611140058572754
2459751 zg 2.2991214870206567 18.815574023767862
2459751 zg 2.900493745270643 21.652066113407482
2459754 zg 2.313992357548487 21.634422481435703
2459755 zg 2.8765500395524235 17.989676954066557
2459759 zg 2.3332534693947995 15.129560103580989
2459759 zg 2.301240031641939 14.501161485494483
2459760 zg 2.868612808803443 19.09269002090749
2459761 zg 2.297004892752767 19.332577334166434
2459763 zg 2.3054829791350406 20.13646331200986
2459766 zg 2.868612808803443 13.64070291546576
2459770 zg 8.18898290726647 36.88305101405562
2459770 zg 6.351767811480562 13.300811628707741
2459782 zg 3.4233647882362095 11.883514136216277
2459785 zg 2.881853723918801 17.563309241894075
2459787 zg 3.4360001911838802 18.754791135213164
2459791 zg 7.479030102836301 7.210826317461194
2459951 zg 14.475778781607108 31.212385689912956
2459970 zg 3.448682230530985 16.17021797858826
2459978 zg 3.4360001911838802 4.800404824369803
2459993 zg 2.8871671870366193 8.320439106149614
2460016 zg 6.310948179367574 1.2530884929976454
2460021 zg 3.4423353705641313 6.758211214402481
2460032 zg 4.056952930350245 10.157197347456947
2460043 zg 6.974019782930231 19.363427723180365
2460045 zg 2.879200660517246 5.625383989440008
2460049 zg 2.316124605057137 3.40207979770974
2460051 zg 1.7354942681613654 8.085614775597474
2460055 zg 2.3054829791350406 2.6382240864779236
2460057 zg 2.8871671870366193 7.9792411421060025
2460061 zg 2.316124605057137 8.819222012528249
2460063 zg 2.868612808803443 4.2139083700135656
2460065 zg 6.310948179367574 7.288043737556255
2458217 zr 2.845467108878531 2.8505800306805194
2458218 zr 3.22198574099327 -0.8239722498610205
2458219 zr 4.987287689593787 0.8820023556155201
2458231 zr 3.8474628406365365 -3.44770707954508
2458243 zr 4.001279436782065 -6.755337878535552
2458246 zr 3.7309108624283054 -6.2476940740520694
2458256 zr 2.5923558360004226 3.5633529585936623
2458256 zr 2.797125152697641 1.5439087211581506
2458256 zr 3.16299160565897 3.173042160689802
2458262 zr 4.946701475752285 1.857251897362072
2458270 zr 5.824979706854847 -3.707555887990671
2458273 zr 3.8109533018981727 3.1010820538967474
2458279 zr 2.923365888011822 -0.9240508342455593
2458282 zr 2.6250595121300773 0.10203611730077354
2458288 zr 3.31347100805124 1.9155712742182986
2458300 zr 5.379704517845111 8.985270498913355
2458305 zr 4.526785476301383 4.128944551189173
2458336 zr 3.558109126588901 2.7373220808392005
2458462 zr 5.310367898828536 8.5809020001705
2458462 zr 5.591975550553819 1.6536652937276917
2458465 zr 4.372522937255305 -2.425881361574681
2458465 zr 8.15809975709831 -0.4478207622284568
2458466 zr 4.78775506735094 -4.109203362474793
2458466 zr 8.40817531770828 4.611353998832517
2458468 zr 3.9657725736935596 0.5404736949969382
2458468 zr 4.124624187632541 2.1358401085080203
2458468 zr 4.448549220007312 1.4758839704070654
2458469 zr 5.645443162303092 -7.771797946737488
2458469 zr 4.32533016165938 -2.5916828752142367
2458469 zr 4.339984688816928 -1.6798167584436678
2458469 zr 4.0150562982406575 -1.938023978803847
2458472 zr 4.2565283460665375 -2.19119879759864
2458472 zr 4.403049520189275 -6.1367860028445795
2458472 zr 4.916444910863204 -3.8042052147504672
2458472 zr 8.389985130985655 -5.22491476069823
2458477 zr 5.650095519630944 13.718829786575926
2458487 zr 3.8438077916743243 6.675649829731728
2458488 zr 3.4115011097074865 -0.7851215136949511
2458492 zr 6.562634400626006 3.635766657414882
2458494 zr 3.3053637790959933 3.4881206108788434
2458504 zr 11.766077067695061 -29.476031805708164
2458509 zr 6.16208921874078 -8.400786642204913
2458509 zr 6.367239990172432 -7.916921330995549
2458523 zr 2.8314362003013716 -0.8183032479302262
2458540 zr 3.9354405823035985 -2.311375090931204
2458543 zr 5.264645699323188 -5.0959405704355945
2458560 zr 5.1074201006348146 3.966711338795541
2458573 zr 3.812582619282121 -7.710634478198844
2458573 zr 3.8327624107151954 -5.086693860680495
2458583 zr 3.765778613918056 -0.9834035964380021
2458584 zr 3.3136140953382816 -2.2589852529959233
2458584 zr 3.488306175012756 5.955545394003229
2458585 zr 2.975820836013866 1.0845675982906076
2458586 zr 4.105728934708839 -6.584786704959517
2458597 zr 3.959307783559219 2.0107308738632
2458597 zr 3.9054929677192116 2.1040691909571825
2458598 zr 2.655373913580662 -0.24610573598997365
2458601 zr 2.6800526214555687 3.9432318647007154
2458606 zr 2.7048006880817144 1.0366625532223954
2458617 zr 4.447782435675953 0.9221340522414478
2458628 zr 3.1547069015615725 -1.1720438206506778
2458632 zr 2.841200804288439 0.6165484845207735
2458633 zr 2.9494108138952453 2.0505170318481185
2458633 zr 2.8029012303604115 5.158486592599937
2458634 zr 2.5056804494935414 1.234349013871583
2458635 zr 2.157667902719282 0.11209105061024463
2458636 zr 2.635896945784171 3.089011032485914
2458639 zr 2.464305884564838 -1.3497776038681248
2458642 zr 2.4345883204605148 4.108055100169182
2458645 zr 4.963156849206902 2.684501388042132
2458649 zr 10.638407807331241 1.0824414971475056
2458655 zr 3.1123483345724754 0.5521618132150434
2458658 zr 2.1093241318779214 0.4795980784738605
2458661 zr 2.736571377660832 3.1259257997160166
2458668 zr 3.623123809293335 -1.8639736281993617
2458677 zr 6.29172235115754 -3.4619845652073686
2458678 zr 5.039775728762784 1.3618439917785343
2458679 zr 5.522899229727474 1.278871461359942
2458680 zr 6.524847782537847 4.1740983594124215
2458681 zr 7.2617607718510575 -12.76360053110799
2458682 zr 4.851702946628654 -2.3495755968492595
2458684 zr 4.65736180947384 5.841882820902188
2458685 zr 4.168904164431861 4.839248485132793
2458686 zr 4.8755308815232805 -0.540293772240978
2458690 zr 3.4448328592110595 2.5993332572720296
2458693 zr 5.9388678128514645 12.227186669858082
2458716 zr 5.265387957785834 -2.912480410759593
2458828 zr 8.535417894682135 0.527551594039644
2458828 zr 7.777623915457102 7.7984193717762365
2458828 zr 5.851732257869093 2.1362846117078678
2458828 zr 5.43502683876084 0.38830681496759656
2458874 zr 2.8749037060759246 2.0209012635475396
2458878 zr 2.7097450204479245 1.960365612080786
2458882 zr 2.8483920784081014 1.0018885136380906
2458886 zr 3.3037074397790316 9.837611050085375
2458888 zr 4.517357348323831 6.17640372584063
2458896 zr 4.075528516508218 3.525146611155361
2458899 zr 2.787454545821109 0.27774112636080783
2458899 zr 2.35279777660375 5.501986626323573
2458900 zr 2.804731086109513 2.0820294457622515
2458904 zr 2.6013978697869597 3.370990676609714
2458905 zr 2.851239028352483 4.925536672868635
2458905 zr 2.8992609043735493 7.8850490145415115
2458908 zr 3.751765603506869 3.107801237634158
2458908 zr 2.9408300753064545 2.455109723321721
2458912 zr 2.8701323842703865 1.4207375614685192
2458913 zr 4.877720864515054 8.647916311283607
2458916 zr 4.014312804220866 4.227166528508958
2458916 zr 4.1066547923171255 -0.4044748887114671
2458941 zr 3.7263090926358338 6.40634025493192
2458944 zr 5.958652134109621 -0.4773817320404383
2458955 zr 3.5152398257199717 6.389130822217698
2458956 zr 4.493540223127341 1.2224931870167945
2458962 zr 2.9895566008989776 3.376746814678395
2458964 zr 2.987641111187279 7.960017542138374
2458965 zr 2.7226006022302 5.03695478803324
2458966 zr 2.586437146140379 7.440164226885418
2458966 zr 2.7380973840708926 6.797439805056357
2458967 zr 2.432343505229488 6.327378717866296
2458972 zr 4.119607024404007 -4.4771440121585275
2458980 zr 3.696770552905929 2.9686939554753664
2458986 zr 2.1337185041252043 8.343726035047208
2458992 zr 2.3119828120552453 6.554365244384854
2458998 zr 2.700683326608339 2.7929572071798447
2459001 zr 5.427605187117529 3.140859404661081
2459005 zr 8.540283240320255 -2.0781036076825323
2459012 zr 2.352551577176091 3.507126100172793
2459016 zr 4.9516282507103195 9.748210882740594
2459019 zr 2.43344302017889 10.604621122342854
2459022 zr 2.428418955039995 5.5527146439724415
2459028 zr 4.244960538319978 -0.5076045788603176
2459033 zr 6.4417188834040555 18.46498894174528
2459037 zr 3.826583642242152 8.952854468744967
2459040 zr 2.672664458503627 1.5526894529502195
2459043 zr 3.1474578160525786 3.7288348958696416
2459194 zr 5.472501296812066 13.680874358895032
2459194 zr 5.41942998335168 21.584916025105407
2459194 zr 5.927098018440075 13.149966021876317
2459194 zr 7.763906035811909 11.792085865363337
2459194 zr 11.226861842412514 -10.25194044506203
2459195 zr 6.619795790836697 16.997560958642516
2459195 zr 11.158159829670828 29.723950848517262
2459195 zr 5.69581244403464 11.858744738649724
2459195 zr 5.068987539790875 12.706060758762002
2459196 zr 8.355786669505948 13.559044769984952
2459199 zr 10.164825484866517 20.954171777201708
2459200 zr 5.3370227401254935 23.183857866443567
2459200 zr 6.393347274089559 9.55684913910627
2459200 zr 10.006582623602698 26.199391983453197
2459217 zr 6.628316234353803 15.262922339802028
2459219 zr 5.915003491925753 17.74241471828843
2459228 zr 3.155817634046436 15.023144925055277
2459231 zr 2.8848662599983563 17.0416290780803
2459253 zr 2.272426034872545 19.625376486904383
2459260 zr 6.178046563476617 15.308647758637449
2459264 zr 2.7905808788047333 19.28823428024982
2459264 zr 2.859228672637291 20.044706164156793
2459264 zr 2.626635256070393 22.668944961253768
2459264 zr 2.7742088551469357 24.195932377282887
2459264 zr 2.819320429626478 20.480916508309786
2459264 zr 2.4529559897480846 22.12601416260672
2459264 zr 2.870603596261828 21.816505416485896
2459264 zr 2.7532476755987347 21.36084268814291
2459264 zr 2.650503773601571 21.19289306126944
2459264 zr 2.651722078623824 21.369790056132842
2459264 zr 2.6650299907873136 20.977075812639573
2459264 zr 2.6896262554280304 20.554639823707372
2459264 zr 2.818426932665216 21.526716132563703
2459264 zr 2.788059903772199 20.085968753102357
2459264 zr 2.7360243085604847 26.725692249055317
2459264 zr 2.7282696966256075 20.389425655970225
2459264 zr 2.9887058591972204 18.22642097390501
2459264 zr 2.8893940909021247 15.805034763120215
2459264 zr 2.9879984814219482 20.91255401854142
2459264 zr 2.8228199297325482 23.94120858270359
2459264 zr 2.67512032629031 24.943960902683674
2459264 zr 2.706605174242456 20.273101028548556
2459264 zr 2.822277862866254 21.396715051712036
2459264 zr 2.810656642231863 19.025892003331766
2459264 zr 3.0268014702152763 19.175206668972084
2459264 zr 2.899478892985954 18.394049808276172
2459264 zr 2.7579117962612316 21.930930026173524
2459264 zr 2.7811377247404248 26.78169273012328
2459264 zr 2.581209784619621 23.1263551030609
2459264 zr 2.84724955816266 23.194094620237188
2459264 zr 2.6060611444701727 16.98939135165342
2459264 zr 2.636706316651989 22.43966108028537
2459264 zr 2.732031526566811 20.503441449193687
2459264 zr 2.5303733276658398 20.456616765981988
2459264 zr 2.6674857048435023 21.34831023310016
2459264 zr 2.6911451560195725 22.450503785227987
2459264 zr 2.5570267315961934 14.777250429775057
2459264 zr 2.5263563793380515 21.604478477987854
2459264 zr 2.694670388078309 20.61360092120724
2459264 zr 2.532327968466867 20.97246423596213
2459264 zr 2.480217436056206 20.269472751026505
2459264 zr 2.453258550881682 19.36402885840015
2459264 zr 2.4974794818075505 22.5064768658964
2459264 zr 2.6587264934418906 24.73295867984402
2459264 zr 2.5558603669390276 23.64728456691731
2459264 zr 2.672841230457738 20.012917081196544
2459264 zr 2.45745575081065 28.33538558325045
2459264 zr 2.5429350522841547 18.875233992947585
2459264 zr 2.633249046416741 23.32994568598661
2459264 zr 2.581209784619621 18.975214204903203
2459264 zr 2.666485053371011 22.873448946106173
2459264 zr 2.573525209809532 18.378808235581403
2459264 zr 2.648498731669877 12.067163137399987
2459264 zr 2.4282069992768682 21.813286870304175
2459264 zr 2.4819034200000876 23.774066505274874
2459264 zr 2.539435131790783 15.905767872646976
2459264 zr 2.6177004738366403 17.74636579008841
2459264 zr 2.697387379869356 15.666624223409446
2459264 zr 2.5974268241192493 20.43872731810678
2459264 zr 2.5476236287719805 23.11750505616339
2459264 zr 2.7094784840058086 23.172761368424545
2459264 zr 2.6608678288298817 23.274636582564884
2459264 zr 2.685908589051472 19.23264409549984
2459264 zr 2.6183369481216574 23.00648775241322
2459264 zr 2.6930777408368787 20.3151578058391
2459264 zr 2.458358869871509 21.303058828124872
2459264 zr 2.9640339585294067 21.674500833890782
2459264 zr 2.961433118716106 23.624494025452872
2459264 zr 2.895577999662549 20.685286052972966
2459264 zr 2.970023722442137 26.514771313825314
2459264 zr 2.985431015566946 20.18117423556192
2459264 zr 2.9119262564815394 22.073885265647124
2459264 zr 3.0463540247212095 20.45528899455511
2459264 zr 2.739093014123119 25.26896951249335
2459264 zr 2.964416034154697 23.689843492889356
2459264 zr 2.883931080428479 19.130906334794155
2459264 zr 2.9586338926751137 22.16471767843806
2459264 zr 3.0135831227897105 18.90643239101782
2459264 zr 3.0668130263083953 19.926398149058762
2459264 zr 2.979444282396674 22.65022616131911
2459264 zr 2.7611066057857743 20.384954850529414
2459264 zr 2.9807190390138376 24.272658412918275
2459264 zr 2.793413760927662 18.301779401694354
2459264 zr 2.7998782936365245 15.994335449675258
2459264 zr 2.835787365317248 17.820607949343042
2459264 zr 2.8348838397338167 23.522894830587113
2459264 zr 2.943118808849852 21.58602356252802
2459264 zr 2.7823180953431894 19.598121123631834
2459264 zr 2.7905236439790553 22.26857307589021
2459264 zr 2.777829910479245 17.541809626348595
2459264 zr 2.8765760492972174 26.66691726766744
2459264 zr 3.039539518350591 22.233961635389218
2459264 zr 3.071736344259402 18.211163682405644
2459264 zr 3.029751717790732 27.91173473180724
2459264 zr 2.999540876677736 15.769235942181929
2459264 zr 3.270948130853354 22.11969418003307
2459264 zr 3.1260907497995687 12.983699092940352
2459264 zr 3.241365494833103 24.42978397899587
2459264 zr 2.8769242493509264 20.703365243639514
2459264 zr 3.072102469566282 22.642776228925623
2459264 zr 2.897915425605298 22.699244635668602
2459264 zr 2.959633717815657 17.629334487015846
2459264 zr 3.137970744630195 23.791907771670324
2459264 zr 2.9813145128083822 23.333069477212632
2459264 zr 3.1203245590176425 23.036770695548505
2459264 zr 3.081484007687308 20.7571167318976
2459264 zr 3.1990608141169257 22.90149229362544
2459264 zr 3.091388378245216 17.944369768163522
2459264 zr 3.2836731223159425 22.600664201928506
2459264 zr 3.3351851745408196 14.566669896094135
2459264 zr 3.2285441320953927 24.734359730848087
2459264 zr 3.1097104395394664 18.729729077009797
2459264 zr 3.3281817925584725 24.829980377890777
2459264 zr 3.2825150601485134 18.13991382832378
2459264 zr 2.942469016949881 23.854471896958643
2459264 zr 3.49140130008192 15.851930945616242
2459264 zr 3.2492341967367824 19.08489621023106
2459264 zr 3.1719652942518066 20.065106627323328
2459264 zr 3.101072349034712 22.14442191279353
2459264 zr 3.3924755723921347 23.15872164981383
2459264 zr 3.216818274492528 18.029121151524695
2459264 zr 3.0944279307421714 19.153257998030682
2459264 zr 3.0437364163156664 24.287061802704084
2459264 zr 3.1448995637822743 19.713912553588003
2459264 zr 3.1242023421818246 24.003857144409945
2459264 zr 2.950092934485794 16.490757874994067
2459264 zr 3.0416686289582855 21.328431948325633
2459264 zr 3.1484341478504922 19.679230696293516
2459264 zr 3.2937576348328848 27.01037133108203
2459264 zr 3.206326867361684 18.403521139793448
2459264 zr 3.188782571713015 16.851726754334898
2459267 zr 4.6984391839069 20.600186208171046
2459269 zr 4.710572120093097 21.494745647967857
2459273 zr 11.475853647441056 8.445545804650047
2459278 zr 4.104036462840727 29.34890221268274
2459292 zr 2.6656293974281424 23.246995088951813
2459295 zr 3.3592728600588133 23.043282209430732
2459297 zr 4.1504161014137715 21.699647122954534
2459301 zr 10.902659914245888 14.376254435632468
2459302 zr 10.761633826072774 12.575628960779566
2459305 zr 6.692120203179882 28.498928046608793
2459307 zr 3.3893524254027154 22.888149302090614
2459309 zr 3.1836727990338334 23.56493514084473
2459311 zr 2.703510151321604 23.457399285258408
2459315 zr 4.348910838213023 13.837066545317512
2459317 zr 2.3636593020424197 20.96036872834694
2459328 zr 6.233125278804738 20.765707074262945
2459334 zr 4.300129476856446 27.069662443497798
2459336 zr 2.666256510595744 23.364694171496964
2459339 zr 2.504592775576437 20.565136728729648
2459341 zr 2.196421981011184 24.6654878324146
2459343 zr 2.6535257274724975 23.734622553823314
2459345 zr 2.4385806509047354 18.901594837015075
2459349 zr 2.1015673918108195 21.62232276416576
2459350 zr 2.891233551130202 26.45101781328488
2459352 zr 3.18679091141886 26.43849258097474
2459352 zr 2.9276336427978853 20.816572506854325
2459353 zr 3.1367918912713453 26.914883275303843
2459354 zr 4.570387451707817 31.9636798533083
2459354 zr 4.2110770521799346 23.145805552645434
2459356 zr 5.648828928049159 19.478992609695535
2459356 zr 5.753546740590965 22.943551476129954
2459361 zr 7.093111514182174 24.600573182360797
2459364 zr 2.901222355922133 30.34623645877521
2459366 zr 2.3997895728512044 22.67822190767947
2459369 zr 2.644001879994784 23.957313153516157
2459371 zr 2.508091181884956 28.320969796788642
2459373 zr 2.392851688013256 24.30652376316453
2459375 zr 2.8952745730451714 29.057096760634387
2459377 zr 2.4993160697210115 27.83794162504278
2459379 zr 2.681678933245921 26.40396927906608
2459383 zr 6.360543141244544 20.50061646939585
2459387 zr 8.945792276037515 29.90953404994174
2459393 zr 2.7379360665622996 29.33767624090074
2459400 zr 3.1464678800944155 24.655333821987274
2459402 zr 3.3501307689778184 23.578481971631415
2459404 zr 3.871872446113708 23.9220339631929
2459406 zr 4.350427390633525 24.982215776363017
2459410 zr 5.149729106293096 35.21433364277857
2459415 zr 6.358427849476491 22.509551505072437
2459423 zr 4.852762216346527 26.618815158616137
2459426 zr 4.428192859540086 24.645156918737253
2459427 zr 3.733704795914739 26.0439976135828
2459637 zr 3.6050951297973803 14.86528840752021
2459641 zr 2.689894631985994 6.159071525116546
2459675 zr 2.73778770806112 11.718858276567174
2459679 zr 3.5027725847857263 7.480418500475858
2459682 zr 5.879237764504533 21.974726022411573
2459684 zr 7.412310606528543 8.320826206157191
2459688 zr 8.299177481683545 -1.4012220949909686
2459699 zr 2.963464774295372 8.273073732023779
2459699 zr 2.858417647149687 9.013078533542181
2459700 zr 3.2699060004853466 10.866011354258756
2459702 zr 2.8263432720558583 14.391226084556283
2459707 zr 3.7657275038412013 10.351809504158949
2459707 zr 3.53255988884549 9.17788080450569
2459709 zr 4.326485934853836 11.942311333932652
2459709 zr 5.570931085831649 7.162754362089
2459710 zr 5.724284676385592 12.055959453767723
2459710 zr 6.093952338889704 13.030195171538718
2459711 zr 7.384613776077089 2.0123296500685814
2459712 zr 7.680943964157335 23.135445373196212
2459712 zr 6.979837009262153 15.516164224828074
2459719 zr 2.786119688585874 13.01327930762289
2459719 zr 3.4268227326867473 6.407423993842692
2459721 zr 2.6797982594276704 9.586675694437481
2459723 zr 3.5510755994369583 11.587386070410943
2459726 zr 2.7020152180424826 11.310048174236373
2459730 zr 2.442424690264362 8.03098138842871
2459735 zr 2.6332239148549665 10.824198066690442
2459737 zr 2.635158730073647 7.762761194486515
2459743 zr 7.170603026608645 5.919973340452135
2459747 zr 2.2520665238382334 9.555549062275228
2459749 zr 3.7915716181229744 5.236572352099459
2459751 zr 3.256529074379056 2.333636330525107
2459752 zr 3.340585946709782 2.6906919819085875
2459753 zr 2.7464596606911322 9.731704981011715
2459755 zr 3.2886927637773633 8.010038167577084
2459756 zr 2.6497929601677797 10.13275588191715
2459759 zr 2.655361255180956 11.538898188118573
2459759 zr 2.4955134686967617 4.58215487324482
2459760 zr 2.76189256085904 9.233162348682711
2459761 zr 2.724115606068926 9.338875498593335
2459765 zr 3.2653354629264775 4.833254666379858
2459765 zr 3.0965340514291833 5.199341098563521
2459772 zr 6.611497375710846 10.847895871035703
2459772 zr 7.035393034740941 1.285304868669071
2459774 zr 6.893039397763674 10.980654187761624
2459775 zr 3.412105855916827 8.420129017746078
2459775 zr 7.5830026250752915 2.62336384662982
2459776 zr 5.397415764135934 0.8782703285108253
2459777 zr 3.039539518350591 11.849860260703286
2459778 zr 3.4807742713545027 3.751015492018041
2459778 zr 4.236019984129425 2.8891284972499154
2459779 zr 3.419847815946175 8.219451096286559
2459779 zr 3.4375203768571088 7.045940819326493
2459782 zr 6.733645906163599 4.474974516521247
2459785 zr 2.594930223906113 8.972155100679336
2459787 zr 3.5048745191919903 8.900508199428323
2459789 zr 4.663998719815938 15.004050032230118
2459791 zr 5.739006583778195 18.071755308208715
2459798 zr 7.706013490224263 10.556758420460739
2459924 zr 14.164976841327663 -22.007042915201147
2459924 zr 10.001301573919935 16.929325623906493
2459924 zr 9.172453643431108 17.588831150679408
2459924 zr 8.084462990167394 -4.851401681046827
2459924 zr 8.845995719012421 6.603320685505226
2459933 zr 5.515713414616394 -3.9459021258055618
2459933 zr 5.3858690508105145 5.9961283777877155
2459933 zr 5.259445723446097 -2.0387281294652704
2459933 zr 5.427833627262541 11.621991905325258
2459933 zr 5.338123701322173 8.812314948615807
2459935 zr 5.319095525438767 -2.625813168518653
2459935 zr 4.927068878151503 2.0132175395873078
2459935 zr 5.366625328557332 20.860561248533678
2459952 zr 7.482991930875934 17.411032088048795
2459970 zr 3.4638567099230717 7.518755855758595
2459977 zr 5.848708279733511 1.8193292719423826
2459996 zr 3.1560009374413225 -2.3832111484276948
2460016 zr 6.275498282472645 -1.2157769224255817
2460032 zr 3.2283891061099155 4.6980880221059635
2460045 zr 2.4809802252392825 2.5199997380577903
2460049 zr 2.73971665527846 1.1941071756933006
2460051 zr 2.4781938121165488 6.661642855046981
2460055 zr 2.912643284670492 2.5193001958014345
2460057 zr 5.550923778064711 -2.4572861985850807
2460059 zr 3.109476645299634 2.5464675382563082
2460061 zr 2.844539323672483 2.900922342789861
2460063 zr 3.447060376773978 -2.0991803393925452
