jd filt fluxerr adjflux
2458203 zg 4.032284991522944 2.9565676748965575
2458203 zg 4.342081881459117 -5.070138468124729
2458206 zg 6.376758488485199 -2.374652973461155
2458206 zg 6.233906406526005 -5.952209305758744
2458233 zg 5.092018301976852 -2.556678370075097
2458236 zg 11.363705016482388 8.879113639674475
2458236 zg 13.690835888483798 4.894497581072048
2458236 zg 13.352827070774541 9.387591814972769
2458267 zg 12.33085979542407 -13.777809142806312
2458270 zg 5.770465404354789 -9.146133967058995
2458279 zg 2.496176423323727 2.956567674903536
2458282 zg 2.776514378377195 2.6689448669550995
2458288 zg 3.5849699986129004 1.148306859110992
2458294 zg 7.3009608784122255 -5.776444472682142
2458300 zg 2.586187214227266 -0.9987220166429515
2458305 zg 3.378858255239641 3.534202983312242
2458308 zg 20.391551708096465 -7.864403694342691
2458332 zg 3.7081895036877284 -0.628585301840907
2458336 zg 3.396287367106958 1.148306859264031
2458349 zg 9.00177191402618 -1.5513765434663043
2458488 zg 3.423762674644448 -0.8138237951181294
2458493 zg 3.506594324509995 -1.091042923621597
2458494 zg 2.838070527271687 1.4317225974635928
2458495 zg 2.7203399762487814 -2.829088104792189
2458540 zg 3.5691642637805248 -1.9181166168359747
2458540 zg 3.614810420463788 2.0009107608695436
2458544 zg 7.663458132183152 12.697897698153657
2458544 zg 7.741191199263043 -21.990041704000003
2458558 zg 3.565213362149362 0.5838270398991149
2458568 zg 4.524804158070348 3.244996805372231
2458568 zg 4.353834669054205 -6.73914617158993
2458573 zg 3.1003050642624728 -7.778310847541594
2458574 zg 2.753340736194121 5.48288538500385
2458581 zg 3.2297579304697326 -1.0910253869050537
2458581 zg 3.2686616924845526 0.11580955368876839
2458582 zg 5.413718736631665 7.567995921948908
2458584 zg 3.9873631015991693 4.309386013570807
2458584 zg 3.947430048497901 -6.039950108897026
2458585 zg 3.5859516508984695 6.868477410647524
2458588 zg 5.6250957904834875 4.018034024785976
2458588 zg 8.455037170769343 19.507232395485886
2458597 zg 3.485013218586792 3.8242541756766015
2458597 zg 3.254645210858462 -5.776410190833685
2458598 zg 2.555406294886663 -2.1922562823390876
2458606 zg 2.448360007315679 0.9598469656220593
2458617 zg 6.129146032735141 -6.215174632977429
2458633 zg 2.7535941278830625 1.8109696760464153
2458633 zg 2.8198316686936775 0.7717760566700954
2458634 zg 2.663544520341739 2.0010531849676254
2458635 zg 2.3455351066772123 0.5839714225866459
2458636 zg 2.4169923560257693 -0.3499293527367639
2458639 zg 2.887111939780704 -0.16381657359172003
2458642 zg 2.788837333875888 -0.3498892741792357
2458645 zg 5.094431050660438 1.1485276575713808
2458649 zg 10.194944772738376 17.740508579362036
2458652 zg 6.193753832860356 12.698180686452174
2458661 zg 2.7622540739631347 -4.536583255236779
2458665 zg 2.954361415907693 2.1917990305278603
2458668 zg 2.381635399922879 -1.826044230880201
2458677 zg 6.1208373862418215 -3.551131877372321
2458678 zg 7.68035359627239 -2.008853998266016
2458679 zg 10.18448689415673 6.07527447366366
2458680 zg 7.568001596365946 -3.460997105706174
2458680 zg 7.259651641347785 -5.157915945690481
2458683 zg 4.743205416465884 1.7168070821632693
2458683 zg 3.349688557486027 -0.2561970428904648
2458686 zg 4.267469093833085 6.471735080278217
2458690 zg 3.402549325343372 1.3382974780893224
2458716 zg 4.106902973924995 -2.189510958762015
2458720 zg 4.846989791555472 1.9090072291708278
2458726 zg 5.723872562165667 9.697694377185925
2458853 zg 3.38910891246661 -4.273169843041246
2458874 zg 2.586187214227266 -0.6967367188352979
2458882 zg 2.891025399627099 -2.8213722365584553
2458887 zg 7.464348639526976 0.4413723642095001
2458891 zg 7.652814414721248 -5.313953022391109
2458896 zg 3.6298258206738927 -4.63595936472458
2458900 zg 2.723327846636768 1.2537068602765136
2458904 zg 2.5627127336996924 -4.701425998851237
2458911 zg 3.1276335908754618 2.3700493292481157
2458913 zg 2.7775611100408693 -3.2158460026668148
2458914 zg 2.741975833334892 -4.443552804225776
2458914 zg 9.78103022816316 20.1996596336744
2458939 zg 17.254327592145614 9.691779966137908
2458939 zg 11.369089475589407 14.433023265486263
2458940 zg 4.326114491717749 -3.9724872306417582
2458941 zg 2.7178356040209835 -1.4359427288836757
2458943 zg 5.395766895918159 -2.091448941408207
2458943 zg 4.695674765925525 4.315099307815198
2458944 zg 7.673472056331893 4.445254236611263
2458955 zg 2.870885480266233 -4.817525249329969
2458963 zg 2.485764378973179 -2.5155460974552772
2458963 zg 2.8122369313559488 -3.487166154941497
2458963 zg 2.7230772401165058 6.686566945332168
2458964 zg 2.960896207125971 8.304145616096584
2458965 zg 2.457396734970213 3.8153119414606063
2458966 zg 2.6245808775941484 3.020061194306688
2458969 zg 8.075787402561131 -4.308637174031251
2458972 zg 4.618191453977261 1.862976470130334
2458980 zg 5.927249099137185 9.338312403357328
2458992 zg 2.568417930329534 6.257167169912094
2458995 zg 2.7283490251756874 5.374899337738509
2458998 zg 2.5922404125798435 11.743081511886018
2459001 zg 6.75514110723037 5.637805634882426
2459012 zg 2.4984214112270298 5.385015931044311
2459016 zg 2.473236761458374 4.83954610998836
2459019 zg 2.4460520436188853 4.1159245901467125
2459022 zg 2.425859774492516 3.690464093453185
2459025 zg 2.8344162081481437 5.816629912734245
2459028 zg 4.222320728500859 16.11753233582323
2459033 zg 7.006950028277896 4.012237079911879
2459040 zg 2.5110765958492234 6.218099806089057
2459043 zg 3.0395960314651966 9.375089540875283
2459218 zg 7.409061373921482 93.72996103340166
2459229 zg 2.6981119179178705 98.29453257869937
2459232 zg 2.708319688058629 97.02597210905907
2459250 zg 4.6397866285839795 109.97329993430812
2459253 zg 2.51232185827157 113.947224055978
2459255 zg 4.010511692762549 102.91578813622839
2459257 zg 2.5719348325789086 111.22502753717795
2459269 zg 3.987963909347884 121.69532557819613
2459279 zg 4.724049533537559 138.12030468828746
2459290 zg 2.5719348325789086 129.46166376006278
2459295 zg 5.1459388182346535 133.65830911706655
2459301 zg 12.04824011228878 140.19826000155038
2459302 zg 12.93847750195579 152.18777474405414
2459305 zg 6.936318395993725 131.67174073620293
2459307 zg 3.3892503768133273 136.58008275458843
2459311 zg 2.5636910845807823 141.70805908434664
2459313 zg 4.347701915716531 141.9413894705283
2459320 zg 2.7683639404026277 141.77941365415518
2459322 zg 2.8696120256194857 146.03006974191408
2459324 zg 3.0702233710539235 137.97537238765545
2459334 zg 3.104673028648196 147.2444957340091
2459339 zg 2.878060551654871 153.75551030942972
2459343 zg 2.5203448060995735 144.3218657801277
2459345 zg 2.567437775598607 142.963684642195
2459348 zg 2.4869422075624334 147.16230547732343
2459349 zg 2.5721715293678353 143.545916169981
2459352 zg 4.120544469095433 149.14619270753445
2459352 zg 3.763240034725086 149.61551622510524
2459353 zg 3.844904219544657 157.38358439922789
2459356 zg 6.31247932866448 145.5657652643368
2459356 zg 6.782533007187335 139.70646656745413
2459363 zg 4.148200701693801 144.19336318270018
2459363 zg 3.890014492655685 146.8437718102981
2459366 zg 2.5438993645875363 140.10388789169994
2459373 zg 2.6491096022504195 140.77982971269114
2459375 zg 3.4269175292442933 141.2407232556631
2459377 zg 2.9245807883421033 142.1973419139658
2459383 zg 6.4924833065530825 140.72741897383088
2459387 zg 12.184327992479691 119.5511248788171
2459391 zg 4.083755765455937 129.92802798426982
2459393 zg 5.762046843317029 142.42777736472092
2459397 zg 3.987963909347884 134.0472608779816
2459400 zg 3.3223999170605993 142.40797957511853
2459402 zg 2.9663554060650674 136.1952007400306
2459408 zg 3.6434636641741425 114.2525341240798
2459410 zg 4.548984349987128 135.2797124044981
2459415 zg 11.940862500006789 119.52964797723399
2459423 zg 3.476048166183509 112.36704257480416
2459425 zg 4.25710579090753 122.24774145249931
2459427 zg 6.371561281309037 123.57327305083595
2459430 zg 3.721876174984475 118.62592209713713
2459435 zg 3.3540534042325185 119.74564821409615
2459600 zg 6.477705232106092 48.25875878835615
2459675 zg 2.7736515941308375 46.76349184653347
2459677 zg 4.202842993875525 47.3749200405784
2459679 zg 3.705984964422814 60.71330948262491
2459682 zg 5.754601910824464 47.57403439700735
2459699 zg 3.2716736279940624 50.12803662996098
2459699 zg 3.2494093792751553 46.63737548728596
2459700 zg 2.9434971711853426 51.56887217255074
2459701 zg 2.880394064113798 46.04594494318021
2459711 zg 6.5893485167687365 60.30214370220432
2459712 zg 7.176546798085083 49.11141982028386
2459712 zg 7.892241756810498 46.22553911478515
2459715 zg 13.084984863643463 54.57541555501567
2459717 zg 7.736498370137326 39.15244061978004
2459723 zg 3.010099461046643 41.04123139726216
2459730 zg 2.9353752140021094 46.69477676104647
2459731 zg 3.267415987381451 42.28457009063517
2459737 zg 3.9316095790441987 42.15031129031
2459743 zg 9.156814965979489 52.49733592317854
2459749 zg 3.20900189302493 40.748235878608355
2459749 zg 3.192867130539659 43.16083771382216
2459751 zg 3.279189660614689 32.219114489590304
2459755 zg 3.43689715004168 36.06844902289017
2459766 zg 3.341719348961145 42.598274956966335
2459770 zg 6.813839757104802 30.89450579881455
2459770 zg 8.421340256982592 47.26855182260806
2459782 zg 3.63371799261118 30.846409664808228
2459787 zg 4.348536966433574 34.66234054916436
2459791 zg 7.030127350698612 37.59029256126214
2459970 zg 3.918879594979506 25.916306275390976
2460016 zg 7.072293533716426 24.822534256927014
2460021 zg 3.7160840268741735 22.56131647402791
2460032 zg 4.671669438310262 15.224362933600876
2460043 zg 7.456983675133648 23.12591953351856
2460045 zg 3.6605910988339017 9.698630329969358
2460049 zg 3.0944313049376655 13.675341516222076
2460057 zg 3.220846097334551 14.362337105485576
2460061 zg 2.85769495965285 8.267997075005322
2460063 zg 3.165307223236906 18.288918744783864
2460065 zg 6.956011281088623 20.419357748593306
2458217 zr 3.76578507529787 3.633996860725896
2458218 zr 4.220085244511432 6.627616655557557
2458219 zr 5.408289866166932 -1.8446334391411057
2458231 zr 4.491896748710272 0.4860612441376333
2458243 zr 4.824384768168923 -2.037697725609651
2458246 zr 4.353411949030105 -6.051241400272471
2458256 zr 3.8524048824578014 -2.423293251424591
2458256 zr 3.400563197105843 5.625144503584883
2458256 zr 3.5996106650899633 -5.86187542701334
2458262 zr 5.7786073236867015 -2.423293251424427
2458270 zr 6.234704418649673 -6.429450510648594
2458273 zr 4.562782476501905 3.832287377356233
2458279 zr 3.6095705106179605 -5.29272990682574
2458282 zr 3.295724119207143 -1.070595646300608
2458288 zr 4.154523536180925 3.237963304120744
2458305 zr 5.210450530191017 6.025579463071182
2458336 zr 4.265054742503361 -1.0705956462663613
2458462 zr 6.104690107966495 2.2510652174174135
2458462 zr 6.03424839595446 6.828665690850834
2458465 zr 9.058572418272863 2.251065220933684
2458465 zr 5.087046331597406 -6.995459464705177
2458466 zr 5.4810743480285735 8.849373245038045
2458466 zr 5.2633917220194 0.09582108929792126
2458466 zr 6.212460247535444 6.0255794906660824
2458466 zr 8.195244599331446 10.888778171172369
2458468 zr 4.939412277687735 -5.292729876467433
2458468 zr 4.849680976830342 7.836693051675127
2458468 zr 5.079745305171532 9.052469516358371
2458469 zr 6.225594732227721 -12.753548476359926
2458469 zr 4.957643307190568 -4.531418768018286
2458469 zr 4.681982272215819 9.459223661644215
2458469 zr 4.446617419168484 -1.6513912201413654
2458472 zr 4.734925723620669 2.645279179026354
2458472 zr 4.791959850473274 5.225446530303068
2458472 zr 5.393366835440922 -2.4232932147169697
2458472 zr 8.667910985530051 -2.4232932147169697
2458477 zr 6.804088805423788 -0.48819297742116863
2458487 zr 4.47537843606147 -0.29370085918337335
2458488 zr 3.9275454882386636 -8.497193015048895
2458494 zr 3.785575607852265 -6.051241297523027
2458504 zr 11.488534120905113 15.233160182512073
2458509 zr 6.5466009445462126 3.832287581640961
2458509 zr 6.8860468522224885 2.054230571252808
2458523 zr 3.5283725446773735 1.268701853905028
2458540 zr 4.421041684726261 6.62761746986974
2458543 zr 5.960238284753138 -2.8081782094124366
2458560 zr 5.721368582708308 2.6452810770197437
2458573 zr 4.416971629472199 6.426756088230657
2458573 zr 4.5209506353150175 1.8575801048615073
2458583 zr 4.434347919933944 -2.230579175593531
2458584 zr 4.277891495835369 -9.616248703408612
2458584 zr 4.202663418455024 -4.149704847967737
2458585 zr 3.9204139385304155 1.2687070107526839
2458586 zr 4.886995482976945 0.6814568442322952
2458597 zr 4.814078532165546 6.226082798216112
2458597 zr 4.4221122757845865 -2.808170062998642
2458598 zr 3.574163653336193 4.030770062932508
2458601 zr 3.5939698878549553 5.225457172671265
2458606 zr 3.5283725446773735 1.268714543466301
2458617 zr 5.0824753022960225 0.681471377173422
2458628 zr 3.9276422633742625 1.661135515043169
2458632 zr 3.6675364098767145 9.662918497847722
2458633 zr 3.7831671494389605 4.627316395575769
2458633 zr 3.7209645278838637 1.072809119089606
2458634 zr 3.5413955240001362 2.0542699805336344
2458635 zr 3.1334438129548325 1.0728121983425862
2458636 zr 3.4225582657924534 7.029942749245462
2458639 zr 3.5511942927155014 2.6453272192365196
2458642 zr 3.1537111357177765 2.448135363151892
2458645 zr 5.842829100982676 -0.09896907925139631
2458649 zr 10.968062650195966 -6.240362505193631
2458655 zr 4.101297031431119 0.4861497968717766
2458658 zr 3.3446513282223513 2.054329516184929
2458661 zr 3.4895902438663864 -1.0704846850455905
2458668 zr 4.328372307111278 2.054374389807676
2458677 zr 6.794865209136221 5.425404100992873
2458678 zr 5.521609550118775 10.479601196948687
2458679 zr 5.913208379470831 2.448297248180125
2458680 zr 7.141123369320033 -12.75332464039601
2458681 zr 7.257214728371239 13.568473999544034
2458682 zr 5.312210512136698 10.275223946390847
2458684 zr 5.087046331597406 -6.995200601004304
2458685 zr 4.975831820573366 -11.467399245359697
2458686 zr 5.224752146874631 -1.4576926828302064
2458690 zr 4.206535997625167 -3.9582705562411515
2458693 zr 7.061314025695587 -9.801805734461665
2458716 zr 5.595771348700417 5.4260069336499654
2458828 zr 8.593505999789926 5.452908548040735
2458828 zr 8.51330139595348 -22.893635520364487
2458828 zr 6.5466009445462126 3.8599924606680207
2458874 zr 3.6396157011715795 -3.4778337352407953
2458878 zr 3.612896579394054 -4.993866142155615
2458882 zr 3.68345636852563 -0.9499013922305023
2458886 zr 3.9676369360886135 3.9660651588940943
2458888 zr 5.045163869528644 -0.7358424190216305
2458896 zr 4.734925723620669 2.8176767126718385
2458899 zr 3.081923905966241 -2.237456933145919
2458899 zr 3.6732926506174435 -1.4655549337005007
2458900 zr 3.714116567062478 0.871975848583211
2458904 zr 3.3976171021734305 -6.407912774033467
2458905 zr 3.7692550892841825 4.0479196534865745
2458905 zr 3.6095705106179605 -5.077097630695831
2458908 zr 5.091846196051603 1.3048829606647856
2458908 zr 3.7233333865593483 -9.198061112002604
2458912 zr 3.663156977336736 -1.9747120264873779
2458913 zr 5.595297511554912 -8.795347942070373
2458916 zr 4.674263280786141 0.18279828686410088
2458916 zr 4.558581933255316 3.9158247742098404
2458941 zr 4.509341959452833 -7.054114184228306
2458944 zr 6.137844320111616 -9.074885254616836
2458954 zr 5.1531795767234 4.310723956424558
2458954 zr 5.070396681562854 9.323191017033329
2458955 zr 4.139245865629582 3.13988079007797
2458956 zr 4.939412277687735 -4.585559656207582
2458962 zr 3.8065533821093673 -4.106475287951474
2458964 zr 3.9348839155557074 2.8957290827165814
2458965 zr 3.5413955240001362 2.9140196358374766
2458966 zr 3.486377692137752 -0.38594126759308744
2458966 zr 3.3354224710837768 2.3432437176841554
2458967 zr 3.4164450036512535 -4.5851895348781
2458972 zr 4.487761463574637 1.2888349458328
2458980 zr 4.296596890070695 1.6656588636326102
2458986 zr 3.1619198012696206 -8.282014093379011
2458992 zr 3.250505089073993 -2.4522867070568726
2458998 zr 3.268517769058173 -1.1108303115880993
2459001 zr 5.896892133019588 3.658073280961955
2459005 zr 8.720765437531908 5.580408095477379
2459012 zr 2.9430198274268617 3.691096983397801
2459016 zr 5.356309863719628 6.233438909044208
2459019 zr 3.360272006997528 -6.331043570261464
2459022 zr 3.369569620888476 -5.624774988988347
2459028 zr 4.968690411345941 7.2268326845190245
2459033 zr 7.319569276669822 0.8570119093172184
2459037 zr 4.565012148368541 -9.77971660894758
2459040 zr 3.5283725446773735 4.982262547111437
2459043 zr 3.7267642830838983 -5.330663793460228
2459194 zr 11.726109370776419 33.90222680524445
2459194 zr 8.609274119139467 57.791682674414346
2459194 zr 6.391692435585879 28.408437557210927
2459194 zr 5.767972533632069 26.86463093909094
2459194 zr 6.135121722354194 40.15220316386379
2459195 zr 6.2584044029366 37.58853059863932
2459195 zr 5.626303863100302 22.018475296183112
2459195 zr 6.9852321785645906 41.45808602222479
2459195 zr 11.088938017216151 33.38970348222753
2459196 zr 9.016952058619955 31.504593986371482
2459199 zr 10.808807903671363 40.95509621282149
2459200 zr 10.690002297341431 38.80746494901487
2459200 zr 6.004317136459462 30.11016749106574
2459200 zr 7.106987073955676 22.87734691793577
2459217 zr 7.272530069008742 32.60231299980832
2459219 zr 6.409377756373011 36.28785980028893
2459228 zr 3.762318255841194 43.13153186320801
2459231 zr 3.7450319736648594 43.05768204512583
2459253 zr 3.1537111357177765 49.74728606481207
2459260 zr 7.469708480924329 57.02150389423582
2459264 zr 3.606247503854101 45.07973916764234
2459264 zr 3.4290548661520326 45.840349403982195
2459264 zr 3.5413955240001362 52.61658937576171
2459264 zr 3.7484828645330293 53.207638151113024
2459264 zr 3.567585860808508 54.19635586952054
2459264 zr 3.6329174524944623 46.60376700016234
2459264 zr 3.326219079022338 51.43937994684534
2459264 zr 3.5436884239847775 41.50486243340651
2459264 zr 3.584053088942173 55.18963730156121
2459264 zr 3.4290548661520326 45.840349403982195
2459264 zr 3.5610201738693634 53.80032231291295
2459264 zr 3.3787094797152397 54.79177573711268
2459264 zr 3.636265034504371 46.795061262612585
2459264 zr 3.5251242895741863 51.63513002507505
2459264 zr 3.5153974555123866 51.048420252932225
2459264 zr 3.649686237553897 47.56200263431156
2459264 zr 3.3508180817001376 53.010440406152945
2459264 zr 3.747416154275648 42.43956259342601
2459264 zr 3.6970517515290404 50.26865807535315
2459264 zr 3.6699109806132753 48.71772556965353
2459264 zr 3.7278251147406913 52.0271714743564
2459264 zr 3.3974326045681105 55.98756247352258
2459264 zr 3.710697314151964 51.048420252932225
2459264 zr 3.5929860405814367 44.32192596747381
2459264 zr 3.4671643942120207 48.1390657573697
2459264 zr 3.7346983509124057 52.4199357562239
2459264 zr 3.5241592887452065 40.38888931881598
2459264 zr 3.6766774366895554 49.10438800859685
2459264 zr 3.5089278146795997 50.65818007049122
2459264 zr 3.5251242895741863 51.63513002507505
2459264 zr 3.3880581086734494 55.38884308562907
2459264 zr 3.394304894085236 55.78780550238974
2459264 zr 3.5024700803959328 50.26865807535315
2459264 zr 3.1133067381297184 50.26865807535315
2459264 zr 3.3384959238681233 52.22346317797871
2459264 zr 3.4101574721904915 44.70048358178095
2459264 zr 3.326219079022338 51.43937994684534
2459264 zr 3.2564982589429925 46.98653179475283
2459264 zr 3.5413955240001362 52.61658937576171
2459264 zr 3.557741863031766 53.60257893697791
2459264 zr 3.5413955240001362 52.61658937576171
2459264 zr 3.6665324238083814 48.52466128318485
2459264 zr 3.4290548661520326 45.840349403982195
2459264 zr 3.479961458479683 48.91096775681512
2459264 zr 3.2325916762999434 45.459694011952756
2459264 zr 3.4542268075166422 59.614828494793265
2459264 zr 3.274544150089131 48.1390657573697
2459264 zr 3.4417112707842272 46.60376700016234
2459264 zr 3.245053876200226 59.20882293012931
2459264 zr 3.32009759687281 51.048420252932225
2459264 zr 3.3384959238681233 52.22346317797871
2459264 zr 3.295724119207143 49.491763362492314
2459264 zr 3.317041081772558 50.85321030559495
2459264 zr 3.317041081772558 50.85321030559495
2459264 zr 3.531623792912234 52.0271714743564
2459264 zr 3.384939028445386 55.18963730156121
2459264 zr 3.451234220846973 47.178178759008254
2459264 zr 3.221231308981132 57.5922589476259
2459264 zr 3.2836045616013516 48.71772556965353
2459264 zr 3.1682680049189003 53.99824790112725
2459264 zr 3.2301442079672773 58.19707501753904
2459264 zr 3.375599005928627 54.593119619225824
2459264 zr 3.214776983678128 44.32192596747381
2459264 zr 3.3446513282223513 52.61658937576171
2459264 zr 3.616225713003899 45.64993405883097
2459264 zr 3.271529571948231 47.94653419091983
2459264 zr 3.8241236342046974 46.60376700016234
2459264 zr 3.8135717747619755 46.0309402089382
2459264 zr 3.6800653417009603 49.29798648907916
2459264 zr 3.7450319736648594 53.010440406152945
2459264 zr 3.8666238427552035 48.91096775681512
2459264 zr 3.790142423357356 55.58823242952476
2459264 zr 3.675631160188767 38.54258424150225
2459264 zr 3.5121611454062376 50.85321030559495
2459264 zr 3.7484828645330293 53.207638151113024
2459264 zr 3.589678301646781 44.132908498145206
2459264 zr 3.738139719777922 52.61658937576171
2459264 zr 3.68345636852563 49.491763362492314
2459264 zr 3.714116567062478 51.24381007809904
2459264 zr 3.646326299850026 47.37000231795235
2459264 zr 3.6665324238083814 48.52466128318485
2459264 zr 3.384939028445386 55.18963730156121
2459264 zr 3.612896579394054 45.459694011952756
2459264 zr 3.5708732424797516 54.394646386149866
2459264 zr 3.6005963263473633 56.18750351237917
2459264 zr 3.6429694553384717 47.178178759008254
2459264 zr 3.5381352798117525 52.4199357562239
2459264 zr 3.714116567062478 51.24381007809904
2459264 zr 3.476757771107313 48.71772556965353
2459264 zr 3.448056980057286 46.98653179475283
2459264 zr 3.6699109806132753 48.71772556965353
2459264 zr 3.891633422662148 50.26865807535315
2459264 zr 3.7612476084299415 43.19042812041442
2459264 zr 3.606247503854101 45.07973916764234
2459264 zr 3.9932014824881654 45.459694011952756
2459264 zr 4.156469612433115 44.132908498145206
2459264 zr 3.9456742145212287 43.00245231933638
2459264 zr 3.956689082077071 53.80032231291295
2459264 zr 3.6699109806132753 48.71772556965353
2459264 zr 3.835796246961142 58.19707501753904
2459264 zr 3.7786087385755596 44.132908498145206
2459264 zr 3.8065533821093673 45.64993405883097
2459264 zr 3.8241236342046974 46.60376700016234
2459264 zr 3.996881051214836 45.64993405883097
2459264 zr 3.9059971727915412 51.048420252932225
2459264 zr 4.05438148343015 39.09469132839347
2459264 zr 3.8382382103684485 47.37000231795235
2459264 zr 4.0599550348929645 48.91096775681512
2459264 zr 4.0599550348929645 48.91096775681512
2459264 zr 3.9276422633742625 52.22346317797871
2459264 zr 3.94940730026663 53.405017605575715
2459264 zr 4.124024376542976 52.22346317797871
2459264 zr 4.328372307111278 52.61658937576171
2459264 zr 4.045025126580692 48.1390657573697
2459264 zr 4.0711886178441175 49.491763362492314
2459264 zr 4.143060008168085 53.207638151113024
2459264 zr 3.9311645577032226 42.25227804667326
2459264 zr 4.004250363500074 46.0309402089382
2459264 zr 4.253286227030724 48.91096775681512
2459264 zr 4.04130123593605 47.94653419091983
2459264 zr 3.65641540394214 47.94653419091983
2459264 zr 3.7727283007437595 54.593119619225824
2459264 zr 3.7751301135260342 43.944065040192804
2459264 zr 3.8988086829773336 50.65818007049122
2459264 zr 3.963886619202336 43.944065040192804
2459264 zr 3.7346983509124057 52.4199357562239
2459264 zr 3.9131989164968677 51.43937994684534
2459264 zr 4.122157769703213 42.43956259342601
2459264 zr 3.8844713674987945 49.87985294578677
2459264 zr 3.7072812090399174 50.85321030559495
2459264 zr 3.4895902438663864 49.491763362492314
2459267 zr 5.244036346123373 50.75149246909366
2459269 zr 5.34884435076094 47.8600563721422
2459273 zr 12.114066571384322 76.45844250329726
2459278 zr 4.352357990284777 57.77754965397537
2459292 zr 3.499245671360805 57.73910158039246
2459295 zr 4.210412145215588 55.20308813495248
2459297 zr 4.575407344264572 63.883684939227905
2459301 zr 10.74370167491696 46.55029320791613
2459302 zr 10.080816020992584 51.75892260664097
2459305 zr 6.795234204346861 54.68862864120812
2459307 zr 3.804131577219304 67.57157402498976
2459309 zr 4.008038869377706 68.20135359002089
2459311 zr 3.589678301646781 56.16563178419669
2459315 zr 5.458834489928007 56.218455572187075
2459317 zr 3.3479150836972447 54.17335500415043
2459328 zr 6.726371439531021 68.95362052901689
2459334 zr 4.88062316525494 58.86429346393824
2459336 zr 3.476757771107313 65.04075693717577
2459339 zr 3.259498986355475 63.88689834540136
2459341 zr 3.295724119207143 66.44111569352235
2459343 zr 3.4258980438984303 62.826550510016844
2459345 zr 3.3231569284243228 68.63418140255304
2459349 zr 3.2325916762999434 63.23652532330516
2459350 zr 3.8170858222000525 64.08651251195613
2459352 zr 4.257205453008958 67.13467667012398
2459352 zr 3.7971305580467116 74.01785113504971
2459353 zr 3.6936482086586273 68.18193704002475
2459354 zr 5.019494240904701 51.82340360449628
2459354 zr 5.035767760399421 59.686593561062764
2459356 zr 5.833106782755979 75.71006327139237
2459356 zr 5.896892133019588 70.73897435077005
2459361 zr 7.460396682073216 60.104786621771794
2459364 zr 3.5153974555123866 69.77375199209509
2459366 zr 3.470359241687434 67.12262674285454
2459369 zr 3.2866302663419233 67.77286997797744
2459371 zr 3.081923905966241 67.03013783576262
2459373 zr 3.31093649055685 69.36899098495209
2459375 zr 3.7450319736648594 71.69419069957776
2459377 zr 3.4101574721904915 62.93892281483383
2459379 zr 3.280581642354868 66.32065318268724
2459383 zr 6.895739486925481 76.12843779668276
2459387 zr 9.322731281997108 65.93432622749201
2459393 zr 3.274544150089131 62.91657854023178
2459400 zr 4.131729915086476 76.62136037156858
2459402 zr 4.166018782893044 67.3024671637299
2459404 zr 4.350320198284425 76.4230011342214
2459406 zr 4.755867701788287 75.60352420120715
2459410 zr 5.476028416087882 70.49965765839423
2459415 zr 6.371649935897197 65.49084221230257
2459423 zr 5.073121654475677 59.6038361239069
2459426 zr 4.774338098363031 63.17001256459075
2459427 zr 4.229846524663517 55.74439328950659
2459430 zr 6.51052286997842 60.6339467446258
2459637 zr 4.562782476501905 33.57266593347535
2459641 zr 3.4831680979164203 27.90112590749937
2459675 zr 3.7038682488284667 26.405187776872758
2459679 zr 4.263057826244447 34.82144500910687
2459682 zr 6.290018275220894 27.579518169205894
2459684 zr 8.02944977069676 26.629298595679774
2459688 zr 8.479128545914104 32.863600315377326
2459699 zr 3.94940730026663 27.192021128857558
2459699 zr 3.540426068929703 15.10544190426361
2459700 zr 4.210412145215588 20.503645006662563
2459702 zr 3.7278251147406913 25.57967252491778
2459707 zr 4.43843398671541 21.691332870168377
2459707 zr 4.418041234933665 20.72867422129509
2459709 zr 4.6228858589493615 21.15313960445587
2459709 zr 5.956939422226989 27.607193466311994
2459710 zr 6.073278315484851 31.741707939169014
2459710 zr 6.845488255693997 18.397837384177517
2459711 zr 7.402943412918799 35.1346305274772
2459712 zr 7.4487864832077895 24.618075740910676
2459712 zr 7.999922608980875 23.640225567662775
2459719 zr 3.747416154275648 14.70524212057304
2459719 zr 3.9024012726735977 23.118889832741978
2459719 zr 6.1103153254531914 25.276119933299974
2459721 zr 3.5600453465618656 14.558438521799207
2459723 zr 4.320406489711688 24.196479578904178
2459726 zr 3.659784638334911 19.895049730842437
2459730 zr 3.5121611454062376 22.323065621145922
2459735 zr 3.3913642210649373 14.68424698491646
2459737 zr 3.280581642354868 19.502589898111182
2459743 zr 7.209178613332982 0.4782538304120081
2459747 zr 3.317221213715577 9.388859638867004
2459749 zr 4.484491143457954 12.03826923911614
2459751 zr 4.030249424211453 27.82045926804527
2459752 zr 3.873752991264169 19.258457538698465
2459753 zr 3.7062262235869916 10.097867678219117
2459755 zr 3.6868505200401636 19.448539724087325
2459756 zr 3.4886349704628024 8.056248762878429
2459759 zr 3.496024230748915 19.382098238816553
2459759 zr 3.2655087388640136 17.06424792734134
2459760 zr 3.5283725446773735 21.268685524108406
2459761 zr 3.3479150836972447 10.31931790374545
2459765 zr 3.848858319939095 17.064166372857535
2459765 zr 3.8595078145351387 17.642293465122556
2459772 zr 7.050248579148373 20.313355028403322
2459772 zr 7.03534704575083 8.696491647385471
2459774 zr 7.5399164933726475 17.465459528703352
2459775 zr 3.971292948151326 23.086043486991116
2459775 zr 8.079166082528218 32.41627117194318
2459776 zr 5.663695900547735 19.47997450272858
2459777 zr 3.8988086829773336 19.028562349870455
2459778 zr 4.045025126580692 16.44847307733812
2459778 zr 4.809646643253247 24.897345791827803
2459779 zr 3.690247799123855 18.128481682855238
2459779 zr 4.179502696505007 13.518257839035925
2459782 zr 7.177446653690407 29.723577580654926
2459785 zr 3.403881512129782 12.20997183877434
2459787 zr 4.0636961142358246 16.873782168714765
2459789 zr 5.21513665666097 16.369231049463117
2459791 zr 6.549088300178262 15.67344068081124
2459798 zr 7.9609800569018505 27.763438556374666
2459924 zr 9.06806120447577 19.01480750568314
2459924 zr 9.284416301286537 29.326033582842232
2459924 zr 9.2826490911588 1.7955856888092434
2459924 zr 10.291340162102632 23.69903399160862
2459924 zr 14.236393020480083 21.039240766386545
2459933 zr 6.175212503256222 9.408607155717513
2459933 zr 6.161176110068967 15.675721609645345
2459935 zr 5.5189944875061085 13.820776855493355
2459935 zr 5.962822852934237 2.128774830322177
2459935 zr 5.968977294019527 23.288241582663538
2459952 zr 7.7473150878664185 -0.5174690917370448
2459970 zr 4.061856813041423 -0.9402343720375583
2460016 zr 7.022692507505354 3.2750075687385483
2460032 zr 4.245458595988652 6.279389674305248
2460045 zr 3.2059064872935283 1.1685547277527721
2460049 zr 3.4164450036512535 2.3906496368678667
2460051 zr 3.3633683575934654 -0.861495271248315
2460055 zr 3.762318255841194 11.158237743020383
2460057 zr 6.374055913696742 5.828054175848162
2460059 zr 3.891633422662148 7.329644809604891
2460061 zr 3.5830719563868842 0.7673576057041247
2460063 zr 4.276855820552095 7.037418864611059
