jd filt fluxerr adjflux
2458206 zg 5.57021687998126 5.397082144191838
2458206 zg 5.529747138707973 -1.4480756255364584
2458209 zg 11.749186408042005 -2.1546865618656206
2458233 zg 5.637312432197524 -0.02268684678101839
2458236 zg 10.443006161166718 -1.7938614706369178
2458236 zg 9.532189205337817 27.783552494496867
2458244 zg 5.261906979477872 4.443035245561183
2458247 zg 2.5399768885484306 -1.1801767679185264
2458261 zg 5.047307457129484 -8.630363767925093
2458269 zg 10.11114597090048 11.428696203721804
2458272 zg 5.070604769822192 -1.911871020609742
2458275 zg 2.268408279076621 -1.6930036559013317
2458278 zg 2.468480864564462 -2.9195051935467884
2458281 zg 2.714408939423598 3.0547642316201835
2458284 zg 2.7204574500598167 -4.106005209473573
2458287 zg 2.7725237616156875 -1.6187692310337587
2458290 zg 4.516083053537405 -2.4168713826013617
2458296 zg 8.487639940766915 3.019267435198223
2458300 zg 3.4217786109172743 -5.0979304996443116
2458303 zg 2.4982147313620895 -0.5589025327065361
2458306 zg 2.8580858967403646 4.409135101178003
2458316 zg 5.635053049936166 11.875472665005557
2458331 zg 5.782158015481315 2.978385631116372
2458334 zg 3.0635373791556817 5.104721363173606
2458337 zg 2.6955161462407897 1.7262275628575143
2458345 zg 3.0975846511507044 -2.092456171296706
2458494 zg 3.7653420095821346 2.4635378318286736
2458568 zg 5.558758397551624 2.000717603345247
2458577 zg 5.5706422996823415 3.572053291087362
2458581 zg 3.2953376996072845 -0.8101484405993973
2458584 zg 2.8739239850418747 -4.445749034063964
2458587 zg 9.1796375590692 4.270568517016084
2458591 zg 19.157013486106017 -26.002577620849163
2458598 zg 7.634711913172341 2.146375304808029
2458606 zg 2.355210695905411 -2.6432836438865928
2458617 zg 4.405162365466302 1.8370644695694818
2458636 zg 2.2352248841242988 -3.1701862324599497
2458639 zg 2.561610947724258 -0.8420869364494055
2458642 zg 2.414514206030308 -2.135168135207374
2458646 zg 5.258621749051207 -4.539070695594125
2458651 zg 14.516064535975305 34.700320567754346
2458654 zg 5.606549860039761 -5.059191675825915
2458657 zg 2.8422723688973517 4.192254428544582
2458665 zg 2.4976099148883426 1.3246675351311386
2458672 zg 3.307134876050386 -2.262976535277973
2458675 zg 6.9633028746029275 9.160256623192838
2458682 zg 5.0593882635461505 3.7397485044686234
2458685 zg 2.621278531755887 -2.6397406498838
2458692 zg 3.053976515557893 -2.9007611580693835
2458698 zg 19.7902452956729 -32.15146354483224
2458705 zg 8.416189803692335 4.114666038702033
2458708 zg 6.805842632255967 13.78660968301277
2458715 zg 3.7547484439411583 0.8350809603624321
2458718 zg 3.158638516322979 -3.0635022694618064
2458723 zg 3.8708329538707265 -0.38274707415345555
2458728 zg 4.016099182525645 1.3466877404754454
2458729 zg 6.812113932569291 -8.052827173613814
2458734 zg 7.516101807774624 6.0986940948646335
2458761 zg 9.063370969115974 -5.883653551740383
2458893 zg 5.838007094717114 -8.594651383352723
2458901 zg 8.816413189114527 -9.961326715926592
2458913 zg 2.5125410768679055 -3.338407498735744
2458915 zg 5.870778414518416 4.174342635285411
2458944 zg 5.061910274084196 -1.4229858520593202
2458954 zg 3.2858815757102176 0.011146947232953508
2458963 zg 2.803336792090421 3.4337483055643476
2458963 zg 2.88712570296145 -0.4557088426713398
2458972 zg 5.040783081409478 3.2455366099343075
2458975 zg 9.211471658740368 8.08514635804061
2458986 zg 2.540464734671089 1.3118754320034518
2458995 zg 2.6124136097334576 2.535517090097672
2459009 zg 4.8118761716024165 7.020976092672152
2459016 zg 3.151110426919482 4.922677282568136
2459019 zg 2.2259971797363804 5.2805616782670945
2459022 zg 2.5459034970300403 5.963145987395263
2459025 zg 2.4651419803522683 9.47114870456073
2459028 zg 4.356742781135143 6.606572193558644
2459033 zg 9.219384522774796 12.083495554110172
2459036 zg 6.054662727351828 10.248116511441324
2459039 zg 2.3639036158862754 -0.7454072440145056
2459042 zg 2.4548771582357474 4.1771582255707544
2459051 zg 4.580940019968086 6.384727926804062
2459064 zg 10.289277435278603 16.989413471513913
2459233 zg 3.4180691611673617 16.927589009054174
2459254 zg 2.643881205616905 17.64007646705882
2459275 zg 7.733932550816028 18.42827732655614
2459291 zg 2.8240065071866014 22.112405799084524
2459301 zg 7.727246901291228 27.539814411720943
2459302 zg 11.288332223909773 26.650741838196332
2459307 zg 3.805134157558233 21.367047120138
2459311 zg 2.7496364538415814 27.45119814996692
2459313 zg 3.7136795804362532 26.02188798595313
2459316 zg 2.1803249455710185 26.252819178500694
2459319 zg 2.8833670210516775 25.426967889014506
2459324 zg 3.360592616079653 28.779465071741484
2459334 zg 6.787063350591923 34.82570089545673
2459339 zg 2.614820839987594 27.743436249405576
2459341 zg 2.4305981927524076 29.685277155079326
2459343 zg 2.8099586354802093 25.909952910829467
2459345 zg 2.787826186035634 24.189982362746015
2459352 zg 2.740690284622276 28.229032105075568
2459358 zg 10.006708021622831 35.2087682513494
2459361 zg 8.792568922665458 14.28004752373627
2459363 zg 5.550641345506564 33.69672991588277
2459368 zg 2.5318731174504245 32.12266185151664
2459370 zg 2.6355743783178216 23.613365827830883
2459376 zg 2.831820315733846 30.58754526952217
2459378 zg 2.8951141574630164 31.501302180643243
2459386 zg 9.084803145630978 46.32229052382694
2459390 zg 7.7263918800626605 33.074457397287055
2459392 zg 3.855703707150195 38.71628722251424
2459396 zg 3.1697366665189386 30.355843173129976
2459399 zg 2.852762999867045 32.51314059634086
2459405 zg 3.0192559222516935 38.01560523053523
2459407 zg 3.2513492513981195 33.37923900441398
2459409 zg 3.3010485159433367 30.027157993153413
2459412 zg 4.272536540355621 30.832563223998655
2459419 zg 12.08369540116254 39.73036450375635
2459423 zg 3.6998221320813505 37.145686881900374
2459427 zg 3.633874909285031 40.15573526754581
2459434 zg 3.483500432716843 41.890518138447014
2459438 zg 3.7229356152305306 41.2705189707437
2459440 zg 5.425901847520496 32.36533662688221
2459443 zg 11.499328326989986 54.98099958033838
2459447 zg 10.24068529797684 51.07737905167927
2459450 zg 10.90775232727111 46.959805622657115
2459454 zg 3.512496246481041 39.02568673336591
2459457 zg 4.372345202040283 32.64559977271921
2459460 zg 3.464302991260877 46.106617169582435
2459462 zg 3.8495009372819333 47.104685732597815
2459675 zg 2.9448281794686757 70.35127520046652
2459677 zg 4.384814440607352 70.44350501278909
2459694 zg 3.723752827441646 72.38795810927692
2459713 zg 8.538469301162992 83.06277251060266
2459717 zg 11.130782189460039 88.20274243495477
2459723 zg 3.410122445744642 75.797345954469
2459732 zg 2.8964094801205804 82.27145954266955
2459735 zg 2.5388786154035383 80.50158205244273
2459741 zg 7.6482183409058075 71.03742916243098
2459743 zg 12.405803779673246 60.89358660439731
2459747 zg 4.3637489831486125 75.39593754300637
2459750 zg 3.1095670580158328 80.53615553027613
2459752 zg 2.9339989918700446 78.57008682455059
2459755 zg 3.2629909466715743 81.19785190105947
2459762 zg 2.7826955473650097 85.24762397720167
2459764 zg 3.1204927913898515 79.95955925236002
2459766 zg 3.4880350952355985 86.1880841545406
2459769 zg 5.673774943542585 80.62337843431433
2459771 zg 6.533963914474845 80.35925243114046
2459771 zg 8.379359852551755 87.6672192727613
2459781 zg 3.0805139772283288 83.87241607655946
2459783 zg 3.038784670151118 87.53398864228146
2459790 zg 3.4848239751923837 91.02588793377484
2459792 zg 7.558311544765911 79.04178464758864
2459794 zg 3.694621671063319 83.21667473643774
2459798 zg 7.0018900304067255 87.54658787942604
2459806 zg 3.1744144162203365 89.15651935740946
2459808 zg 5.256053300032889 87.9410264165661
2459810 zg 3.992873262992839 92.1224423895813
2459812 zg 5.418319601101941 84.57601477967515
2459815 zg 3.397941274412552 87.34247455737163
2459823 zg 4.829028412060616 83.92971055240301
2459826 zg 7.111754097200849 90.34585975323013
2459828 zg 10.07797233821346 88.05466009447373
2459830 zg 9.695984575296478 79.69477121068208
2460016 zg 13.226620422175184 49.89196788135542
2460043 zg 9.094670052437547 30.658369637569677
2460045 zg 4.987234171301443 44.27007116375516
2460051 zg 2.840926254120597 44.5295019657369
2460055 zg 2.9570978335566007 37.91717098129844
2460057 zg 3.1996312283122754 45.50939028578654
2460059 zg 3.3362886866127406 36.939339409394506
2460061 zg 3.072274104339686 40.52557850907453
2460067 zg 9.3494244702519 34.486673671727026
2460094 zg 3.913639746107255 34.62466925776692
2460094 zg 3.753735112479551 34.1229071902339
2458198 zr 3.2655087388640136 3.496929883445814
2458198 zr 3.6732926506174435 -6.295998753453073
2458219 zr 7.108933140479934 -8.948148319722186
2458219 zr 4.631409377442166 -1.2852849146521448
2458230 zr 3.841774986898839 -2.3055342521884286
2458244 zr 8.10905758550716 6.8026975021080105
2458247 zr 3.470359241687434 2.8966488881395764
2458257 zr 3.3448329595400152 -2.9703792012648185
2458257 zr 3.360272006997528 4.730042954048373
2458261 zr 4.964116185189158 -2.6080263231624197
2458272 zr 4.567864058531241 3.859995161255295
2458278 zr 4.082453283254273 -0.96197576632545
2458281 zr 3.553493536977838 1.9835576901063225
2458284 zr 4.019128804296602 -2.1291708272344136
2458290 zr 4.648503589517003 -3.91874300556261
2458296 zr 8.723975609665965 -8.725046307476303
2458300 zr 5.853601909010396 -0.834890271184167
2458303 zr 4.454815939953795 -4.37333878964744
2458316 zr 3.762318255841194 5.228925885010898
2458331 zr 4.71751370641567 2.785596261102035
2458337 zr 3.440769104223104 -4.551830762798434
2458362 zr 5.4810743480285735 2.759106390009939
2458487 zr 7.01139492117921 10.822349954948965
2458487 zr 6.203715989095798 -7.722549679168456
2458487 zr 9.631012206144504 -4.755914334897391
2458488 zr 4.818094090663089 1.4974238882500417
2458488 zr 5.309577451365213 -6.250531261171594
2458488 zr 5.554691710524059 -2.2968868504681237
2458488 zr 7.78693475701907 1.5722437198447696
2458568 zr 8.301397680407455 6.132812064213201
2458573 zr 3.5306570128477937 -1.0228611910669978
2458584 zr 3.9896236035340595 -2.7155554194026115
2458591 zr 7.483168519442801 -3.750246298025403
2458597 zr 5.105822268194673 -0.860926434160585
2458606 zr 3.496024230748915 -2.549061512980467
2458617 zr 4.771357277750066 -3.5409569416850144
2458628 zr 3.938412704170212 -5.843746503522015
2458633 zr 3.5251242895741863 -4.814388986360598
2458636 zr 3.2655087388640136 4.019618790329615
2458639 zr 3.280581642354868 -4.275414551332993
2458642 zr 3.32009759687281 -1.3002683961835666
2458646 zr 5.91904861877702 1.4518964673108683
2458651 zr 10.60175584980057 14.414933601996303
2458654 zr 3.2088605964971295 -2.056283523377523
2458660 zr 2.8893036618433507 1.9304294800251978
2458665 zr 3.407018047067038 4.077101540849342
2458668 zr 4.011633263070705 0.028814689518930126
2458675 zr 6.206740994410443 4.644382551731742
2458678 zr 6.462727864219342 -4.104492289106186
2458682 zr 5.0035158159208235 -9.827874198591308
2458685 zr 4.87602241166906 10.136350808271088
2458689 zr 4.329420457529109 -5.574577510105107
2458692 zr 4.056217399625199 0.10862587335055732
2458698 zr 4.769526618546283 -3.161786673658387
2458708 zr 7.949904658153505 2.049567425886879
2458712 zr 5.198283491048928 -3.6834084815663095
2458715 zr 3.8135717747619755 -0.28778521828546094
2458718 zr 5.229566538206628 0.14797137709647226
2458726 zr 5.5850000798390225 1.6125831583721324
2458737 zr 9.093753259174644 7.3851680205879715
2458761 zr 6.964719866459871 -4.694110255256167
2458764 zr 6.006920818775312 -4.926133545871133
2458764 zr 8.416168903368565 2.302668296632412
2458764 zr 6.875202995449205 -1.7158667198860065
2458764 zr 6.429553967356256 0.26814463827633983
2458766 zr 11.514146846254404 3.394141392382854
2458766 zr 9.914358491629978 -2.316009468940928
2458766 zr 9.853710233014008 -0.9252352389774514
2458766 zr 9.720126864891126 -2.8417554696152534
2458768 zr 12.102689820905892 -1.848465282198806
2458768 zr 11.71531419704641 7.373704147618083
2458768 zr 10.113419197705593 -8.030548685608276
2458770 zr 12.415387462131227 9.074274700095586
2458770 zr 11.30529509446496 2.561612432663165
2458770 zr 11.997579003934337 -11.316650936890689
2458770 zr 12.37456446646028 -12.766702720219381
2458850 zr 10.973721663229858 2.323805860884245
2458850 zr 7.975728916633888 12.982331719569272
2458852 zr 16.608446820133945 0.39987049591906254
2458854 zr 4.6228858589493615 1.3329091476867627
2458854 zr 5.810629486896254 -6.502795635947726
2458854 zr 8.060498848422906 -2.7799759823618584
2458854 zr 4.718912641907543 5.149613486704616
2458856 zr 4.985116096778961 5.575030814830321
2458856 zr 5.4387604009969595 5.518893905092147
2458856 zr 5.720357662142963 11.240281726783731
2458856 zr 7.946328888066215 4.102740552516216
2458893 zr 5.800960748004086 1.3067004102733826
2458912 zr 4.065599644793589 1.087418285230934
2458916 zr 5.096425653260146 -6.776273465959209
2458944 zr 6.738773292638294 7.375179708596695
2458966 zr 3.3018006623739757 -2.1952841910945535
2458972 zr 4.015329815914932 0.6735802662766875
2458975 zr 7.232753314805878 0.09868030587780052
2458978 zr 8.374417440640608 -7.54371364566305
2458986 zr 3.0564824861491084 5.906291938794878
2458992 zr 2.905506903059816 2.679116949917512
2458995 zr 3.173590228830999 5.821814059595104
2458998 zr 3.05085741980958 4.35744818932163
2459001 zr 4.349404154388055 11.193069976096536
2459012 zr 2.8470375030427113 -1.7403573529358125
2459019 zr 2.9108639770985913 0.454086380165448
2459022 zr 2.9108639770985913 4.98269621889578
2459028 zr 4.71751370641567 5.068220165223362
2459036 zr 5.960238284753138 -3.9786209029979824
2459042 zr 3.2686952659422928 -0.7918950249659416
2459045 zr 3.124797738233233 0.2653304463547279
2459048 zr 2.9924156100866006 6.810363790573789
2459051 zr 3.3664675613474255 3.6086728127142225
2459064 zr 10.268458980693238 -3.0046226739552804
2459126 zr 5.87520714929031 6.710300579897707
2459126 zr 6.465534444434605 2.8796388208854298
2459126 zr 5.073121654475677 -2.694509965786512
2459130 zr 6.357167036125788 11.674078270681722
2459130 zr 4.769526618546283 4.209144538506795
2459130 zr 5.210335549622437 -0.8889668757618558
2459130 zr 4.998909529147793 3.7961698184601995
2459130 zr 4.989709673478982 3.6831980371302397
2459218 zr 11.037054303299932 7.380522175595855
2459218 zr 11.176485848981493 6.744224238736204
2459219 zr 7.5709646663356205 12.482302506067448
2459219 zr 9.971102169791026 2.8114290969304525
2459219 zr 10.781324183667074 17.789052075872533
2459220 zr 9.59118140149635 2.6204949546681755
2459220 zr 8.389857904476345 11.165421678116857
2459222 zr 12.269172868959611 -5.959988255447105
2459222 zr 11.004662597462138 -21.37045612211177
2459231 zr 5.458332156168267 0.8047387382615039
2459233 zr 4.1526431248786375 5.815995633294548
2459254 zr 3.6486476419709524 5.673437560901867
2459256 zr 4.0937491171262 0.018205569372158337
2459266 zr 3.938412704170212 9.81786554666704
2459267 zr 6.705263802826423 5.982159251475286
2459270 zr 4.627145655583246 4.5833227471902305
2459271 zr 8.93865001675431 5.301570637524731
2459273 zr 9.145338543256047 19.976594096615464
2459275 zr 9.151966941737195 -0.35117473244954134
2459280 zr 4.774338098363031 13.120795074427859
2459291 zr 5.03587888864342 13.60638512337724
2459291 zr 6.064791414311465 21.0293054396785
2459291 zr 6.228964687317957 12.293757066746924
2459291 zr 5.017249439310023 8.49164656996461
2459291 zr 3.6396157011715795 12.53667934466918
2459291 zr 3.475806010586072 11.609727338075228
2459291 zr 5.765853755256366 14.303313405487954
2459291 zr 4.325434749694432 2.9591454751580333
2459291 zr 5.3291747349531144 4.699782452269265
2459291 zr 4.145000714634923 7.393952734045357
2459291 zr 4.784559255926804 13.039550295864608
2459291 zr 4.297637345813873 4.812296324273226
2459291 zr 4.257205453008958 15.293711168762847
2459291 zr 4.57764318546156 13.32038744043533
2459291 zr 3.6329174524944623 10.917825165975113
2459291 zr 5.443771992015126 2.3990127300251745
2459291 zr 5.641871412644912 11.149620539705035
2459291 zr 5.198283491048928 17.693026459948307
2459291 zr 4.9941972720931105 15.452200447632972
2459291 zr 4.555260004868338 5.6396598757149725
2459291 zr 4.5343304862906715 6.611051240129634
2459291 zr 4.7871306118169095 7.968486045207012
2459291 zr 5.3024340659519895 4.6228111448202025
2459291 zr 4.894127473728558 3.233842995612344
2459291 zr 5.840682825167392 9.593290507822479
2459291 zr 4.793380862287463 16.925601959602805
2459291 zr 4.649882060690618 11.694938036416215
2459291 zr 4.740694153004654 6.172331186339059
2459291 zr 4.222062031405293 7.929048552249105
2459291 zr 5.810629486896254 2.9288761738408375
2459291 zr 3.852309961133536 10.599931837235852
2459291 zr 3.8347046898299704 0.10502555898986543
2459291 zr 5.051960663141662 7.357084874009296
2459291 zr 4.065599644793589 8.040852818821445
2459291 zr 3.8382382103684485 6.703254402910719
2459291 zr 3.4735570330816246 11.000077303614908
2459291 zr 3.9239297505257102 11.777117647119999
2459291 zr 5.789261721802708 11.517838231298574
2459291 zr 4.148820160026919 14.490514800437344
2459291 zr 3.3757823178601813 4.74765468899447
2459291 zr 3.388242097196694 10.031545577119838
2459291 zr 3.499245671360805 10.347115814923773
2459291 zr 3.61955791427159 5.927416340412825
2459291 zr 3.357178506932947 13.158172844462616
2459291 zr 3.271707232388338 12.644294656802888
2459291 zr 3.61955791427159 11.570535446874757
2459291 zr 3.695999677085081 7.045683734948903
2459291 zr 3.589678301646781 8.00749951096478
2459291 zr 3.841774986898839 13.055237434007179
2459291 zr 3.394489221840206 6.274896936494489
2459291 zr 3.354087854775508 10.911301412771165
2459291 zr 3.4950671960449786 14.680159384276939
2459291 zr 3.4544143893316033 12.34448613613406
2459291 zr 3.5306570128477937 11.6118511197855
2459291 zr 4.230870816264974 10.217794136302762
2459291 zr 4.760748912880022 3.942039896411626
2459291 zr 5.533796491333155 12.262790944099486
2459291 zr 4.067440640827377 10.421299206061967
2459291 zr 3.244522948870045 6.9381524310893035
2459291 zr 3.394489221840206 5.9532141670531695
2459291 zr 4.043194276207643 6.414371687107852
2459291 zr 5.760545652541137 8.427160015575216
2459291 zr 3.8170858222000525 9.49523701115976
2459291 zr 4.572073154869377 6.801222793687181
2459291 zr 3.448056980057286 4.932928884776847
2459291 zr 4.022733143400167 12.562344357851426
2459291 zr 4.842191239080211 -0.15149931095694313
2459291 zr 4.084365600109871 7.34557482629227
2459291 zr 4.114571463869075 9.318059565446077
2459291 zr 4.601645627795964 3.10640938799044
2459291 zr 4.194928952238173 4.368440574833326
2459291 zr 3.76578507529787 2.4402588886806065
2459291 zr 4.397742179335402 15.269598637910704
2459291 zr 4.328372307111278 17.121363164661393
2459291 zr 4.1756550044626435 6.780879093669657
2459291 zr 4.202663418455024 8.881285263298269
2459291 zr 4.18335393403522 16.770519850734633
2459291 zr 3.920317341497116 6.002385939491304
2459291 zr 4.842191239080211 4.73280031894159
2459291 zr 5.3247586391274355 9.931596113180424
2459291 zr 5.1531795767234 10.86603787691411
2459291 zr 3.985852504259796 6.791126383549497
2459291 zr 3.616225713003899 10.556540621228857
2459291 zr 5.418261485647766 0.6151042409825287
2459291 zr 5.110639848616976 17.270635334051274
2459291 zr 4.463029576890724 9.902657215761286
2459291 zr 4.04130123593605 14.67872182968205
2459291 zr 3.5121611454062376 9.747851811459967
2459291 zr 3.8100609623911477 10.574846479044506
2459291 zr 3.9821830885239096 15.172796052444696
2459291 zr 4.368422242966458 13.657130089430684
2459291 zr 3.7994542869587713 3.4936543296453557
2459291 zr 4.011633263070705 11.128273183326215
2459291 zr 3.7716546909335626 11.231063425308747
2459291 zr 4.261128290390586 17.390693238958743
2459291 zr 4.47623800924393 10.624560998430148
2459291 zr 5.504272505882575 -1.4420094167558037
2459291 zr 5.03587888864342 14.246581045969158
2459291 zr 4.8537262323297625 6.841938021678839
2459291 zr 4.869024250818897 6.57638594019698
2459291 zr 4.580502986640063 12.328310644756053
2459291 zr 4.705891801662076 2.502040257412169
2459291 zr 4.806643778026725 13.231286235897027
2459291 zr 4.525985629120275 15.305055621818468
2459291 zr 4.948519396742178 12.977217618897475
2459291 zr 4.426187067929959 13.684990482948088
2459300 zr 7.760429996097144 4.325688788267096
2459302 zr 7.9338828896985145 15.619779925256978
2459307 zr 4.099440711392288 15.979836806230416
2459309 zr 4.40179451545266 8.473627164125363
2459316 zr 2.9649809788695936 10.361505441547505
2459322 zr 5.443771992015126 14.377714567102801
2459324 zr 4.7538112886763875 8.401632113392132
2459328 zr 6.676991847736247 7.933408902526922
2459334 zr 5.678844283350396 16.135368846511266
2459336 zr 4.179502696505007 13.252059574726998
2459339 zr 3.2325916762999434 13.499763291355517
2459341 zr 3.792555322403723 12.918486227104577
2459343 zr 3.5306570128477937 19.89465380834901
2459345 zr 3.4155097537168144 15.508552191493315
2459349 zr 3.5371667172313805 11.394651861446267
2459352 zr 3.5567679331600583 14.124859364059684
2459358 zr 8.977246830259803 4.711651517266789
2459361 zr 8.336243360347478 8.31969449211995
2459363 zr 4.975831820573366 12.604938603335288
2459365 zr 4.516788602880402 13.972502250106086
2459368 zr 3.400747864718003 18.97300513430021
2459370 zr 3.33253281114513 5.426201168747292
2459376 zr 2.8707355535560826 12.866064096581923
2459378 zr 3.5306570128477937 22.896569498235884
2459382 zr 4.5343304862906715 16.072701665907662
2459384 zr 5.138847065847646 23.15232222804785
2459386 zr 7.18627202987277 10.68818042468266
2459390 zr 7.043758049694362 8.723989526611987
2459392 zr 5.941552334515298 20.14136164610651
2459394 zr 4.614378026905656 23.49714493073805
2459401 zr 3.566609236147841 21.148280575161415
2459405 zr 3.859412718198205 12.190535181023883
2459407 zr 3.354087854775508 15.416171139171059
2459409 zr 3.747416154275648 23.633419038510443
2459412 zr 5.040519241140336 9.71335985413613
2459425 zr 4.509341959452833 13.290546592823166
2459434 zr 3.3263997093765725 17.02694379158724
2459438 zr 4.2493706091311605 23.121222945385107
2459440 zr 5.838481747528302 22.050808146046375
2459449 zr 6.0153876905918455 24.82372435361676
2459450 zr 6.689302656444703 21.03183100148877
2459452 zr 5.667913107863339 26.2024398448368
2459465 zr 5.105934942386541 4.627649542847584
2459467 zr 4.572073154869377 20.834193844630377
2459470 zr 5.084637080354678 21.269431818650652
2459491 zr 5.248868507041208 19.909858362857104
2459491 zr 5.1769655729164725 19.279344690447275
2459491 zr 5.073121654475677 21.075618818046916
2459491 zr 5.359199531773367 15.12035360603133
2459491 zr 4.793380862287463 8.710996332297409
2459502 zr 16.00770308256034 41.65989673157637
2459504 zr 13.268164327090233 2.434547946385212
2459504 zr 11.004085106057993 32.71329253324821
2459504 zr 10.6732255890953 27.75956196460506
2459504 zr 10.698673216577435 25.62592605416766
2459504 zr 15.093862179797439 36.06011071399537
2459505 zr 11.394456596585176 15.661308549832777
2459505 zr 9.611690698354904 28.750727856685586
2459505 zr 9.264026461170968 21.56971830905169
2459505 zr 8.463523790844052 24.121807575452877
2459641 zr 3.7995479059136428 26.124784366468123
2459675 zr 3.31111629098998 30.94789909874178
2459677 zr 4.546876629587322 39.287588670735076
2459679 zr 4.141184785462626 31.892764048913833
2459683 zr 5.741850852150458 33.56511581857484
2459694 zr 4.44747146830439 41.36599113353439
2459696 zr 3.6688666296509864 38.46116276168518
2459700 zr 3.7439662454316402 39.8075972767627
2459709 zr 5.21513665666097 38.00043261749098
2459709 zr 4.47623800924393 38.355575127925356
2459713 zr 9.28965930902739 31.486061840121863
2459719 zr 4.939412277687735 36.20614624202043
2459719 zr 5.299805850993171 31.89347455580697
2459725 zr 3.2059064872935283 33.89687571883837
2459730 zr 3.3633683575934654 33.70075852813463
2459732 zr 3.20018020150524 41.320167012932735
2459735 zr 3.403881512129782 45.34664024522821
2459737 zr 3.71305963646352 28.911264308666475
2459741 zr 6.594319318737379 37.237568638359484
2459747 zr 4.6186299839269145 36.8943393080411
2459752 zr 3.3913642210649373 37.05386284904401
2459760 zr 3.1794415857170133 41.3413150902057
2459762 zr 3.0452427056874942 37.1633555870459
2459766 zr 2.80797468407373 38.558640320517604
2459773 zr 7.543309381867125 34.99594610902737
2459775 zr 5.990345992690624 37.23833554834185
2459775 zr 6.549088300178262 45.887912574336134
2459777 zr 3.400747864718003 39.359451305679855
2459779 zr 3.5186367477434 41.30375658979121
2459783 zr 3.4322145972857774 48.64436163727117
2459786 zr 3.8065533821093673 38.61072692266631
2459798 zr 6.149161067088432 34.999243925899066
2459806 zr 4.37434639249031 44.88575701214729
2459808 zr 4.1526431248786375 43.6469474385729
2459810 zr 4.463029576890724 39.25883469219294
2459817 zr 4.171810854644095 38.44450489967823
2459828 zr 7.152955538526354 35.93134315697504
2459856 zr 7.069756074073672 49.42946673134794
2459856 zr 6.435478533348851 49.49777539311861
2459856 zr 6.94034158806828 35.293191334899255
2459856 zr 6.816633951146456 40.99341296106103
2459856 zr 5.676277549972334 49.76025484834037
2459857 zr 11.022106890788692 42.32085988543274
2459857 zr 10.62803997697972 39.72201105324223
2459857 zr 9.25277720497103 31.467507590911275
2459857 zr 10.090327739057289 33.824126789521245
2459857 zr 10.601731098374609 33.231424488197824
2459859 zr 9.291760539889122 38.69300229281235
2459859 zr 8.31293922486623 48.76833907470391
2459859 zr 10.133927630642447 41.866525545720506
2459859 zr 10.891700453895043 46.71312099075874
2459860 zr 8.70682389806021 49.05568635182901
2459860 zr 9.651121843569474 41.9989658476382
2459860 zr 9.516383455273418 41.032026619618335
2459860 zr 10.025482253763698 45.12550079470692
2459862 zr 9.979419346957965 32.19173620851073
2459862 zr 10.262500217315008 39.55610137103989
2459862 zr 11.173179724811684 46.83208643789209
2459862 zr 10.46053605162041 37.04855183570812
2459862 zr 10.604868131903979 38.77980773486594
2459937 zr 8.244615083134436 20.792201393853368
2459937 zr 9.261040013320756 30.07083377551175
2459937 zr 17.83943990709557 50.73909751052064
2459952 zr 9.098181690377592 19.810540991889507
2459952 zr 10.928908366015415 38.11626739177669
2459952 zr 10.33181888861692 42.50078600709067
2459952 zr 9.486684178620473 39.74754378745664
2459952 zr 11.325390340578103 33.0226525667702
2460016 zr 6.456778212219832 21.496942886374644
2460021 zr 3.8382382103684485 26.96521638148377
2460032 zr 4.026439924321469 15.716162258316633
2460043 zr 6.689302656444703 25.85216742896428
2460045 zr 4.05438148343015 23.607017843143236
2460051 zr 3.6486476419709524 22.37534589073214
2460055 zr 3.4258980438984303 15.024119189049138
2460057 zr 6.553684429329471 18.953246023141
2460061 zr 4.089119146367807 18.6949986328376
2460062 zr 2.7332740301729603 19.10604860684795
2460062 zr 3.1624958524705873 14.275426128636086
2460063 zr 3.522264061599485 19.18190709872782
2460063 zr 3.6679373709256966 13.302803516039631
2460063 zr 3.360272006997528 17.37972469393869
2460064 zr 3.554855169693469 12.034871035063077
2460064 zr 3.548312911968256 19.701522098270953
2460067 zr 9.189629643063828 5.223538857088675
2460093 zr 3.8828521176692767 15.08654020977594
2460093 zr 3.6142809742520994 16.754201013725407
2460134 zr 4.2959135179348555 14.217759181538185
2460134 zr 4.9650612426088205 12.910383112961991
2460134 zr 4.1558085274886345 17.435587306877267
2460134 zr 3.843712094994345 10.942056766246775
2460134 zr 3.9955303512230107 13.605082495769066
2460134 zr 3.8049666125513264 20.541849838766556
2460134 zr 3.6477235043559784 9.728180750935703
2460134 zr 3.7087017703348066 9.710684707938213
2460134 zr 3.467314118517964 10.335959122503255
2460134 zr 3.6043081311971052 14.646642358288872
2460134 zr 3.3915106720538333 13.034020258034879
2460134 zr 3.4386912852428404 11.980134116103693
2460134 zr 3.33574764427825 6.811898970927548
2460134 zr 3.8614538639153673 12.204014062079295
2460134 zr 3.8472539154812626 15.039838055108508
