jd filt fluxerr adjflux
2458206 zg 5.159057692604744 -8.348500278017601
2458206 zg 5.565264190022576 5.566448167018454
2458230 zg 4.7087285300878365 4.747411813058107
2458233 zg 5.201954341163929 1.5926971917174824
2458236 zg 8.662484656922237 19.51527758046045
2458244 zg 4.062710427768727 -0.4287980451314719
2458247 zg 2.1955880093109945 3.559108238492226
2458261 zg 5.213890670664672 -2.250311482068147
2458269 zg 9.602684365823857 -1.8389476891842467
2458272 zg 4.61759531541056 5.6480421504376075
2458275 zg 1.907186605719964 -2.9502713834747816
2458278 zg 2.205722383099736 -2.816005656018028
2458281 zg 2.501816946089505 3.382808827091154
2458284 zg 2.2467298238635953 -1.6211800352909889
2458287 zg 2.506429710422491 1.0024213471979497
2458290 zg 4.027385328809015 -0.9479377403127209
2458296 zg 8.271356349198385 19.80709758545146
2458300 zg 3.0486893290067867 -3.9095877444462253
2458303 zg 2.0817180678452907 -0.5227092252864055
2458306 zg 2.618978448267469 -0.7328885401796783
2458316 zg 5.060186643581748 5.973029388059909
2458331 zg 5.761961930049822 1.0824993805397864
2458334 zg 2.7715620736011317 1.095254544916653
2458337 zg 2.438122542405584 -3.3769102182850217
2458345 zg 3.102509861855887 -1.3230200948878488
2458494 zg 3.1485686771548225 5.442883132464558
2458560 zg 4.512009166615916 2.8066071509837007
2458568 zg 5.522940754755098 2.135085935813237
2458577 zg 5.330426020407274 6.7533061580141265
2458581 zg 3.091100822253894 2.7894939804672547
2458584 zg 2.561721567059714 3.840573845374309
2458587 zg 7.727371004024723 14.234238397938874
2458591 zg 17.99856854768364 16.95385837590267
2458598 zg 7.131057537191514 24.60105504504356
2458606 zg 2.095182758613975 7.885888045252994
2458617 zg 3.9197974204737256 -0.8750879945094638
2458636 zg 1.9159897791137306 8.867925580343028
2458639 zg 2.157500228179003 10.323290098999944
2458642 zg 2.18550019874022 6.549081429552069
2458646 zg 4.755124806862824 8.622953277583896
2458651 zg 13.296436634592 3.9828324785211757
2458654 zg 5.4245275629952445 14.091493608077071
2458657 zg 2.6997355396202716 8.008093010654232
2458660 zg 6.8465550589753255 15.611356380162679
2458665 zg 2.2240822819058934 8.107566717283428
2458672 zg 2.9021817699628842 10.485744668677922
2458675 zg 8.12325193174811 26.84583115284387
2458682 zg 4.522769238949973 7.623889743890862
2458685 zg 2.2739160865410386 10.87627474894382
2458692 zg 2.744866479948087 8.446348805973543
2458698 zg 28.583882877398263 -25.99411292745791
2458705 zg 9.510425961723607 2.4388726193062453
2458708 zg 5.8043635399257685 15.02422827956479
2458715 zg 3.5291140456475403 16.03984734288344
2458718 zg 2.997987135632186 14.668150603765618
2458723 zg 3.6564527045004422 14.468104649800015
2458728 zg 3.8080261919471416 13.840990770743156
2458729 zg 5.8379417938961256 13.655470184246361
2458734 zg 7.763038927982651 21.48622232121345
2458761 zg 9.220057907053608 12.197472216552928
2458893 zg 5.700519593132992 38.49894782579497
2458901 zg 7.835062738584792 42.537334028696236
2458913 zg 2.1834882053682945 31.627270644894697
2458915 zg 5.245254148986422 31.0794240101769
2458944 zg 4.819527134110764 40.8716843740128
2458954 zg 2.9814653399173077 38.450501466186175
2458963 zg 2.45615364063591 32.120562671772745
2458963 zg 2.3247402451528174 38.25541912000676
2458972 zg 4.281696390723018 27.19571592756526
2458975 zg 9.392624228291487 41.70871097836476
2458986 zg 2.091326841865209 37.491484136707705
2458995 zg 2.411323784435356 38.542817719776785
2459009 zg 4.475235239471077 45.46925691930849
2459016 zg 3.062761439573462 38.377279644964304
2459019 zg 1.9516106886049598 37.91482360394282
2459022 zg 2.2343481792810636 39.467666106726035
2459025 zg 2.363602463967191 36.45909249882588
2459028 zg 3.815047300116046 39.121564126620505
2459033 zg 8.599672312587217 33.32554889019001
2459036 zg 5.182870820947935 43.954899728313734
2459039 zg 2.0817180678452907 39.504253233328114
2459042 zg 2.0456056360910773 39.48517131950185
2459051 zg 3.8284517994668272 43.0066462839767
2459064 zg 10.194993373163461 34.417079355697965
2459233 zg 2.8492109829311594 29.9822090421516
2459254 zg 2.587807246148998 25.128359879402126
2459268 zg 3.0235222621103257 26.066037632505704
2459275 zg 7.6199819146675685 24.20963910312652
2459291 zg 2.169456019697869 24.3969516946642
2459302 zg 10.552207466352163 15.156615847653107
2459307 zg 3.9648173362298738 23.232578735087422
2459309 zg 2.9432677036072743 24.082546524545997
2459311 zg 2.2303572593101193 23.681379971406496
2459313 zg 3.4140924479526094 15.563465569682934
2459316 zg 1.809797419415934 21.52736236527938
2459319 zg 2.485739020953645 20.981394463194817
2459322 zg 3.1139610114349217 21.91219057510422
2459324 zg 3.1777020244291503 23.09170318747826
2459334 zg 6.587267085398125 15.432040918573964
2459339 zg 2.35274269709836 23.594299729081914
2459341 zg 2.0588367492519306 20.072783920015027
2459343 zg 2.526573429490043 20.39638334046031
2459345 zg 2.4448686397366672 22.396107124346702
2459349 zg 1.949814016258599 17.40583972865494
2459352 zg 2.277984949089465 17.834375284338876
2459358 zg 10.918928479642478 23.062867027051517
2459361 zg 8.916614051393605 30.824363981961813
2459363 zg 4.783036037027825 18.065779544754793
2459368 zg 2.2138635520446637 17.808091185034332
2459370 zg 2.2949563730377354 18.082065700643327
2459376 zg 2.5451959510153257 18.746053242512133
2459378 zg 2.6382820560541513 11.790341831961747
2459386 zg 8.87873348114895 22.144091699896812
2459390 zg 6.977341118851379 11.616904787874002
2459392 zg 3.5897149213931687 12.107952900709485
2459396 zg 3.0968000879994793 22.88689124903761
2459399 zg 2.5648119583196194 17.1316098843315
2459405 zg 2.7247158850055566 13.815894031483522
2459407 zg 3.0571248176206645 21.5988845524399
2459409 zg 2.913598903156863 16.15504847236246
2459412 zg 4.242441562260427 8.273061382045087
2459419 zg 12.175924008298246 15.592692421413465
2459423 zg 3.5291140456475403 12.95956819856509
2459427 zg 3.8660157836433706 14.566800350557951
2459429 zg 5.137492718385824 3.605938878544439
2459434 zg 3.0712358646336773 12.786700045372147
2459438 zg 3.373383319287506 12.690453831624108
2459440 zg 5.738518510647504 17.074334760964774
2459443 zg 11.066247527229125 12.923497149340877
2459447 zg 10.630246156394731 19.870868056502097
2459450 zg 11.24904155801904 20.440137641346062
2459454 zg 3.2437093869113767 12.574396415561495
2459457 zg 4.312905806460462 12.828592866691906
2459460 zg 3.1953112660954743 6.391791700776033
2459462 zg 3.448781602404715 16.998564767020405
2459637 zg 5.50155584269732 6.230314216332214
2459675 zg 2.561721567059714 8.375177241561605
2459677 zg 3.7828853898153967 6.595918401162781
2459694 zg 3.1747766001190585 2.042357130356157
2459696 zg 2.9514114987014963 7.126045008423189
2459698 zg 3.073475566778227 0.6813356816508742
2459713 zg 8.249578584869125 -5.789849377698534
2459717 zg 9.798306482304744 16.037626642691357
2459723 zg 2.9371397424589785 -0.34955164205332423
2459732 zg 2.5570070451138465 4.22756153886534
2459735 zg 2.2118254470856216 4.530521311043503
2459741 zg 6.857689202294844 11.960365771806636
2459743 zg 11.782176769631235 8.912455040542637
2459747 zg 3.911109065028504 9.47209183825876
2459750 zg 2.886886867852346 0.7927805020772505
2459752 zg 2.7272265971255067 3.0736613202051863
2459755 zg 2.8968406744194266 4.736224612609312
2459762 zg 2.485739020953645 5.11380748600717
2459764 zg 2.912893522393387 6.27656376810725
2459766 zg 3.1992040256600807 2.7147996529411156
2459769 zg 5.319683394534658 14.948364954927381
2459771 zg 6.57766775882077 -4.45352962365811
2459771 zg 8.054572192108616 3.5225989868681014
2459781 zg 2.9324442544371063 8.640967312621738
2459783 zg 2.9324442544371063 2.5861382479769865
2459790 zg 3.1601898266393746 0.45049595489677374
2459792 zg 7.506968930545199 14.242568485874514
2459794 zg 3.357958131887403 1.3761593811081916
2459798 zg 6.802438411775285 12.780965749480433
2459806 zg 2.815299542580871 8.579471654746063
2459808 zg 4.971685555714484 8.616219747657908
2459810 zg 3.8464488385722717 10.928541385122717
2459815 zg 3.3827172111699437 4.594082013092211
2459823 zg 4.7000627155521295 4.539581240523473
2459826 zg 7.360205767043504 1.5893558633167317
2459828 zg 9.752897247024215 12.385859028414385
2459830 zg 9.56665864063615 9.435242186908294
2460016 zg 11.732247468932423 14.620710064727302
2460043 zg 8.908020647651899 -0.3729685302314578
2460045 zg 4.348805389641831 5.5123413733221875
2460049 zg 2.982037981468684 3.5533405751650524
2460051 zg 2.1997556104862195 4.180317685055492
2460055 zg 2.8604197299595273 1.9524134626588374
2460057 zg 2.744866479948087 1.9330937850182215
2460059 zg 2.687331381554468 5.674678012340407
2460061 zg 2.626160251097623 5.1277644761836925
2460067 zg 8.6221442734455 5.265152486731319
2458198 zr 2.9393786128668418 -0.10550000973931353
2458198 zr 2.7872404368093795 0.8843376664434663
2458219 zr 6.387848469982139 -1.0324186117129177
2458219 zr 4.115999154808979 -7.066719512672077
2458230 zr 3.174835469814414 3.584516270506985
2458244 zr 8.885147021770669 -18.465296260388502
2458247 zr 2.8751170485256567 1.947590607920665
2458257 zr 2.9611167427528122 -0.9918496825885215
2458257 zr 3.0997111368988537 3.4106455454745945
2458261 zr 4.811183344000936 8.660891935989362
2458272 zr 4.280159568973523 -12.085640112380341
2458278 zr 3.6183716383771847 1.5428900037361384
2458281 zr 2.8679688767093405 -5.688779003448226
2458284 zr 3.1602484258530366 -2.802322742737862
2458290 zr 3.7231726069218425 -3.9281663434257856
2458296 zr 7.911741789708914 4.661196561191603
2458300 zr 5.459715004965484 -10.81056773392455
2458303 zr 3.9561730205077072 2.4606503901606094
2458316 zr 3.250308695871141 -8.15581572746091
2458331 zr 4.339335043648009 -3.283856147139199
2458337 zr 3.216038385360125 -2.5107425504956806
2458362 zr 5.279354753334119 -3.539518582609436
2458487 zr 8.836813488025417 -3.0326625214702085
2458487 zr 5.474821615967533 2.9995026748025984
2458487 zr 6.176776971108032 -1.5347745650876279
2458488 zr 4.108333521296466 -4.53861533114594
2458488 zr 4.2805534747650835 7.560681996609136
2458488 zr 4.765007875580127 6.922739665459438
2458488 zr 6.860428135105467 8.346271465038699
2458568 zr 8.261751063801022 -0.9667788108159061
2458573 zr 2.9178000667906274 3.474704697166909
2458584 zr 3.39179632242676 -2.676155031160995
2458591 zr 7.545673492097303 -4.908028459249951
2458597 zr 4.070668093174333 13.024250953077914
2458606 zr 2.8645442137152712 2.2141064135503714
2458617 zr 4.43261447440967 2.0303589634501584
2458628 zr 3.2607779358828384 2.7699972701695454
2458633 zr 2.7313316298995693 3.443997935632721
2458636 zr 2.3463521211289424 5.471570649986167
2458639 zr 2.8130304550394967 6.627047142905495
2458642 zr 2.610663217654772 1.998747800308006
2458646 zr 5.434629893138064 11.644242305522392
2458651 zr 10.28052481190781 6.535517938322531
2458654 zr 2.7237950986032535 6.132372442790748
2458660 zr 2.3184257301129296 7.955851607852095
2458665 zr 2.6469811607041294 3.788094401006309
2458668 zr 3.0657160292242684 7.622911435369385
2458675 zr 5.657237737054415 0.0987624555379405
2458678 zr 6.176776971108032 15.194941008025852
2458682 zr 4.1310998591299715 5.955005759782383
2458685 zr 3.7970117196565227 3.3754241004811614
2458692 zr 3.4508383019307765 5.9021702277015295
2458698 zr 4.231220840543475 7.229461073561844
2458708 zr 6.866622406309985 3.210916382942668
2458712 zr 5.434629893138064 9.848891801986811
2458715 zr 3.880389108288662 3.1065443534041006
2458718 zr 5.492636340730959 -3.2159435362361597
2458726 zr 5.124079613530175 2.20103533077155
2458737 zr 8.538425600285478 11.166215764575814
2458761 zr 6.867517691348751 2.064923900084703
2458764 zr 7.659101034744692 13.685648440590942
2458764 zr 6.922448932820937 15.93496583764368
2458764 zr 6.640035243941133 20.653447636961495
2458764 zr 6.233776383834349 11.594745462135345
2458766 zr 11.55403419867302 9.666552607539288
2458766 zr 10.372743016617962 19.635666401084535
2458766 zr 10.269540682180446 17.928433219650614
2458768 zr 12.641305178831947 8.524344199694623
2458768 zr 12.386915995154213 13.78190968811619
2458768 zr 10.2143525059092 15.525825271535814
2458768 zr 12.327918548013573 16.888892610328586
2458770 zr 14.245895565914607 -0.9373911753516317
2458770 zr 11.507474503302017 13.061575888172875
2458770 zr 11.857592784005455 5.749806131467504
2458770 zr 12.155895216557203 26.170516577671933
2458850 zr 8.72654793063019 4.729661414801972
2458850 zr 8.17156562018971 1.9088090947345453
2458852 zr 9.205622876292006 17.515524118210735
2458852 zr 16.353390006166375 5.432880625254063
2458854 zr 4.097087856511166 8.885382388760402
2458854 zr 4.115908325825898 15.844379836606858
2458854 zr 5.091149718900853 17.734405941637174
2458854 zr 7.205629591687958 6.3663697897475044
2458856 zr 4.207902739701365 13.843944696555074
2458856 zr 5.021296526029014 18.04178330854175
2458856 zr 5.26992494176127 14.368661344189928
2458856 zr 7.860761476505013 17.192114436612883
2458893 zr 5.338317863023524 8.727514709345652
2458912 zr 3.195370516563918 13.908517032637445
2458916 zr 4.276219211206232 17.11505859279127
2458944 zr 5.90613885325589 18.299579734386434
2458966 zr 2.9017201790328007 19.18116896073594
2458972 zr 3.799383835208289 12.971847702001408
2458975 zr 6.661180765568124 19.547553283458672
2458978 zr 7.378076710575681 12.159029229389393
2458981 zr 3.8839647251145992 20.328281016697176
2458986 zr 2.4345680126201277 17.121377042754112
2458992 zr 2.376803005657149 16.546340440851232
2458995 zr 2.671473375831252 17.848731423716302
2458998 zr 2.5535881264773 13.654512138282126
2459001 zr 3.7970117196565227 17.42131984841758
2459012 zr 2.208157081954623 15.181644055565675
2459019 zr 2.3879317589468694 16.80353490743812
2459022 zr 2.410027019471304 19.958361878087967
2459028 zr 3.898300170611098 13.46321147132344
2459042 zr 2.584347145231958 21.611541306625753
2459045 zr 2.7087843650168884 18.869959541669935
2459048 zr 2.4345680126201277 19.748148012756992
2459051 zr 3.160326294707987 25.118620488994566
2459064 zr 9.634870116202016 12.041972330781787
2459130 zr 5.866123734466211 16.857237330447248
2459130 zr 4.675447488557072 24.327128687723693
2459130 zr 4.850436752808061 11.20606350208548
2459130 zr 4.573533949966554 16.93675255664958
2459130 zr 4.8268479989310595 14.059402549807825
2459217 zr 19.488616758669583 27.44295636025016
2459218 zr 10.111876667076364 7.200244514446327
2459218 zr 8.767786297427543 35.1468977791143
2459219 zr 6.822042846613305 11.173949272995177
2459219 zr 8.358530326358032 9.538366172741725
2459219 zr 9.703533789739383 14.683456857340138
2459220 zr 7.378076710575681 12.990399915214997
2459220 zr 8.400502638764996 14.856492959526
2459222 zr 10.60661320662314 8.405372532406759
2459222 zr 10.933526896712419 5.020043253632586
2459231 zr 4.428533765129519 14.288969879195147
2459233 zr 3.512608637776548 9.71000291827903
2459254 zr 2.974784636627202 13.541452287656613
2459256 zr 3.493250782084001 15.349558828788624
2459266 zr 3.2473164291321317 13.5944048008311
2459267 zr 6.133177384080899 13.872244648809472
2459270 zr 4.097087856511166 12.214913543219028
2459271 zr 7.121482059050035 23.04591642408919
2459273 zr 8.824496921716358 17.700792681247627
2459275 zr 8.169167455769333 7.959341229527217
2459280 zr 4.254668158684673 11.317913965649964
2459291 zr 5.683350360003678 5.103417449472166
2459291 zr 5.3109226136936085 11.61178100420886
2459291 zr 5.08454279797731 4.117810258112883
2459291 zr 3.910586868548238 8.624579277100448
2459291 zr 3.029227735841021 14.753754036273467
2459291 zr 3.0488209820932575 13.066701523081683
2459291 zr 3.01253377433913 7.903215982950852
2459291 zr 3.186632085232601 12.325749715433265
2459291 zr 5.454688736649918 9.282145476824653
2459291 zr 3.0713684913585553 10.06393878947334
2459291 zr 5.912953037442342 19.622583892053274
2459291 zr 3.5614738914786517 9.920160711419472
2459291 zr 5.089227992238319 8.353215997695818
2459291 zr 4.469921815420957 5.649420163374419
2459291 zr 4.096997444849355 13.129042140676978
2459291 zr 4.276219211206232 12.635167553666156
2459291 zr 3.9598184690500355 12.434703551251522
2459291 zr 3.9018922917344105 10.298533817196132
2459291 zr 4.75392041824295 13.963488376089291
2459291 zr 5.007991957725286 16.818229810603274
2459291 zr 4.688384091732495 18.025402570057405
2459291 zr 4.037153634902562 3.0375578750964376
2459291 zr 3.8533808753628933 5.395017101988956
2459291 zr 4.432239130733374 9.034804271123729
2459291 zr 3.3091863456436346 8.774982394470628
2459291 zr 2.966576348307938 17.286412363412214
2459291 zr 2.7515311514829786 5.302640582746635
2459291 zr 4.063176547525333 7.715323483020329
2459291 zr 3.394099812600569 12.8938344652191
2459291 zr 2.9017201790328007 7.471080628429521
2459291 zr 3.867603437982687 17.3643635121649
2459291 zr 3.8110262276165723 8.456299515072185
2459291 zr 3.068540958764002 16.40506291611487
2459291 zr 2.6299703378282273 10.02015886775754
2459291 zr 2.7769907557641016 14.55405307206712
2459291 zr 2.8208138936956497 10.729902833336435
2459291 zr 2.7313316298995693 6.582468488891607
2459291 zr 2.5795909837940383 12.20674109329123
2459291 zr 2.839059105370229 9.422962351278965
2459291 zr 3.074198629406534 14.547464018517008
2459291 zr 3.1807674951489497 10.707016450093763
2459291 zr 3.216038385360125 12.723712145080103
2459291 zr 3.1400164596296625 17.388401715108863
2459291 zr 3.174835469814414 11.923421283002694
2459291 zr 2.933969061276315 8.705773716314143
2459291 zr 2.6518615738403777 10.153028966508298
2459291 zr 2.8104407510285725 11.321353338425743
2459291 zr 3.0488209820932575 13.163992708944779
2459291 zr 3.9379960565933274 12.444928428936935
2459291 zr 2.7515311514829786 10.296518157796504
2459291 zr 2.955667184905661 10.67039347136963
2459291 zr 4.085782810094855 10.126605001930333
2459291 zr 3.0432100157751596 12.722882045343184
2459291 zr 3.844813487106371 8.288453809526025
2459291 zr 3.9540480045799273 10.993022442456224
2459291 zr 4.518800661508695 7.404253301107403
2459291 zr 4.299915887901977 14.093708709127135
2459291 zr 3.5549194528398256 10.605403685511293
2459291 zr 3.601746730831764 2.843700893282371
2459291 zr 4.0111203528924895 15.60731979850758
2459291 zr 5.360063975600208 5.809371788138566
2459291 zr 4.408186500734062 4.264563351234647
2459291 zr 3.744914765798512 13.130322831412558
2459291 zr 3.4956231736094 3.7794873043125508
2459291 zr 3.375395054640402 6.2447220135371095
2459291 zr 4.757986261120088 11.904730423142713
2459291 zr 3.7819272521641536 14.909498709740795
2459291 zr 3.4996915181414336 6.157157660009438
2459291 zr 3.2985616828247752 5.674478555134528
2459291 zr 3.441316444322449 9.11099907034362
2459291 zr 3.1777609483704627 11.613021062105087
2459291 zr 3.8271481737718993 7.476751943145963
2459291 zr 3.4644138404899993 11.625941092939632
2459291 zr 4.000140787901407 11.873659780930215
2459291 zr 4.751859845297616 5.699096816439213
2459291 zr 3.678859235069122 12.499147373452049
2459291 zr 3.0161680131908724 10.962190943092683
2459291 zr 3.7438045748334745 7.220393996929467
2459291 zr 4.096997444849355 10.40215365434323
2459291 zr 3.6890383552878405 10.43849322304435
2459291 zr 5.226137669991108 18.14604126576617
2459291 zr 5.713518698274929 13.095933399350505
2459291 zr 4.598574043836402 5.349852438133759
2459291 zr 4.225323453196609 9.468854567787023
2459291 zr 3.844813487106371 17.055615912736698
2459291 zr 3.634375238914185 11.872710585951218
2459291 zr 3.3785053404944105 9.843650777114478
2459291 zr 3.771491824702944 13.562647144705934
2459291 zr 3.5885018185130004 12.465133590768373
2459291 zr 4.424863998149314 10.819881987067129
2459291 zr 4.067010343290167 11.61569545402755
2459291 zr 3.6992456403483778 8.658450986344508
2459291 zr 3.9504078683849837 10.780630004084804
2459291 zr 3.166153196006907 6.9322082362848825
2459291 zr 5.798339670374392 1.462558652657771
2459291 zr 4.4366989438933455 7.28744068841252
2459291 zr 3.813407098482982 12.206217861469643
2459291 zr 3.0827047002903147 8.972922518874979
2459291 zr 3.661253205791959 9.850464872283299
2459291 zr 3.5255734336079088 10.405651088275452
2459291 zr 3.2728132419899505 8.919861345507684
2459291 zr 3.204290812847442 9.971181102841674
2459291 zr 4.023851434038166 11.810105865561102
2459291 zr 3.1925074882464277 14.64641545536863
2459291 zr 3.4066272005447975 6.91824145124381
2459300 zr 7.239323913531178 -3.18299976929263
2459302 zr 7.380707747130868 10.789588640799264
2459307 zr 3.266790046474678 14.756283656033375
2459309 zr 3.8075177587019575 15.183328787524157
2459316 zr 2.574843575464868 9.224387407748818
2459322 zr 4.6163627377376875 5.654416163542686
2459324 zr 3.814537929439064 15.38468421110958
2459328 zr 6.060180024368339 10.120050210112153
2459334 zr 5.374894859877473 10.994093690686423
2459336 zr 3.441316444322449 9.483501887468131
2459339 zr 2.688898655848569 9.115964801739146
2459341 zr 3.1690706742095323 8.046086624332347
2459343 zr 2.596275949660927 11.976767614075882
2459345 zr 2.942087127743234 14.345292224750779
2459349 zr 2.8645442137152712 10.008703755519129
2459352 zr 3.0384740379206168 13.80175662322432
2459358 zr 8.252353030430521 19.204932953688605
2459361 zr 7.963523620891737 8.435840787843407
2459363 zr 4.489760591709336 12.178341730315559
2459365 zr 3.634375238914185 5.906001608216386
2459368 zr 2.7313316298995693 7.833661687179697
2459370 zr 2.7137787287828883 7.286948820826286
2459376 zr 2.591497834779269 7.309465333428372
2459378 zr 2.933969061276315 7.242293585700481
2459382 zr 3.9744338854754138 5.674174290058172
2459384 zr 4.97580810034787 9.45956694458762
2459386 zr 7.030243774962677 3.929786549313161
2459390 zr 5.8798539123629245 18.18768480490636
2459392 zr 5.771457813877914 -2.2651913087332165
2459394 zr 4.502979054314396 -0.5420031629478519
2459401 zr 3.0404084061552448 8.769726423234975
2459405 zr 2.950227656274949 6.719962280171865
2459407 zr 3.0404084061552448 8.851844552581667
2459409 zr 3.28489296958052 9.250383918480898
2459412 zr 4.436323254353505 10.971139255427616
2459425 zr 3.952530928001818 6.125325913257078
2459434 zr 2.8724701869749456 14.687336455478
2459438 zr 3.8075177587019575 9.60294379781579
2459440 zr 5.467696876305392 17.22548966457242
2459449 zr 5.350199461216904 -2.4552513407384904
2459450 zr 6.916076057001345 18.957005219600553
2459452 zr 5.439637678065379 5.953739021594134
2459465 zr 4.377898547497428 6.057339311744215
2459467 zr 3.9456010514735245 8.538535302875509
2459470 zr 4.474040662064386 12.302522040485687
2459491 zr 5.238054023660893 8.130861462002102
2459491 zr 4.9232502004940395 -8.252313031952955
2459491 zr 4.757986261120088 8.009450023226558
2459491 zr 4.778192285449988 0.3622584265582285
2459491 zr 4.889490681470951 3.2542787311906247
2459504 zr 13.261114390948205 19.19855242709749
2459504 zr 11.759602830817139 0.9277404840330687
2459504 zr 11.173776208862497 10.176842480358506
2459504 zr 11.280637633745053 13.644577924899576
2459505 zr 11.234744297395535 -7.149570906194022
2459505 zr 10.05566604320128 38.17853818420663
2459505 zr 9.461368128159451 26.54341740769401
2459505 zr 8.085334817801929 3.5108981149789575
2459637 zr 5.157222500905744 7.128150910016295
2459641 zr 3.362982518479196 3.577240912878609
2459675 zr 2.996784611224131 6.476769673514062
2459677 zr 3.914190311351582 -3.895091498780847
2459679 zr 3.39251068103971 5.601151764408335
2459683 zr 5.228966612445729 -1.802628953558448
2459694 zr 4.007516110377408 4.970192118071732
2459696 zr 3.1719908407467257 3.6801459309522055
2459700 zr 2.7212875455552115 4.133583531031743
2459709 zr 4.380260373810147 3.7881304980742043
2459709 zr 3.9906343603080345 3.0943903943546602
2459713 zr 8.581316904464554 4.624017485049038
2459719 zr 4.142530294331403 -0.35399468190174943
2459719 zr 4.76062116160576 -3.858900266476696
2459725 zr 2.7642316422226996 4.69966687491889
2459730 zr 2.817445538817971 2.417110349450073
2459732 zr 2.5559411515004973 3.935715061865073
2459735 zr 2.794952516471004 5.536012685492697
2459737 zr 2.909749015325827 2.3320811101433607
2459741 zr 5.912437133731532 7.541295265713405
2459747 zr 4.295957342269603 8.313014343150037
2459750 zr 4.078263447736372 0.02644602499436699
2459752 zr 2.610663217654772 1.4573368734170673
2459760 zr 2.923179806543336 5.015897421064964
2459762 zr 2.5559411515004973 4.262756542204405
2459766 zr 2.7898087626977497 5.870516764693232
2459773 zr 7.012288258814492 2.615885822255037
2459775 zr 4.975261002768629 5.1156389303419045
2459775 zr 6.188013027477817 6.491361107652697
2459777 zr 2.5795909837940383 1.3547967155194813
2459779 zr 3.216038385360125 3.087508212795147
2459783 zr 3.2071644084046746 -5.769197262334597
2459786 zr 3.2607779358828384 -5.068822564358197
2459798 zr 5.299128240607245 -2.880202656409263
2459806 zr 4.540042938145481 -6.866240945125017
2459808 zr 3.6951303646030507 -2.941470943500808
2459810 zr 3.9358808042268407 5.26062382740701
2459817 zr 3.93950755433766 4.516334994358156
2459828 zr 6.465027618501257 1.727902228715895
2459856 zr 6.642800647694278 0.750436492825427
2459856 zr 5.960538885153159 -8.461926210736051
2459856 zr 6.476947614829129 -1.2580725032654274
2459856 zr 6.568796166337257 1.372073385289239
2459856 zr 6.851258983250092 -5.167445381087027
2459862 zr 11.715929013560455 -9.067258470144377
2459862 zr 10.656750280041623 -14.270822415337218
2459862 zr 10.851596040846786 6.223700386149677
2459862 zr 9.557712014985496 16.345176408204036
2459862 zr 10.309361391500167 9.251989409535705
2459937 zr 7.030243774962677 5.14419077405737
2459937 zr 8.303705408754652 16.812551501235802
2459937 zr 15.389514094777395 5.509932646137111
2459952 zr 9.307119402549233 -0.5945708343066713
2459952 zr 8.08857664390415 2.0118612677232908
2459952 zr 8.415348483834661 12.656961748778658
2459952 zr 11.667878979726805 -7.170826289912423
2460016 zr 6.442965200534196 -2.1856737279015475
2460021 zr 3.4676061534448017 -1.345334397320173
2460032 zr 3.3567933779063757 10.919738854716176
2460043 zr 5.688091002616817 -6.996270203146552
2460045 zr 4.059435946500789 -3.1227424687998897
2460051 zr 2.835668963749407 5.4093924571643806
2460055 zr 2.9366725914763774 4.410339586710628
2460057 zr 5.908616265184126 -9.9614820923951
2460061 zr 3.3352209472331715 2.440465678578336
2460063 zr 2.7591444263018414 -2.9109297884838994
2460067 zr 8.885147021770669 -0.6321938994300162
