jd filt fluxerr adjflux
2458203 zg 4.335527423525351 -0.34155660633840057
2458206 zg 6.1089978641242615 0.8763128007846603
2458206 zg 6.882821964630059 2.982443824736805
2458233 zg 5.057081197876098 0.7018503599226733
2458236 zg 12.906144748944163 -8.981522560249942
2458237 zg 11.312543902575733 -15.639028915020162
2458244 zg 4.030075391436461 -6.314505207926771
2458247 zg 2.4346131566712677 0.17942611725277402
2458262 zg 4.798438432299753 -8.981522560249942
2458267 zg 12.833674487506107 13.310691821819063
2458270 zg 6.318360912473346 1.9264685926257243
2458273 zg 2.749298604280036 -2.067805701702298
2458279 zg 2.75436766681172 -1.7238266570253131
2458282 zg 2.82632377361624 3.1590077374191026
2458295 zg 7.075653156742553 8.350746560203618
2458298 zg 6.1461680364293345 -3.2667547329968727
2458304 zg 2.7875451576694914 0.5275485309318526
2458332 zg 3.3439173133631472 2.4537267672967573
2458336 zg 3.1446653405290554 1.0509360015138043
2458493 zg 3.0002044461207955 2.982443824736805
2458540 zg 4.15062187546697 -0.8611017884175283
2458544 zg 6.752829518065405 -9.80693748448121
2458568 zg 10.050271604369867 17.25461088002649
2458584 zg 3.153366387376327 1.5757716449238046
2458587 zg 7.864514785877026 -17.855351506420305
2458591 zg 13.182462107164149 -5.135269229191493
2458597 zg 4.87820402592161 0.5275485309318526
2458616 zg 4.235582747464652 2.982443824736805
2458619 zg 11.414210157534168 -0.8611017884175283
2458633 zg 2.7875451576694914 0.5275485309318526
2458636 zg 2.2648804406064618 0.5275485309318526
2458639 zg 3.1129664066002274 -0.8611017884175283
2458642 zg 2.4256602123917075 -0.5148978644258193
2458645 zg 5.229541608405552 -5.47296994874506
2458653 zg 6.451868773447959 -4.288290864043603
2458657 zg 2.9563159759579682 0.17942611725277402
2458660 zg 2.744238870711673 -2.4111516968024205
2458665 zg 2.4368565512187543 0.3534071659501592
2458674 zg 5.098705879621608 9.077793023016454
2458683 zg 3.591875076060253 -2.9249862694486524
2458686 zg 3.6084544181175473 -2.067805701702298
2458690 zg 3.14756301856848 1.2257201102436
2458716 zg 3.414537798016297 -3.2667547329968727
2458720 zg 3.9448433766480298 -2.4111516968024205
2458723 zg 4.347523494055835 0.17942611725277402
2458726 zg 4.424273207054749 3.5126238015614035
2458853 zg 3.792461875742602 7.445697093012882
2458874 zg 2.777294356056507 -0.16805562150628361
2458877 zg 2.575094599171154 -2.239557757583583
2458893 zg 6.345787509843879 -7.319245299344658
2458896 zg 4.303699479393312 -1.7238266570253131
2458914 zg 7.078837131287598 3.5126238015614035
2458943 zg 5.14071093172926 -2.5825876649214194
2458963 zg 2.918440545727308 -2.2395577575835763
2458963 zg 2.7849789156785763 0.3534071659501659
2458969 zg 9.056863003533614 -3.095949196313681
2458973 zg 8.133399506389086 -15.479623913310629
2458978 zg 14.836943346593264 -9.642158453601454
2458986 zg 2.579842470329224 -1.8958953833839898
2458992 zg 2.567989170879257 -2.75386580666619
2458995 zg 2.632650380197228 1.9264685946961453
2458998 zg 2.565625054328752 -2.924986263509883
2459001 zg 5.478376897875748 -2.753865790716246
2459012 zg 2.4684819994133176 2.8060430613098246
2459016 zg 2.281630329504264 1.92647065477074
2459019 zg 2.4888182803167873 -8.484440904072695
2459022 zg 2.560903348512223 -3.266742626445876
2459025 zg 2.719079537517582 -4.118398269844909
2459028 zg 4.021886079281947 1.2257850686205916
2459032 zg 7.899503336786042 -6.146318667953275
2459035 zg 7.438507164780633 8.351158137445585
2459038 zg 4.508948520466364 -0.34068202376740714
2459041 zg 2.565625054328752 -2.9231691701606817
2459229 zg 2.713895919256265 125.64332734236173
2459232 zg 3.050523914935407 111.52921432677607
2459248 zg 5.644995795295352 116.67402995580487
2459256 zg 2.4145153160687527 102.17633439967392
2459269 zg 4.559059675542333 99.06156938171871
2459279 zg 4.80027030225786 97.1636750590551
2459290 zg 2.5118470323301256 81.19052021311968
2459292 zg 2.8362914142947235 79.6837607733846
2459295 zg 5.7334478789074454 85.93322331406156
2459302 zg 10.078056403169773 86.43305580810203
2459305 zg 7.1178891348492845 77.28550644476478
2459307 zg 3.613471300659209 70.8325734062854
2459309 zg 2.69415086647667 74.55020040267947
2459313 zg 4.23948566042436 81.99588631854975
2459315 zg 4.0486773742494595 72.61308691961752
2459317 zg 2.4888182803167873 68.85793982711975
2459320 zg 2.7926847378853763 77.11645059487974
2459322 zg 3.050523914935407 70.88649641884706
2459324 zg 3.0986636251631845 73.07104416536976
2459328 zg 7.176055446366424 74.77766672358275
2459334 zg 3.1728937549219394 63.981189158814686
2459336 zg 4.014484310710229 71.49770065937714
2459339 zg 2.5965290628277318 68.92684488643093
2459341 zg 2.0468366041926056 65.51452715984038
2459343 zg 2.59175048212357 67.26128537416145
2459345 zg 2.8441392142339574 60.659875429436326
2459349 zg 2.254474260233182 66.02093993922713
2459353 zg 2.9400238284557707 64.24337598656426
2459356 zg 6.535873726487555 67.33564653961854
2459361 zg 8.04478501507888 68.12873075422468
2459363 zg 3.8683397437396487 64.34059130837602
2459365 zg 2.5774674415125336 59.40390386506442
2459367 zg 2.8336802960117335 53.23334247063335
2459369 zg 2.805575184949128 62.05744370166071
2459379 zg 3.209034853698006 62.42249294009938
2459385 zg 7.336007397919569 40.38231566396532
2459392 zg 2.774737551056224 53.68039412873707
2459394 zg 2.8678131400933675 48.03448992484557
2459396 zg 2.772183099876237 52.482971023433265
2459399 zg 3.0114415209536016 45.25761903896915
2459401 zg 3.2919674311030316 51.230125368279374
2459405 zg 3.2229645592180995 46.306105863827355
2459407 zg 3.977679297322513 49.41953880354032
2459409 zg 3.7698546832681243 47.2191933201143
2459411 zg 5.195933962328052 42.67744621715816
2459419 zg 12.965601044918973 41.66497928772927
2459423 zg 3.685710532276119 48.501523724519345
2459425 zg 4.1429831850751135 44.92481797881657
2459430 zg 3.3645882552570328 39.062602983243586
2459435 zg 2.8810503641056626 39.34866082116201
2459438 zg 4.28660208289127 48.63999046855345
2459443 zg 12.289975572273987 47.08014263307047
2459447 zg 12.899712207983612 21.6344476501773
2459450 zg 19.359521287891905 43.384349187774234
2459600 zg 8.17980906365848 16.360987508612748
2459675 zg 2.8916841219768896 9.99941760982811
2459679 zg 5.5368610237345575 18.973925737934827
2459683 zg 6.719957648168463 11.872424944241356
2459695 zg 3.7507768225298617 17.96548445103072
2459700 zg 3.439789960438966 10.479450379865192
2459702 zg 2.841520871187743 5.105312258788194
2459712 zg 7.017243323166672 18.40946562004553
2459722 zg 2.721585055978249 7.190489718362876
2459722 zg 2.772183099876237 10.623997727737084
2459724 zg 2.701605374465398 5.728614330489114
2459726 zg 2.606112672230657 10.933343316242002
2459732 zg 2.7417124969222724 8.035895746744416
2459734 zg 3.1934162425305272 4.370847719984944
2459736 zg 3.279861688184465 9.210522665744852
2459738 zg 3.981344563002522 9.629901099546567
2459743 zg 13.700960671122075 37.03177469707346
2459747 zg 3.6485577411229198 9.888701659887984
2459749 zg 3.2859089847446845 8.92787062123046
2459751 zg 3.3071624623683094 10.049151974973556
2459755 zg 2.849849408063533 14.267367081014344
2459761 zg 2.8546367356008266 2.9282518110721725
2459763 zg 3.078750065194502 6.229745160757323
2459768 zg 5.577808795337611 15.66297015021711
2459768 zg 6.056258859462658 2.959961636677651
2459771 zg 6.997688489327689 -7.146465864365529
2459782 zg 3.605132438839616 6.119634068709235
2459791 zg 5.618441571537623 4.228638561649991
2459794 zg 4.887198291299408 8.769069639028201
2459806 zg 3.7318537001472727 2.994349761785376
2459810 zg 5.9508752482063025 8.711741278971022
2459970 zg 3.8222985859382965 3.4058255242848556
2460016 zg 7.812675511553475 -5.423818107296821
2460032 zg 4.989575778207326 -11.350076898439564
2460043 zg 7.940717771393968 1.1911464729457983
2460045 zg 3.6874370055231336 -4.275056813124575
2460049 zg 3.196358842494181 -3.648399136449488
2460055 zg 2.9948455786211055 -5.721974748839578
2460057 zg 3.8943032309740895 -2.5544885602788554
2460059 zg 3.3306724488828072 -5.598436292667559
2460061 zg 3.0561483663700857 -2.088343309442428
2460063 zg 2.9563159759579682 2.358421949504292
2458198 zr 5.8094086174808455 -5.732012011197924
2458198 zr 3.5800012228381393 2.805136503306187
2458217 zr 3.56355261133817 1.3168987513463435
2458217 zr 4.138376170067063 -0.16450116926091596
2458247 zr 3.5114232064042628 -3.3996664377569914
2458256 zr 4.066586032236592 -5.732012011197924
2458262 zr 5.600870482039069 -1.0500720380531448
2458270 zr 5.449723070821136 7.613816104725231
2458273 zr 4.199813107302321 4.60009219257995
2458279 zr 3.305937311880404 5.200618428917494
2458282 zr 3.6164559118406405 6.103484476907283
2458288 zr 4.1536506306321614 1.0200727481447416
2458291 zr 6.830142505064826 1.3168987513463435
2458295 zr 6.337596858190973 -8.33544067287039
2458304 zr 4.438060190590013 0.1312332984502973
2458312 zr 4.226977777508901 6.706782616408418
2458336 zr 3.8819083818103395 3.1036073683554264
2458468 zr 5.066999370297061 2.5069404135232958
2458468 zr 5.01130516814022 -1.0500720380531448
2458469 zr 4.933451355064744 -6.02234871655412
2458469 zr 5.204445128504152 -7.181025128726162
2458469 zr 5.204445128504152 -7.181025128726162
2458469 zr 5.513857396837066 -6.02234871655412
2458472 zr 5.3305796136889905 0.42724027314648083
2458472 zr 5.291446799255557 -1.9331993615457463
2458472 zr 6.128034810765656 -4.276310553010376
2458472 zr 8.407366120059045 4.900217034481841
2458473 zr 9.661663491448914 6.706782616408418
2458473 zr 6.958460569886246 -6.312418135031521
2458473 zr 5.433197971724866 -10.631551774411662
2458473 zr 5.901085737621099 -0.755153586986296
2458477 zr 6.494133671877571 14.651631734128955
2458477 zr 7.083402780673165 -13.478001148388671
2458477 zr 7.527347013140518 5.802251894945925
2458477 zr 9.02949834586074 -4.859395709785986
2458483 zr 9.590735353811084 4.30024364861282
2458483 zr 5.6267229255606015 0.42724027314648083
2458483 zr 7.503696793332763 -7.75876452865225
2458504 zr 16.002130157712266 6.706782616408418
2458541 zr 4.176668093311163 2.805136503306187
2458560 zr 5.204445128504152 -7.181025128726162
2458573 zr 4.172823010832873 2.5069404135232958
2458581 zr 6.201849509275239 -0.4599633808598469
2458584 zr 4.442149678074158 0.42724027314648083
2458587 zr 6.867991752433678 3.1036073683554264
2458591 zr 8.277514054885536 -11.202940919959929
2458597 zr 4.512250357253882 5.501296630717093
2458602 zr 4.195946717292349 4.30024364861282
2458606 zr 3.5178974481547725 -2.8138898821832186
2458616 zr 4.677587406708863 -3.692150323807823
2458619 zr 12.160588856083605 -21.03373903583423
2458628 zr 3.8216004661290137 -1.9331993615457463
2458633 zr 3.5734126870080285 2.209018846048025
2458636 zr 3.5899068105494187 3.7013744372681003
2458639 zr 3.242609226443671 -1.0500720380531448
2458642 zr 3.251581276481263 -0.16450116926091596
2458645 zr 5.469837622209203 8.827099253863764
2458650 zr 8.314956093122397 1.3168987513463435
2458660 zr 3.206967908856013 -4.567987391708016
2458668 zr 4.2036830600295225 4.900217034481841
2458674 zr 5.151703387733579 7.916717967599311
2458677 zr 7.1819427290833815 -9.19846556422982
2458690 zr 4.357056463110634 -5.732012011197924
2458698 zr 5.090387576731109 4.000671148217634
2458716 zr 5.109175845633352 5.200618428917494
2458723 zr 6.759656226867566 12.493883742108551
2458748 zr 7.510611137168451 -7.4700278580925215
2458882 zr 3.5767054378567487 2.5069404135232958
2458886 zr 3.5965257576791565 4.30024364861282
2458895 zr 4.454440764172713 1.3168987513463435
2458900 zr 3.5439140053001363 -0.4599633808598469
2458905 zr 3.8392401724084806 -0.4599633808598469
2458908 zr 3.8005397679509505 -3.692150323807823
2458915 zr 2.9127414018905613 -4.859395709785986
2458954 zr 4.795367676905542 4.300243648612821
2458966 zr 3.272612720207164 1.9113715481523266
2458973 zr 5.841601466117125 -3.9843649462604156
2458978 zr 6.899692961996669 4.60009219259491
2458981 zr 4.018185337978533 -9.48561101767979
2458992 zr 3.263582638353841 1.0200727507113179
2458995 zr 3.242609226443671 -1.0500720308008142
2458998 zr 3.3242571696301493 7.0088487057649855
2459005 zr 9.307131901537725 -14.891424482000826
2459012 zr 3.2877184141860467 3.4023549690044286
2459019 zr 3.2605781514904297 0.7235331184543236
2459022 zr 2.934282536687342 -2.5205664560182237
2459028 zr 4.438060190590013 0.13138392710681163
2459035 zr 9.559074994415232 -6.601346086775831
2459038 zr 3.230684991316131 -2.2252435662935697
2459044 zr 3.5373918833930964 -1.0430639683445875
2459112 zr 5.642291634618769 69.3032536373801
2459112 zr 6.11127637504992 78.64178054693056
2459112 zr 6.055098658197543 59.93911950069182
2459112 zr 6.982802600163826 76.50971417089332
2459112 zr 6.575436828372093 71.38870814790138
2459205 zr 6.443541200305681 75.9386730334995
2459205 zr 5.600870482039069 77.99551403544311
2459205 zr 5.03443630181738 79.47282634664273
2459207 zr 11.119506820280165 74.89311024766359
2459228 zr 3.8251219116715616 69.16925153345865
2459231 zr 3.9070168231313867 74.99983676439602
2459248 zr 8.133172064473184 58.61452374270637
2459254 zr 3.5734126870080285 64.73454952422767
2459255 zr 3.5569943470804692 62.95060003170834
2459262 zr 3.8640726329163124 61.79143351177227
2459269 zr 5.048366199395741 59.51220071791822
2459271 zr 6.352157001376921 64.95225830108163
2459273 zr 10.14882745250007 69.8933892320789
2459275 zr 8.223561796077425 54.32134333485208
2459278 zr 4.755781702050847 57.35647352636992
2459290 zr 3.2099229961153433 48.35578737271195
2459292 zr 3.5373918833930964 51.08077161907837
2459295 zr 4.884520218249063 61.73790144700495
2459297 zr 5.180251561618486 60.638493581412675
2459300 zr 7.699726108661875 50.60035251047331
2459302 zr 8.803593078229763 69.95970637193159
2459305 zr 7.532049589332481 68.62322296137387
2459307 zr 4.142189511217346 48.651736131345885
2459309 zr 3.5114232064042628 44.65873987765824
2459311 zr 3.1687984290954865 39.265270010855026
2459317 zr 3.0081669048359214 51.754908597354174
2459324 zr 4.773334963784186 47.53524014613412
2459328 zr 5.863162413591287 41.06827534780643
2459334 zr 5.066999370297061 45.14724165376817
2459336 zr 4.413602205774879 40.59511154188068
2459339 zr 3.2099229961153433 37.35599324763308
2459341 zr 3.2877184141860467 44.638161942350905
2459343 zr 3.2188046058705737 37.44342323788903
2459352 zr 4.49151845005686 43.12229847570981
2459353 zr 3.550448152472011 39.06612290340933
2459356 zr 5.857764727550619 35.27309448601652
2459361 zr 8.238724117446441 35.83362682783662
2459365 zr 4.7339308699626805 36.89359293341069
2459369 zr 2.8940226709806343 29.173707839754044
2459370 zr 3.2605781514904297 36.61683408286716
2459370 zr 3.3089835953195132 41.39461070765098
2459370 zr 3.227710790356076 33.3727173611919
2459370 zr 3.2158413421123426 32.20116375312607
2459370 zr 3.5243836268903252 33.66628078506078
2459370 zr 3.239624047913324 34.54859509269305
2459370 zr 3.251581276481263 35.728812907672975
2459370 zr 3.263582638353841 36.91338682507863
2459370 zr 3.233661932878396 33.960114715388144
2459370 zr 3.2998531557375372 40.49340626951384
2459370 zr 3.230684991316131 33.66628078506078
2459370 zr 3.239624047913324 34.54859509269305
2459370 zr 3.5178974481547725 33.07942419475067
2459370 zr 3.2158413421123426 32.20116375312607
2459370 zr 3.236641617568244 34.25421940143643
2459370 zr 3.1981189599598796 30.45190630426349
2459370 zr 3.248587838191791 35.433350696074044
2459370 zr 3.466435909462362 28.42328621884137
2459370 zr 3.2907479096703 39.59468851420199
2459370 zr 3.5178974481547725 33.07942419475067
2459370 zr 3.248587838191791 35.433350696074044
2459370 zr 3.4632446738458906 28.13454954828164
2459370 zr 3.472827205176761 29.00155798154462
2459370 zr 3.566836276538135 37.50731234427245
2459370 zr 3.5017341775803748 31.617003523923515
2459370 zr 3.540651442572659 35.138160489947595
2459370 zr 3.206967908856013 31.325326685225875
2459370 zr 3.4920718835799627 30.742778322484853
2459370 zr 3.5178974481547725 33.07942419475067
2459370 zr 3.4473325099600234 26.69484851270407
2459370 zr 3.284691707685672 38.99692144528932
2459370 zr 3.5899068105494187 39.59468851420199
2459370 zr 3.5569943470804692 36.61683408286716
2459370 zr 3.540651442572659 35.138160489947595
2459370 zr 3.7311720995514945 26.40770305920715
2459370 zr 3.534135324996354 34.54859509269305
2459370 zr 3.527631199503705 33.960114715388144
2459370 zr 3.514658836530372 32.786401036937136
2459370 zr 3.5866019063847783 39.29566733880152
2459370 zr 3.5211390440248107 33.3727173611919
2459370 zr 3.5602719691132814 36.91338682507863
2459370 zr 3.534135324996354 34.54859509269305
2459370 zr 3.4536885834811994 27.269933441207897
2459370 zr 3.527631199503705 33.960114715388144
2459370 zr 3.248587838191791 35.433350696074044
2459370 zr 3.5114232064042628 32.4936476391769
2459370 zr 3.4856451704885076 30.161302065735967
2459370 zr 3.5734126870080285 38.102332922981915
2459370 zr 3.5178974481547725 33.07942419475067
2459370 zr 3.4505090831806973 26.982258558766645
2459370 zr 3.5471795743431964 35.728812907672975
2459370 zr 3.2695999201599566 37.50731234427245
2459370 zr 3.566836276538135 37.50731234427245
2459370 zr 3.5899068105494187 39.59468851420199
2459370 zr 3.56355261133817 37.210212828280234
2459370 zr 3.195174739614465 30.161302065735967
2459370 zr 3.2665898937266555 37.210212828280234
2459370 zr 3.224739327475208 33.07942419475067
2459370 zr 3.224739327475208 33.07942419475067
2459370 zr 3.251581276481263 35.728812907672975
2459370 zr 3.284691707685672 38.99692144528932
2459370 zr 3.284691707685672 38.99692144528932
2459370 zr 3.534135324996354 34.54859509269305
2459370 zr 3.5243836268903252 33.66628078506078
2459370 zr 3.540651442572659 35.138160489947595
2459370 zr 3.56355261133817 37.210212828280234
2459370 zr 3.2158413421123426 32.20116375312607
2459370 zr 3.540651442572659 35.138160489947595
2459370 zr 2.975102472915604 37.804685625086094
2459370 zr 2.9288823637753096 32.786401036937136
2459370 zr 2.9208007330585626 31.90894913067136
2459370 zr 2.697394318259367 40.19355772554671
2459370 zr 2.918111814650312 31.617003523923515
2459370 zr 2.961433118716106 36.32055435008037
2459370 zr 2.9915890087911823 39.59468851420199
2459370 zr 2.936986355741938 33.66628078506078
2459370 zr 2.95598297861933 35.728812907672975
2459370 zr 2.9100599029833023 30.742778322484853
2459370 zr 2.9315812067956437 33.07942419475067
2459370 zr 2.9261860053368856 32.4936476391769
2459370 zr 2.9127414018905613 31.033918367147905
2459370 zr 2.6263006331852807 31.617003523923515
2459370 zr 2.936986355741938 33.66628078506078
2459370 zr 3.005397556254913 41.093932505851384
2459370 zr 2.945112770830295 34.54859509269305
2459370 zr 2.9943456333712404 39.893985225151525
2459370 zr 3.2099229961153433 31.617003523923515
2459370 zr 3.242609226443671 34.843242038880746
2459370 zr 3.236641617568244 34.25421940143643
2459370 zr 3.2877184141860467 39.29566733880152
2459370 zr 3.242609226443671 34.843242038880746
2459370 zr 3.2188046058705737 32.4936476391769
2459370 zr 3.2010658932816325 30.742778322484853
2459370 zr 3.2217706001528406 32.786401036937136
2459370 zr 3.1981189599598796 30.45190630426349
2459370 zr 3.514658836530372 32.786401036937136
2459370 zr 3.2998531557375372 40.49340626951384
2459370 zr 3.230684991316131 33.66628078506078
2459370 zr 2.9127414018905613 31.033918367147905
2459370 zr 2.983334352365116 38.69845058024008
2459370 zr 2.9915890087911823 39.59468851420199
2459370 zr 2.9288823637753096 32.786401036937136
2459370 zr 3.469630085669435 28.71228894820773
2459370 zr 3.248587838191791 35.433350696074044
2459370 zr 3.4920718835799627 30.742778322484853
2459370 zr 3.56355261133817 37.210212828280234
2459370 zr 3.5114232064042628 32.4936476391769
2459370 zr 3.5178974481547725 33.07942419475067
2459370 zr 3.284691707685672 38.99692144528932
2459370 zr 3.3028938328803386 40.79353111141573
2459370 zr 3.2455971556916037 35.138160489947595
2459370 zr 2.939692666253088 33.960114715388144
2459370 zr 3.192233229747775 29.87096536037977
2459370 zr 3.1981189599598796 30.45190630426349
2459370 zr 2.8940226709806343 29.00155798154462
2459370 zr 3.278646651368686 38.400254490457186
2459370 zr 3.233661932878396 33.960114715388144
2459370 zr 3.195174739614465 30.161302065735967
2459370 zr 3.236641617568244 34.25421940143643
2459370 zr 3.2188046058705737 32.4936476391769
2459370 zr 2.961433118716106 36.32055435008037
2459370 zr 3.4632446738458906 28.13454954828164
2459370 zr 2.942401470516586 34.25421940143643
2459370 zr 2.934282536687342 33.3727173611919
2459370 zr 2.945112770830295 34.54859509269305
2459370 zr 2.89668939224704 29.291093564238096
2459370 zr 3.2040155420796173 31.033918367147905
2459370 zr 3.254577473099343 36.02454737538419
2459370 zr 2.9315812067956437 33.07942419475067
2459370 zr 2.947826569494247 34.843242038880746
2459370 zr 3.2040155420796173 31.033918367147905
2459370 zr 3.1571456226974184 26.40770305920715
2459370 zr 2.9505428688105493 35.138160489947595
2459374 zr 4.668670114233324 52.03622885984822
2459377 zr 3.5965257576791565 39.011298428591736
2459379 zr 3.236641617568244 32.74138114104532
2459383 zr 5.864831375678706 47.762445059877145
2459385 zr 6.503162552962526 33.24300818942631
2459390 zr 6.5814958193406 36.31914538141443
2459392 zr 6.305524590044284 37.20734490031606
2459394 zr 6.122393280543299 27.431455878852944
2459399 zr 3.5471795743431964 31.078489732362442
2459401 zr 3.8286466020793832 29.60072188289436
2459403 zr 3.5767054378567487 33.15766503450074
2459405 zr 3.6064770675058955 35.55943360381227
2459409 zr 4.126957197291945 28.733237974577637
2459411 zr 6.443541200305681 26.39274855531911
2459415 zr 6.467323865756792 27.00724385072911
2459427 zr 4.974516209072705 23.92592744884512
2459430 zr 4.874733189807552 17.163670010524644
2459438 zr 5.057674203956528 27.83596802732855
2459447 zr 12.352492686394474 8.533567515322371
2459450 zr 9.441112738190796 45.05701709103509
2459477 zr 9.652768867271947 27.91652996255365
2459477 zr 8.485158520972954 29.428253298014877
2459477 zr 9.11639603701534 30.33863458427933
2459477 zr 9.192886693226729 12.313069766185745
2459477 zr 8.913815131550136 12.60047981224832
2459601 zr 6.416840193802416 22.54055380603424
2459637 zr 4.656095844773284 4.854005136443938
2459639 zr 4.365089854474953 4.758724518256747
2459675 zr 3.5866019063847783 11.743668423652114
2459677 zr 4.104213689513902 5.447984786151691
2459679 zr 3.8321745403425207 7.133118707214333
2459685 zr 11.878508704460566 9.268505438386553
2459688 zr 7.664349080685041 6.788212019997207
2459690 zr 4.381201099587844 3.7792693543704026
2459702 zr 3.842777872205129 7.165929689282734
2459710 zr 6.393243174888511 16.490561592636872
2459712 zr 7.401387982957661 20.713130052528072
2459717 zr 6.5663076029034855 25.20590756166393
2459719 zr 3.79005298319347 2.189793606120811
2459719 zr 4.609161351411617 -1.5776596750415637
2459724 zr 3.508190555031647 2.9058797870650386
2459732 zr 3.6064770675058955 11.550864887144519
2459734 zr 4.2036830600295225 11.189985414326312
2459738 zr 4.417669156245442 4.825815685355322
2459743 zr 8.13702580164144 12.128150497197229
2459747 zr 2.8993585707859357 -0.401960339786557
2459749 zr 5.3207693615147935 5.689666979248449
2459751 zr 3.8392401724084806 5.338451208716149
2459753 zr 3.476027270696448 -0.8590284998102833
2459759 zr 2.945112770830295 4.235940863023134
2459761 zr 3.278646651368686 8.034451523035223
2459765 zr 3.762229472274824 -1.4690287582238453
2459773 zr 5.741898747542986 12.227929909686065
2459773 zr 7.583015393645205 13.43898016587151
2459775 zr 6.8490409834320545 7.37839491203708
2459778 zr 3.5243836268903252 2.868671211991285
2459784 zr 5.057674203956528 6.862867763921357
2459787 zr 3.7970409529761313 0.8965648304599307
2459789 zr 4.223086379431477 11.239439716406771
2459794 zr 4.401423805031013 2.199564272845002
2459798 zr 6.291071335681423 -6.000869805345017
2459806 zr 5.79337878449408 -2.145440037447093
2459808 zr 5.3207693615147935 4.249834100012084
2459810 zr 5.006691710411501 3.027575316043295
2459842 zr 7.155532154205663 -6.593879442306919
2459842 zr 6.425761612728838 -0.23278213101106937
2459842 zr 6.100029350018793 13.796443362542428
2459842 zr 5.699746359910291 8.351675007831412
2459842 zr 6.705478354880754 -0.8164045764565544
2459843 zr 6.527165276707682 4.753748280937066
2459843 zr 6.224740107390821 4.457195538725592
2459843 zr 5.599276635619222 -13.405731502642787
2459843 zr 5.736612698047793 10.440458149200744
2459843 zr 5.772074456409817 -4.025088995859925
2459936 zr 5.459771083424547 10.612586102789747
2459936 zr 5.2963226469298545 0.7535924853787015
2459936 zr 4.857601808809618 10.916046445735729
2459936 zr 4.660386243024899 -2.4667085489098235
2459936 zr 5.062334639928041 4.6017060069241875
2459938 zr 5.1659577543086925 11.196999091033314
2459938 zr 5.710255356884335 7.570518266087044
2459938 zr 5.901085737621099 1.6147462501832535
2459938 zr 5.42968248784047 8.774894469307634
2459952 zr 8.099639564083047 6.816442961368793
2459970 zr 4.126957197291945 0.9833856599830413
2460016 zr 7.527347013140518 7.433983768419344
2460045 zr 3.224739327475208 -1.3935645266713894
2460049 zr 3.479230284943123 -4.919017564610366
2460051 zr 3.278646651368686 3.88707060310639
2460053 zr 4.1689814681760335 3.5760050384126183
2460055 zr 3.233661932878396 -0.5792319864244726
2460057 zr 5.841601466117125 -2.6432924005905787
2460059 zr 3.7553055685842254 -6.141727334903061
2460061 zr 3.540651442572659 0.5604965511062261
2460063 zr 3.5178974481547725 -1.5107696502445727
2460067 zr 8.861350743822385 11.933842938645348
