jd filt fluxerr adjflux
2458207 zg 6.443112119455893 19.367496081695023
2458207 zg 7.265774297856998 31.399268583071514
2458210 zg 8.593932058410912 28.664707352413362
2458231 zg 2.8269177363550515 30.543520076710102
2458234 zg 7.50258356983568 32.35814201314856
2458234 zg 14.011726101987373 47.14889580037307
2458237 zg 10.330488406616945 47.94957624542355
2458244 zg 5.6851662124758855 30.151867811145973
2458247 zg 2.4239364177748066 32.3776045539947
2458262 zg 4.733276992933901 28.748626628205532
2458269 zg 10.650577624394879 32.85189957293394
2458273 zg 3.1482939653054296 39.848671557869466
2458279 zg 2.8829820447995003 40.6627994988473
2458282 zg 2.6225550290734203 35.40930370595765
2458288 zg 2.7016542281276257 37.95109533197795
2458300 zg 5.882245772991332 28.267224532174467
2458306 zg 2.8425831062379427 35.53144619122254
2458331 zg 6.502729501876517 31.94663432405955
2458334 zg 3.328587364803977 46.856031874739635
2458337 zg 2.903442105553032 48.40854097660667
2458344 zg 3.122304657677171 36.57520437999517
2458347 zg 4.270745117031802 46.381867940131556
2458562 zg 34.66141327046975 57.40543425216896
2458569 zg 14.069299476849778 79.61672194966144
2458573 zg 3.11648967999618 51.135705907350335
2458577 zg 5.198281101213364 58.60513370155498
2458581 zg 3.076630045407035 65.59797421695984
2458584 zg 2.8856385925890553 64.85604423938942
2458592 zg 12.05055475456198 45.35935404293366
2458617 zg 3.2038021839790334 60.49112659853857
2458633 zg 2.7901642185223055 60.63606549534752
2458639 zg 2.491846143094804 58.48959659171231
2458642 zg 2.3907376699028893 61.40790777863942
2458645 zg 4.521719865999451 45.992589412566616
2458648 zg 8.010183744023848 63.0975345442628
2458651 zg 14.10870975579221 38.32760532710501
2458654 zg 5.459378012599421 48.8982413585488
2458657 zg 2.8321299103819775 42.195680188784216
2458660 zg 5.903956735794472 30.04133262023306
2458665 zg 2.5393619614783685 37.34827851174516
2458672 zg 3.099314821162242 38.499150897966615
2458675 zg 7.80506872835598 22.665319592150247
2458682 zg 5.357406563651228 27.471220052548876
2458692 zg 2.793271631252302 22.80903564430835
2458707 zg 8.534150112339782 5.451835234829094
2458712 zg 4.589912746075471 11.876644882164452
2458718 zg 3.082302630430258 14.324414991323053
2458723 zg 3.821658772575132 3.8111013019966915
2458728 zg 3.408970034076501 13.522824555345917
2458729 zg 3.9302110179710423 6.553187544222984
2458761 zg 8.753465437828353 4.73862728364261
2458886 zg 10.087694372841058 -2.6411439667849748
2458893 zg 5.8166389218676375 -6.689273096165417
2458901 zg 7.669216883446116 0.9301997715028871
2458913 zg 2.586572225114076 -0.1351150323805342
2458915 zg 6.358838551350034 -10.737594806981901
2458939 zg 13.7237397605757 17.80676231531896
2458943 zg 4.4771787077627385 0.31539656356318835
2458963 zg 2.60810222574868 1.6881582306821825
2458963 zg 2.8794740609886946 4.615676086746097
2458966 zg 2.3841409355212915 -3.47081882120213
2458972 zg 2.785029277000957 -3.6020904166374943
2458975 zg 8.986424870583178 1.275156205605752
2458986 zg 2.533501837861828 3.4704354732566025
2458995 zg 2.351429295558251 -1.4812499166713435
2459009 zg 4.527784888281985 3.507349843328704
2459018 zg 2.5705719543467085 -0.30436487539651025
2459024 zg 3.7312290263252126 -0.8724034368093666
2459027 zg 3.4095724785594648 3.405189212029618
2459033 zg 8.902944143957201 -1.5427506729849145
2459036 zg 5.939881740742751 -4.718523561190886
2459039 zg 2.347101789727552 -1.9962440651105229
2459042 zg 3.172926122882194 -0.8121266214198529
2459045 zg 2.3155572868064533 -6.4293329070184
2459048 zg 2.697200122020325 -1.268244577153173
2459249 zg 5.681616723460835 -1.7206914615221445
2459253 zg 2.8697359455205946 -0.2695573956289757
2459257 zg 2.6768853132834556 2.927998216205222
2459264 zg 2.8715287620216903 1.3833943851568051
2459269 zg 2.782999771345626 1.1355575195425953
2459270 zg 10.24777974433727 -1.7698080378267267
2459277 zg 6.437322580228136 -4.998370745876045
2459303 zg 10.223202134777718 20.02911838698746
2459306 zg 7.1070595751778916 -7.757262244201694
2459308 zg 3.495424507150933 -1.2251435764909002
2459310 zg 2.654144782521915 3.800739359187211
2459312 zg 3.085074763062783 1.9277161954564135
2459319 zg 2.9300516559863743 -0.2634560445193037
2459322 zg 3.1395376320890156 1.0163397407226866
2459324 zg 2.53702419942356 -0.13386955005904566
2459328 zg 7.191703334020485 -10.158541231377194
2459334 zg 6.819896731897019 0.2994011427455771
2459336 zg 3.784980294256864 4.85010584222073
2459339 zg 2.6346601930811784 3.031835377632592
2459341 zg 2.711625847253625 0.6261037311875095
2459343 zg 3.0596748515383423 -0.5132539163368602
2459345 zg 2.5091383584527063 -2.7868651496377144
2459349 zg 2.1830090185621547 -2.7327133066227605
2459358 zg 7.87848075329287 0.47045657886729003
2459361 zg 8.421703919959516 6.354060959953503
2459365 zg 3.2829174340374117 -9.423126297358506
2459367 zg 2.845202428089469 1.7566390998932415
2459370 zg 2.7696810841325905 3.845681198667007
2459373 zg 2.982922277525877 -1.2980104200499964
2459375 zg 2.93387723715944 -3.503574074434328
2459379 zg 2.8803279426544357 1.4207426286200062
2459383 zg 5.0277119105662 2.9436561343719347
2459385 zg 5.734532375328535 -3.2012499550804883
2459387 zg 11.856593164486025 9.055238567777977
2459391 zg 6.442651182328936 -5.83844873039216
2459393 zg 3.2678337985586214 0.7380433056415819
2459395 zg 3.7433774752583533 -5.495117798129866
2459397 zg 3.1034298827460653 -7.415291578533863
2459400 zg 2.782999771345626 -4.869428652131626
2459402 zg 3.365580325993154 0.7934700264774036
2459406 zg 3.4506421807271708 3.315764623637068
2459410 zg 3.8316060116744897 1.0478302477752246
2459412 zg 4.3408019677588765 -1.067822860322023
2459425 zg 3.3197083195126704 2.1756622049620056
2459427 zg 3.85994259573653 2.442693055358898
2459430 zg 3.451943055110789 -6.13503361803184
2459435 zg 2.632234698519883 -0.7825271730830281
2459440 zg 3.901358579850501 -4.408498788635823
2459443 zg 11.114807077458138 -8.1304580893562
2459447 zg 8.915859012867795 -7.979169642482123
2459450 zg 9.135430547812888 6.0637973650636265
2459451 zg 7.94255585553987 -3.1877089131494927
2459454 zg 3.255816803647868 -0.26016764772782786
2459457 zg 3.6259614595889054 0.9793067201711593
2459462 zg 3.4190065030589194 4.852363574165272
2459468 zg 3.559780204421148 4.966251279901374
2459476 zg 8.553880767452409 -5.050231532679771
2459478 zg 10.555374906232087 -4.237712877580491
2459641 zg 2.9096579492211476 2.457406862290072
2459674 zg 3.0596748515383423 -4.480906091126563
2459678 zg 2.8901020008340077 -3.070139185063887
2459682 zg 5.859655786666836 -0.7864088231942358
2459684 zg 6.64492304825281 0.21462865781523605
2459690 zg 5.947619358160319 -1.5678842477226513
2459698 zg 2.963752529259864 -2.341453804744938
2459700 zg 3.0327871940459845 -1.1392922832879417
2459702 zg 3.0439810020745615 1.2100023250479073
2459710 zg 3.4474654849755475 -3.643346854440319
2459712 zg 6.155621860255647 -5.500349065794439
2459717 zg 10.004146003225085 -7.376402645292087
2459722 zg 3.208189109866109 0.4606571664921304
2459724 zg 3.0121408567064587 1.6884380014762441
2459735 zg 2.5056547131217366 -0.1691233112152643
2459741 zg 7.286683773863847 -0.47353924610602544
2459743 zg 10.78926638628553 19.678681453382683
2459749 zg 3.1525353150155144 -2.1111498833168456
2459751 zg 3.034417098661577 3.456149162075296
2459753 zg 2.8776762839023933 -3.472272329405417
2459756 zg 2.5241852444948654 -1.3167457105431317
2459759 zg 3.076630045407035 -0.9560971845337645
2459769 zg 5.261558976173931 0.5965679256098029
2459769 zg 5.405050884632649 1.6430947569988177
2459771 zg 6.914754802424844 5.738800894401996
2459771 zg 7.160278630649349 -5.221510570678248
2459781 zg 3.158347851573114 -1.9551308958650706
2459783 zg 2.8697359455205946 1.7071095651342796
2459785 zg 3.142430585158839 -3.5370528999118296
2459787 zg 3.0231917453824586 -2.6368863620478296
2459789 zg 2.6111376382923583 -2.198766153441562
2459793 zg 2.985670916074322 0.24313819887400295
2459798 zg 6.325651659968057 1.778889725428068
2459806 zg 2.834739600049231 3.463475830607605
2459808 zg 3.601335837456422 -0.3856795409999476
2459808 zg 3.8210335061954606 -4.898638478343172
2459808 zg 3.653018799807072 5.039026959292227
2459808 zg 3.6970209129941463 -3.034379902896851
2459808 zg 3.3720959752067206 1.1791001833019867
2459808 zg 3.4710720039576377 -3.2944068113580016
2459808 zg 3.3560095164252974 3.1036683212782603
2459808 zg 3.904540871899933 -1.2327637737981076
2459808 zg 3.415544596700072 -1.5875624004478799
2459808 zg 3.5077059841159537 -1.966489635403677
2459808 zg 3.9902897234859642 5.0784349378596465
2459808 zg 3.4127142574850744 -2.979062577515135
2459808 zg 3.5141733721794193 0.6467432523012422
2459808 zg 4.511925502247306 2.2753185465168344
2459808 zg 3.8005977530724024 4.170964830487773
2459808 zg 3.64941441921234 0.06469275097058427
2459810 zg 3.399563703088065 -6.466179196431665
2459812 zg 4.069771004559835 -2.2894107005679603
2459816 zg 3.6192883398026114 1.1547439680476606
2459818 zg 3.431625819877078 -12.483752669124488
2459823 zg 4.0458001830304875 -3.710131977935438
2459825 zg 7.080150320303353 -16.149894187938347
2459828 zg 8.625081198881887 -0.9626750972175833
2459830 zg 9.191616920261705 -2.5845083844418206
2459842 zg 4.421503501607575 2.6255226070709305
2459844 zg 5.137057687228695 0.8666771297021071
2460021 zg 5.808847244237316 2.688720735508934
2460036 zg 4.436131686645045 4.936894537324186
2460043 zg 8.143226818270795 9.993279166066928
2460045 zg 5.1351673977349765 -5.125516930288346
2460049 zg 2.8295226232211745 6.4609070366495605
2460051 zg 2.4083589918084516 0.06144725727440613
2460053 zg 3.229237051555254 -2.993880753038311
2460055 zg 3.0327871940459845 -2.9914618437723157
2460057 zg 2.8460461468163016 -2.3237384676889783
2460059 zg 3.4980272121798865 2.223227766662785
2460061 zg 2.8980986905225965 1.0699122365043674
2460063 zg 2.8715287620216903 -3.524189610265775
2460094 zg 3.9068180330199946 8.556246050240459
2460094 zg 4.0037193110965195 7.3928866287107144
2460139 zg 3.881332474795014 5.417372522689088
2460139 zg 3.1715071373672132 -6.5407035515925696
2460139 zg 3.482570579716845 4.868163367736784
2460139 zg 3.551923657351763 3.2906777360653905
2460139 zg 3.1744996016347895 -0.9443466852296774
2460139 zg 3.6998221320813505 -2.339386262829542
2460139 zg 3.8758768832793655 5.632475802496423
2460139 zg 3.9954893122889854 -1.3887125958342788
2460139 zg 3.8891250471969676 -0.842061275014103
2460139 zg 3.8266246856002355 0.5431770717067372
2460139 zg 3.876286501226594 -3.467499481536081
2460139 zg 4.045580487749097 3.052666364251587
2460139 zg 4.019799850528508 -3.663182771516895
2460139 zg 3.187571684434258 -5.192773222688723
2460139 zg 3.424995145590549 0.43876318685080196
2458198 zr 3.1159694280596955 12.527053830792811
2458219 zr 4.181498300453566 16.6564903826016
2458220 zr 5.781834991119836 25.65547777195615
2458224 zr 4.764636407644846 13.215405660021919
2458231 zr 4.559542032847773 16.405603369895065
2458244 zr 4.8520426506024315 18.651006568932704
2458257 zr 3.385492933185619 14.66675399674746
2458257 zr 3.5249328680660303 23.200806548449272
2458262 zr 5.491301343229687 26.520331616776836
2458279 zr 3.5871608436788898 19.426683381117684
2458282 zr 4.173802785938011 19.259432124986066
2458288 zr 3.5838584674788456 21.12092829026241
2458291 zr 5.241335230326601 11.27044566199643
2458300 zr 5.80852272886314 34.318644917828024
2458303 zr 3.74260879681423 15.880843078106459
2458306 zr 4.73401647456721 17.347781294795194
2458331 zr 3.8570523189830705 26.03133989544202
2458337 zr 3.7633484704082094 19.720237795711782
2458340 zr 4.73401647456721 18.304768651056474
2458344 zr 3.8963281834319345 24.698791342642803
2458362 zr 5.183724805979456 15.496538386754994
2458487 zr 9.553326164061998 24.450150908032597
2458488 zr 5.48119530320294 38.33939875660867
2458488 zr 5.613913195221345 34.96811229591205
2458488 zr 5.4832991179904775 27.492993995738246
2458488 zr 7.335072819753429 18.088136998698136
2458493 zr 4.629398960199917 21.33019995658816
2458493 zr 4.993784131214227 27.033732271921117
2458493 zr 5.153629229617098 32.46774954519512
2458493 zr 4.278792478189501 28.976606465481524
2458494 zr 5.905622644325954 21.312656652852038
2458494 zr 5.275236534821897 26.725355840837647
2458494 zr 4.777819789691533 23.435047214391048
2458494 zr 4.358341169554559 29.1890573256559
2458495 zr 5.486245996214772 24.696814026487885
2458495 zr 6.529254886815415 26.40890096975783
2458495 zr 5.48119530320294 21.168204884452933
2458495 zr 4.346315249939078 27.447866621491176
2458558 zr 8.826131313705476 31.414766318588313
2458573 zr 3.7668162391646764 27.85785208482703
2458584 zr 4.046276250104691 36.83513719927394
2458587 zr 6.009878514053067 19.891227563436075
2458597 zr 5.217253482422514 28.354644400039316
2458606 zr 3.6437691143794213 30.126503782070074
2458617 zr 4.208544509272652 28.09120917236715
2458628 zr 4.127926203145139 58.46974923684124
2458633 zr 3.250821983600138 24.396223352546293
2458636 zr 2.892210940560533 20.09255961341033
2458639 zr 3.113100835396113 25.04883213447111
2458642 zr 3.1476989413672816 23.786566446004954
2458645 zr 4.057471984911649 15.98410783488577
2458648 zr 8.680935631409985 20.374564203786377
2458651 zr 12.290058230405629 25.643358877092375
2458654 zr 6.000993877245605 19.414505788090604
2458665 zr 2.9405594537605526 14.473360944619076
2458668 zr 3.570679336709243 15.453346664762222
2458672 zr 3.54446629009683 15.316724058014772
2458675 zr 5.25382105823287 9.950196860249395
2458678 zr 6.638403137952404 5.012232559781088
2458685 zr 4.629398960199917 0.7637005035922879
2458689 zr 3.460595592507345 7.56321379211518
2458692 zr 5.7446780319424455 17.43407571625526
2458695 zr 3.6673372550971512 3.844744137493963
2458698 zr 5.921963047429715 -4.695607611640471
2458707 zr 5.629446460742024 16.54390041849002
2458712 zr 4.769026821501099 -2.970747792026451
2458715 zr 4.549090845188796 -3.6647482833973095
2458718 zr 5.803175344663468 4.345269777980897
2458726 zr 4.867580814300339 5.963889023889487
2458728 zr 4.763482891674179 7.310485998298885
2458737 zr 7.942585896302652 -4.516210612724432
2458761 zr 6.7897206628744655 2.8648368703995475
2458765 zr 6.9852321785645906 8.185198992477803
2458772 zr 7.5819487759309645 0.048488718928526575
2458772 zr 8.292505832675321 1.3395387103614802
2458772 zr 7.488071339154043 -2.7372727044002914
2458772 zr 7.62437817858111 4.285996411773624
2458776 zr 13.373524094290916 14.045366506220205
2458776 zr 8.168955607205296 9.789244883968035
2458776 zr 7.2273792744276575 16.924352578087785
2458776 zr 7.30415487539152 7.530339508449298
2458778 zr 17.27113403758321 -9.220680301463148
2458778 zr 10.210799786458805 -8.693474807982176
2458778 zr 8.153921685884454 7.98172445436043
2458778 zr 7.792981639102269 2.6618363740271764
2458854 zr 4.9071548746308 -5.621868542483023
2458854 zr 4.720953958493627 -2.115096790873841
2458854 zr 5.608744970507452 -4.334416246623185
2458854 zr 7.92440267606759 5.738646644286341
2458856 zr 5.951959402469836 2.0230741338405394
2458856 zr 6.867772000514181 -0.2587108512940252
2458856 zr 6.007585035726111 -0.5437070858833755
2458856 zr 5.5370096054064195 7.556628224343994
2458860 zr 8.221865813540099 -3.417586258141737
2458860 zr 9.031390181466069 3.642588671288486
2458860 zr 9.144315869104728 16.555190212786428
2458860 zr 13.123605876279898 8.755976721984593
2458862 zr 9.988825878057527 5.297939871488079
2458864 zr 5.231689221062052 -4.830520506804093
2458864 zr 5.155157491173914 -2.8640682815709186
2458864 zr 5.322004983797784 -3.2383725871149607
2458864 zr 5.713019324750732 -5.73595049586227
2458878 zr 4.795454392483946 3.094366235244282
2458893 zr 5.466071105360539 2.845984290091635
2458900 zr 6.770985866371238 -4.007486096324756
2458912 zr 4.216304079386878 -1.3175536604836022
2458916 zr 3.833314342204444 -2.937878957770354
2458943 zr 3.8748556635803 -1.2277925064872315
2458954 zr 4.286787193387554 -0.9861022163607639
2458966 zr 3.2329068244321344 -1.3264578258255053
2458972 zr 5.930071916674198 -2.767196979060656
2458986 zr 3.185614269124209 3.9438666039928743
2458992 zr 3.0987974363148565 2.2308308110942914
2458995 zr 3.3792623650644233 2.793124838509404
2458998 zr 2.9028858913484954 5.257974632395197
2459001 zr 4.902637298705408 2.0084680635288144
2459009 zr 5.1531795767234 -3.1681092992494175
2459012 zr 2.9705027900075787 3.1759295892212687
2459015 zr 3.4168185136098095 -2.561540450742579
2459024 zr 4.192964869164115 -1.5184851638997912
2459027 zr 3.858108474048798 -5.788131720183076
2459036 zr 5.415957864246549 -10.527698103329433
2459039 zr 2.93785234527613 5.922638898588935
2459045 zr 2.943269056732598 -3.6406171663406472
2459048 zr 2.921661950156608 2.4970065937061054
2459051 zr 3.339042228750409 0.6093379434110606
2459064 zr 12.16453994279023 11.165083989615928
2459136 zr 5.401013675303472 -1.9503264830886253
2459136 zr 5.348622385110031 -1.028920900176083
2459136 zr 7.292957001347357 2.4682482933163428
2459136 zr 5.406462196795657 5.512480905117858
2459136 zr 6.0682010360535905 7.961200533786084
2459138 zr 6.226201670792226 7.7609931437136925
2459138 zr 7.30415487539152 -8.41633134154622
2459138 zr 5.7790966844031955 2.9109075303962118
2459138 zr 5.749971513306666 5.8670750461140555
2459138 zr 5.5522075596891 4.35783107777618
2459140 zr 5.995977027827979 5.426248109889168
2459140 zr 5.650349046687577 -7.64863549923663
2459140 zr 7.28400060660595 -3.29064540008668
2459140 zr 6.266473156857334 -7.172816435908138
2459140 zr 5.9328817599155 1.2785734547900627
2459142 zr 9.202682583531292 4.443136323653335
2459142 zr 6.84882183787145 2.8441543011576775
2459142 zr 6.890518566464543 -5.5031214126914865
2459142 zr 7.147939137779168 4.345773914174564
2459142 zr 6.690397280725706 -3.0469907921971253
2459144 zr 12.753884462518187 -13.207951397385813
2459144 zr 8.911508370022736 2.285301423662137
2459144 zr 7.975658239060453 4.862088629380718
2459144 zr 9.574463386570743 12.963159252664639
2459144 zr 12.47756734348378 -3.2254612349608878
2459218 zr 14.270255992737162 1.36546980052062
2459219 zr 6.814781052807901 4.974773531737192
2459219 zr 6.656039166269193 -4.992264296509301
2459219 zr 7.341831783625832 -5.041355570544992
2459219 zr 6.583602822856698 7.974897094628367
2459219 zr 7.083565388868621 -2.0418684033174253
2459220 zr 7.314436028938768 -1.4171634545891807
2459220 zr 7.023940855647009 0.8503844045670712
2459220 zr 6.749375998624918 6.883665452929468
2459220 zr 6.696562202959425 -0.919609046243732
2459220 zr 6.708909094818049 -1.9132898323912753
2459222 zr 11.28469838779207 -9.000053173278625
2459222 zr 9.199630502389251 10.48588198147631
2459223 zr 8.84608726600798 1.6336279441763786
2459224 zr 6.324456119080315 -14.309728119701068
2459224 zr 7.09546473609462 0.6622336484596384
2459224 zr 8.92422239480219 10.022746391345928
2459225 zr 9.779450273113113 1.6346892531893775
2459227 zr 20.966210974417187 12.242699203160415
2459227 zr 5.198067773353098 -3.2844053186170914
2459227 zr 6.998111310229789 7.1095633099684
2459228 zr 5.46091847517643 0.5523985355060587
2459228 zr 5.878488772995897 -0.2224813796834412
2459228 zr 6.163440157556991 -4.916822515916178
2459228 zr 8.919719953547785 -1.9343392737757847
2459229 zr 4.724160127149006 -2.841503040520558
2459229 zr 5.129950454182039 -1.3912025650958155
2459229 zr 4.5219028092423565 5.702428574656022
2459229 zr 4.858622652387881 1.4573921302241617
2459249 zr 6.867772000514181 7.887343886252966
2459268 zr 4.944395137493628 7.386334276766376
2459271 zr 7.13351621902417 -1.596143055601326
2459272 zr 9.261594996521005 -1.6280654291463559
2459275 zr 8.316908437364956 -2.5685210404914027
2459280 zr 6.559392558047137 -1.746266763181792
2459291 zr 3.711511839964455 3.135536734721013
2459295 zr 3.983414775048216 -0.536361237188204
2459297 zr 5.660766966588641 -2.7062989037073977
2459303 zr 7.7049526347488735 -2.2529991110545544
2459310 zr 4.139347857084836 -7.271768210948714
2459312 zr 3.4861883746496263 -3.0745065463048644
2459319 zr 3.7981703050717655 6.220963280500145
2459322 zr 5.501426016426631 -2.1382685080218007
2459324 zr 4.394618945692123 -1.0642454583054113
2459334 zr 6.260704178907017 -14.530015440178666
2459336 zr 4.286787193387554 -4.435518701488193
2459339 zr 3.3023409625161118 4.107837560048907
2459343 zr 3.5119704278235044 -2.898999974939964
2459345 zr 3.227170504857791 2.4712962565952865
2459349 zr 2.9459811564908565 0.323446204851262
2459354 zr 3.5087372726733688 -0.5580263986235364
2459358 zr 7.631403725283206 3.6632754378483066
2459363 zr 4.7328703716662615 3.163806335610249
2459365 zr 3.8963281834319345 6.289885128542177
2459367 zr 4.224077956330529 3.1192670742363036
2459370 zr 3.3513664029560193 4.7206881360950765
2459373 zr 3.296263424995752 -1.0574154303350412
2459374 zr 3.1274702559677907 -1.291885694775746
2459374 zr 2.7229852024017656 3.5892935805291994
2459374 zr 3.159316880717136 -3.0289227096446343
2459374 zr 2.9270488103174963 0.13291862576646907
2459374 zr 2.9541324595002623 1.0328994054389706
2459374 zr 2.9541324595002623 -1.9926787810092945
2459374 zr 3.1159694280596955 -1.6492068352736657
2459374 zr 3.1419060027712677 -3.6554927677886018
2459374 zr 2.7456506716148437 7.7857131465174305
2459374 zr 2.834196547226264 -1.138000008229653
2459374 zr 3.1274702559677907 -5.787822581548017
2459374 zr 2.717973895294818 -1.3877921021126625
2459374 zr 3.1045108928136265 0.8592526085290417
2459374 zr 3.2358858133210155 -1.8411758650426853
2459374 zr 3.033843597320239 -3.7451787571949113
2459374 zr 3.0959446523588547 -5.0147864108151765
2459374 zr 3.1768242410754626 5.306231128266541
2459374 zr 3.278097839732578 -3.9223287768447443
2459374 zr 3.165141920893138 -3.9318162162114274
2459374 zr 3.1188406640118584 0.9373142757187923
2459374 zr 3.1390135326372306 5.292734909596755
2459374 zr 3.1073715702031603 -6.978023642266012
2459374 zr 3.357545537458434 -3.5575993485629134
2459374 zr 3.4194074243741945 -5.115983631305633
2459374 zr 3.342119016990578 -1.9328905062578727
2459374 zr 3.3237007232636753 3.0219293673350687
2459374 zr 3.5641079566220886 1.7824200845138551
2459374 zr 3.376151382286014 4.748912972749513
2459374 zr 3.728845884243792 -2.1978274737527665
2459374 zr 4.046276250104691 -1.9300899656234802
2459374 zr 5.157387519421767 -3.4763546368788165
2459374 zr 5.415957864246549 -6.674862289610783
2459374 zr 2.967768115387914 -0.6410920895441139
2459374 zr 4.689479155283434 4.141327225840347
2459374 zr 3.770287203325521 -4.089003737432695
2459374 zr 2.905560779703039 2.1327706198395977
2459374 zr 3.59046626288095 -1.6249553169269233
2459374 zr 2.935147728982896 0.33978786931034227
2459374 zr 3.3917349890147586 -0.7057315416562672
2459374 zr 3.3298288487341483 -1.5071974244680386
2459374 zr 3.7254130713763516 -1.4371437392940196
2459374 zr 3.1419060027712677 0.804644114655327
2459374 zr 3.1390135326372306 -0.5193671471119764
2459374 zr 3.1709777010785514 -1.8977848576472511
2459374 zr 3.185614269124209 2.1867017913146265
2459374 zr 3.227170504857791 -2.997251390060687
2459374 zr 3.1768242410754626 -3.75499973535335
2459374 zr 3.4168185136098095 3.726355368313311
2459374 zr 3.531432018467655 -1.8749401343882715
2459374 zr 3.7151335828306253 1.179308454031782
2459374 zr 3.6946596196906647 -1.2478697685857878
2459374 zr 4.595413648362045 2.763219168701345
2459374 zr 5.131471694014813 1.783586628519999
2459374 zr 5.178952617005268 -1.4998067269284077
2459374 zr 3.4861883746496263 -1.3287661960774142
2459374 zr 3.580559131479421 -6.634127368681358
2459374 zr 3.0760485658673167 -1.003246812648085
2459374 zr 3.1680584672478966 -0.8458120651933471
2459374 zr 3.087402048630789 1.8582941796166288
2459374 zr 3.299300794351305 2.8635571673302582
2459374 zr 3.0930944947043484 -2.5661565872404775
2459374 zr 3.3544545474090244 0.7474927260808478
2459374 zr 3.1188406640118584 5.589776811230223
2459374 zr 3.248044058091007 -2.2398203220863406
2459374 zr 3.1045108928136265 5.262534381921713
2459374 zr 3.2299305780302547 -0.38359806786513045
2459374 zr 3.067560861177097 0.05134790851611753
2459374 zr 3.1303520894535084 4.283923443832613
2459374 zr 3.388612523813827 7.664261890497078
2459374 zr 3.156408381954489 2.495135400426156
2459374 zr 3.0788830164088874 -0.664414751925013
2459374 zr 3.317583875826852 4.210416668271173
2459374 zr 3.3237007232636753 -0.8619675456583425
2459374 zr 3.1709777010785514 1.3247198363147168
2459374 zr 3.308429705591852 -8.470935660756494
2459374 zr 3.101652848992361 -0.014945870233734752
2459374 zr 3.342119016990578 0.20870042146093012
2459374 zr 3.780719297692139 3.387176614290225
2459374 zr 4.480445755097687 4.229657634119847
2459374 zr 4.786628970055338 1.061517783088167
2459374 zr 4.911676613314101 3.601212177070938
2459374 zr 6.124913036679267 5.010306019704737
2459374 zr 5.936082481928299 3.232139257216626
2459374 zr 5.771194260954793 -2.2154249840438536
2459374 zr 5.395922371961117 4.716103476302309
2459374 zr 5.671078946538208 -11.83403307195154
2459374 zr 4.5323622093691585 -2.075892947224376
2459374 zr 4.612375002687408 -0.6893806659982054
2459374 zr 3.7391633136716345 0.9637201843738716
2459374 zr 4.366376929616602 -3.5839915997656093
2459374 zr 3.342119016990578 1.3419384854562082
2459374 zr 3.7529643071613488 3.30194308247244
2459374 zr 3.9143128171824553 0.5581386056267776
2459374 zr 3.5542735553855316 -2.0387213268615634
2459374 zr 3.7598838941144 -4.92522356387031
2459374 zr 3.515206562191343 1.6072916257277898
2459374 zr 3.6303696707104227 -0.2407232777630971
2459374 zr 3.5838584674788456 -5.129612785006977
2459374 zr 3.728845884243792 -4.457214464897159
2459374 zr 4.020272858157923 1.6330907555051009
2459374 zr 5.608744970507452 1.8928159858855425
2459374 zr 4.2906315674950255 0.6659962857612661
2459374 zr 3.3823762144837883 0.0563451650498145
2459374 zr 3.954171757871801 3.0302220688715176
2459374 zr 6.220469767175347 -9.107377039821124
2459374 zr 4.011732110137955 2.6906849709024443
2459374 zr 3.603718425828181 0.26867913899508994
2459374 zr 3.69125827904078 2.8664530548317946
2459374 zr 2.8975434999593848 -2.079824799864514
2459374 zr 3.812189089290555 7.888438296087152
2459374 zr 3.3023409625161118 -1.641763475101357
2459374 zr 2.876272073526596 -2.20639604873839
2459374 zr 3.0959446523588547 1.131576761950939
2459374 zr 2.8895483422015977 6.5538917682140045
2459374 zr 3.1709777010785514 -0.7306778079302554
2459374 zr 3.5022798890579865 -1.4956250957432582
2459374 zr 3.495834389433878 3.8225202797447886
2459374 zr 3.3359682730323104 1.2105908916020884
2459374 zr 3.1303520894535084 -1.8027972142473003
2459374 zr 4.9616915804255575 4.747433650730644
2459374 zr 3.8927411846824365 -1.2298402761816565
2459374 zr 3.4320282209652326 4.111748255089593
2459374 zr 3.3237007232636753 0.13638564277466395
2459374 zr 3.8759166936363054 -1.5643797520834881
2459374 zr 3.5346860858801064 0.12876315286455767
2459374 zr 3.5184456785221103 4.865385489816718
2459374 zr 3.770287203325521 -6.2483828178809
2459374 zr 4.382492925234912 -3.915481936422739
2459374 zr 3.7772387296407377 -2.384537195395092
2459374 zr 3.784203072941912 -1.1898389744753943
2459375 zr 3.784203072941912 -2.175110002818416
2459377 zr 3.1476989413672816 -2.241314553727055
2459379 zr 3.133236578428667 -5.062328314093002
2459387 zr 8.76366535922765 3.9623326014516076
2459391 zr 5.7236791000991625 -1.9018315562669954
2459397 zr 3.541203218930436 4.4326491528817495
2459400 zr 3.3145296748833712 0.24697301836281477
2459402 zr 3.2871680840303954 2.115569685691218
2459404 zr 3.6946596196906647 2.2449322871530626
2459406 zr 3.8051732412942614 -1.6543921221923936
2459408 zr 3.780719297692139 -6.4470209306812025
2459410 zr 4.274958711818366 -2.6445976109754
2459412 zr 4.702454583000201 4.709077916449044
2459423 zr 7.554477459281475 -4.077141942704566
2459427 zr 3.728845884243792 2.6614555360452172
2459430 zr 3.206219033863774 0.8307203367709578
2459435 zr 3.617019501593392 2.3289388896618384
2459438 zr 3.950531507748354 -2.5601598751963452
2459440 zr 5.125227770414714 3.562492859082296
2459443 zr 15.01630885744462 -18.430035615093367
2459450 zr 5.4832991179904775 7.205132689465062
2459451 zr 3.133236578428667 -5.435829128478537
2459460 zr 4.402721593474345 -0.26136723139137896
2459464 zr 5.008563343125614 3.582658836650755
2459466 zr 3.5937747278890253 -3.9885052078700283
2459470 zr 4.835370593203554 3.2593140765851376
2459473 zr 5.1220278745821535 7.5201772282578165
2459476 zr 8.35153943161754 -17.189349949480842
2459478 zr 9.422591957195314 2.546840162081649
2459486 zr 4.586956375419426 -8.088572439252868
2459498 zr 6.6322917575364375 -7.967136868945476
2459498 zr 5.48119530320294 10.245979803365792
2459498 zr 5.450988639539664 -1.0361894733388282
2459498 zr 6.074351605357785 4.3749420161000065
2459498 zr 6.068759496431979 -1.883804770636797
2459502 zr 7.852436438806171 2.736293993796159
2459502 zr 8.153921685884454 -0.9202841056807288
2459510 zr 12.609376675282359 -0.5231401212185568
2459510 zr 9.043805618484713 3.0044731059237013
2459510 zr 6.764752428967577 0.8345324084820004
2459510 zr 7.161118262958842 5.037422128669874
2459510 zr 6.267580588762924 12.520439626267004
2459512 zr 5.598546335252441 -6.229188001717803
2459512 zr 5.7790966844031955 -0.01340991612777934
2459639 zr 3.7014717064593996 -3.638379626830934
2459674 zr 4.001801382241705 -0.6350628108639675
2459678 zr 4.113917042809518 0.4113888489724415
2459682 zr 6.249182151053709 4.390565966503682
2459684 zr 7.021273150151878 7.90881359571005
2459688 zr 8.715369125045116 10.118979320693057
2459690 zr 6.499255685604984 -11.683619324428067
2459694 zr 4.414903585098897 -14.32387546608341
2459696 zr 3.8227371229490505 5.656336373925455
2459698 zr 3.998117283809019 4.2740884490418845
2459700 zr 3.6605879884342887 -3.680755644702121
2459708 zr 3.780719297692139 1.453217530885577
2459710 zr 5.534035460053611 -6.86301176816635
2459712 zr 5.3191463258726355 6.768701079117726
2459714 zr 9.49227659289736 2.076775878660453
2459726 zr 3.4073905264039506 -1.466122245889393
2459735 zr 3.1797515522013358 7.652294824540415
2459737 zr 3.385492933185619 -1.7686956895924195
2459741 zr 6.365363121444811 9.634787985791888
2459747 zr 4.447553937505648 -10.231749774455555
2459749 zr 4.73401647456721 1.0612766024954312
2459751 zr 4.56374346078612 -0.20758004092995458
2459753 zr 3.2299305780302547 3.300876959267527
2459756 zr 3.150599414743449 -3.147863406395204
2459762 zr 3.376151382286014 -9.04608926961677
2459764 zr 3.101652848992361 -2.8097914143998906
2459766 zr 3.165141920893138 0.8760419190831491
2459773 zr 8.440378455715035 16.126570043101065
2459775 zr 5.655430804988282 -5.348531177082359
2459775 zr 5.96842801581528 -0.7820804835232144
2459777 zr 3.479772489406244 -5.2198760379273255
2459779 zr 3.2811184702584715 -2.341759295156041
2459779 zr 4.934347882476454 2.0068942282620204
2459783 zr 3.2630363482781477 -0.8426510826529009
2459787 zr 3.7151335828306253 0.6649058704093422
2459789 zr 3.460595592507345 -4.167388713527159
2459798 zr 5.734105684423576 -6.893391377142151
2459806 zr 4.418971734736285 4.4011935861430125
2459807 zr 3.9117801092452456 -1.4204834066897214
2459807 zr 4.09501531094737 1.8621485231722057
2459807 zr 3.833314342204444 1.8802363597310812
2459807 zr 3.9179196932921743 2.9851518955685115
2459807 zr 4.212422507622848 2.9839851845258414
2459807 zr 4.243575414296541 -4.9943447887060115
2459807 zr 4.0388295945331025 0.895760499784872
2459807 zr 3.9687663326763114 0.6030078652215917
2459807 zr 4.298648403454421 5.43297817777034
2459807 zr 4.298542486913596 -5.421403528872252
2459807 zr 4.046276250104691 -3.798062867131327
2459807 zr 3.8006294555888833 2.1596273847743563
2459807 zr 4.414903585098897 0.084066921163801
2459807 zr 3.9724233854308877 -0.7396580240242964
2459807 zr 4.608128804064526 8.067473159275147
2459808 zr 3.4894007519300727 -4.600454556340314
2459810 zr 3.954171757871801 -2.6608543289271998
2459814 zr 5.091312623249321 -14.787115265586467
2459816 zr 3.711713393645218 0.3992742118758553
2459818 zr 3.640414624038416 -3.937789442396681
2459828 zr 6.499255685604984 5.351263773528618
2459842 zr 4.755867701788287 10.877532468673687
2459844 zr 3.999212065905152 -3.6926494945091677
2459864 zr 8.401598439315865 3.265406380508178
2459877 zr 15.790089843413758 -5.3384379842591505
2459877 zr 13.117342685953284 -7.522825406838859
2459877 zr 10.046152972773159 -9.881817102800113
2459877 zr 9.002253106113864 -2.0202397763045115
2459877 zr 7.617359099667643 -13.452383617112245
2459878 zr 10.692323869866264 -0.5279144777411608
2459878 zr 8.861646930919106 -11.33734074527227
2459878 zr 7.857848530506382 3.180693183673183
2459878 zr 7.311657992849188 11.786538032499335
2459879 zr 9.191161230409485 5.032522021747049
2459879 zr 7.606239101310201 -7.983850791618552
2459879 zr 8.316908437364956 -3.997858106436298
2459879 zr 12.027539299393924 10.02532611059303
2459880 zr 15.549658468411376 5.312429714632756
2460020 zr 4.057471984911649 -1.4458764142379459
2460030 zr 3.617019501593392 -4.647196081516864
2460036 zr 3.8866410566687812 -0.6633600937055991
2460043 zr 6.1418601994125614 3.874718234460142
2460045 zr 4.629398960199917 -7.343818660514461
2460049 zr 3.173899624861518 -0.03199685436155377
2460051 zr 3.3948603314372328 -3.14159090908919
2460055 zr 3.59046626288095 -2.7476702811717217
2460057 zr 5.263507873420203 7.874671657005256
2460059 zr 3.732281860305208 6.925779044420395
2460062 zr 3.04249564052408 0.28952753161104355
2460062 zr 3.130617182970954 -0.5305229739398144
2460063 zr 3.4168185136098095 6.835157770503612
2460063 zr 3.7493056845564245 1.4743012868679797
2460063 zr 3.561409489809225 -1.2894823919995924
2460064 zr 3.9808373555395735 2.227160133604056
2460064 zr 4.18654274633214 1.1714638486447069
2460093 zr 3.548312911968256 -11.937294909145413
2460093 zr 3.477137874884663 1.9665737197360678
2460126 zr 8.487150828593082 11.290987634139896
2460126 zr 8.040881335670782 -15.26948654044397
2460126 zr 8.390088386135645 5.02416396678231
2460126 zr 8.907474862711114 -10.02102067040973
2460126 zr 9.424531289231162 -1.6888931550263748
2460126 zr 8.585518650148744 13.283201529227856
2460134 zr 3.3792623650644233 2.3865421347067652
2460134 zr 3.3326767215876267 8.210483724128226
2460134 zr 3.2269570715906326 1.4512782412353824
2460134 zr 3.338821396696148 4.0537336299684945
2460134 zr 3.0341005180267953 -4.160781465428474
2460134 zr 3.173899624861518 1.9667347803923514
2460134 zr 3.4484339460609434 -3.147016734691011
2460134 zr 3.341897981448777 4.25995777254943
2460134 zr 3.75621852586652 2.3871950489370413
2460134 zr 3.419740785333729 4.676736970644861
2460134 zr 3.4931876140841926 -0.09698265866698169
2460134 zr 4.0686986974547 -1.0863084704070747
2460134 zr 3.691057836114864 2.849610625345422
2460134 zr 3.822529540451157 -3.1802190582108585
2460134 zr 3.8973950931879644 2.745034304051943
