jd filt fluxerr adjflux
2458203 zg 4.398306857203506 -10.255030317356383
2458203 zg 4.655452718753836 5.448145533605505
2458206 zg 7.172820387767199 -4.432154002652382
2458206 zg 7.0868490001230775 2.8059744254394783
2458233 zg 5.146529218114761 -5.223818661695881
2458236 zg 13.210778983841452 29.566103577369535
2458236 zg 16.213892872930895 2.330656280928015
2458236 zg 16.452143773145096 -0.36450368911576086
2458267 zg 12.686308502028838 -14.7886744267906
2458270 zg 6.738726006877206 -13.972277957747263
2458279 zg 2.6346601930811784 -2.2804308679254968
2458282 zg 2.7620387356374976 1.927690344762776
2458288 zg 3.6126275010425095 1.4258778714986926
2458294 zg 7.812874382222449 -3.764379962341791
2458300 zg 2.834739600049231 0.16871393560700812
2458305 zg 3.847829933397876 -3.0976339822463057
2458308 zg 19.80390572866443 -9.392742994554963
2458332 zg 4.062281109888057 -4.35758323896741
2458336 zg 3.5927184451106977 4.190088093892566
2458349 zg 10.715107478879899 -15.022802580019729
2458488 zg 3.6099395277380393 2.490147581233857
2458493 zg 4.472666699072839 -3.6125662120962425
2458494 zg 2.9043030947229216 -4.385061019569208
2458495 zg 2.9419950495560987 1.7577290807186092
2458502 zg 14.148548849436922 -11.172078356324318
2458544 zg 7.370443450637377 5.591212586500482
2458544 zg 8.723997274382606 5.548606136878781
2458573 zg 3.3044556452698473 -1.6702684896929088
2458574 zg 2.866244079431349 2.153823436547236
2458581 zg 3.7206874009361792 4.48480252436085
2458581 zg 3.4595784537594 3.2353030067618116
2458582 zg 9.304981654479839 14.659932268485809
2458585 zg 3.753322383662102 6.519797802317086
2458588 zg 6.360564906798866 -2.7040258644087154
2458588 zg 13.853937517432584 13.841323686622706
2458597 zg 3.542122876109121 -3.4635946537833213
2458597 zg 3.715488049839714 7.085244851449969
2458598 zg 2.603302346113645 3.9046185315660855
2458606 zg 2.661488596756946 -1.6012331897843088
2458617 zg 6.627912778854588 -0.8696789791157928
2458633 zg 2.9007691676711245 3.351027513713696
2458633 zg 3.0879856743713265 0.5319352909878341
2458634 zg 2.8715287620216903 2.8697467098586276
2458635 zg 2.2670209309196663 5.026621841530346
2458636 zg 2.598511300045128 4.494493317961144
2458639 zg 3.0216345496574215 6.317017312366091
2458642 zg 2.746817242788376 4.511173048996544
2458645 zg 5.6931759415277945 -4.010945546948795
2458649 zg 10.988652467197348 9.256314208885648
2458652 zg 6.672756431846861 7.35131199486155
2458661 zg 3.1569353857043585 1.9168605721761098
2458665 zg 3.1482939653054296 7.309319964192515
2458668 zg 2.480397150043077 -0.07184153841551755
2458677 zg 7.356879089137039 5.128204069344155
2458678 zg 8.973899779049912 0.458622745211934
2458679 zg 12.703399368218564 19.421995246746288
2458680 zg 8.590816159274524 17.746254535299236
2458680 zg 8.48810692294781 19.57990030656042
2458683 zg 5.29004980198089 1.2303585159195904
2458683 zg 3.601335837456422 2.5283583857419805
2458686 zg 4.896500302361888 16.01086844922825
2458690 zg 3.8624566907927274 7.623463196450537
2458716 zg 4.631114573612907 4.2190899404218545
2458720 zg 5.650305544797135 8.471355268154824
2458726 zg 7.3731518676152445 7.200234146021707
2458853 zg 3.5505851049988864 25.737166445930498
2458874 zg 2.7109693640608614 26.945017832141975
2458882 zg 3.155440244908403 33.665496913749095
2458887 zg 8.030655939850368 32.32010914252547
2458891 zg 8.447943870514592 27.13083220659498
2458896 zg 3.80553629913534 28.10798386535185
2458900 zg 2.793271631252302 31.30321279553089
2458904 zg 2.6818208626712465 37.12409334180012
2458909 zg 30.56492647538091 4.177415541348033
2458913 zg 3.0372131875413517 32.37312020991936
2458914 zg 2.5895825801913155 36.39814766652737
2458914 zg 9.999699466941331 22.488431102528697
2458939 zg 13.585865140061026 56.250752811591724
2458939 zg 12.834666877699483 38.95750845986536
2458940 zg 4.185078928727482 37.21272876999604
2458941 zg 3.048356061137748 40.81869114982783
2458943 zg 5.583390573042156 41.21709455187881
2458943 zg 5.285845228945355 33.54931731500239
2458944 zg 8.896614838782689 48.778168074721656
2458955 zg 3.1337597133422155 42.95192575302872
2458963 zg 2.6280266500164444 42.043642497425616
2458963 zg 2.9983013265914797 47.7221791408454
2458963 zg 2.971953004289265 47.11738302077589
2458964 zg 3.0484233316061675 42.43835273725022
2458965 zg 2.6639410475661327 43.07203064651895
2458966 zg 2.946288542676323 46.92083395808606
2458969 zg 13.382228060790341 42.96853185149406
2458972 zg 5.6256198895266705 40.321098864838916
2458977 zg 22.93536467711002 40.43568903725621
2458980 zg 6.788562152708242 39.43220838982872
2458992 zg 2.6111376382923583 47.35380818877836
2458995 zg 2.9123390777447686 48.90816673239855
2458998 zg 2.6842920488160105 52.18189112872426
2459001 zg 8.424813150463384 49.04944607714811
2459016 zg 2.65234348121554 54.83589487206064
2459019 zg 2.746817242788376 48.61935502058122
2459022 zg 2.6492601674311733 54.911260629816304
2459025 zg 2.8303616922454577 55.74460754596838
2459028 zg 4.8523399483048175 48.50882742339985
2459033 zg 7.695659866795752 58.790995976785474
2459040 zg 2.839420836291983 53.392253411332256
2459043 zg 3.4095724785594648 58.63699379325087
2459218 zg 8.813740866998824 56.672139902055974
2459229 zg 2.792735238553659 44.09516245818235
2459232 zg 2.7984217697439093 45.44524161675913
2459253 zg 2.668852730760466 43.539315514654824
2459255 zg 3.662884155732449 34.27766415323554
2459257 zg 2.6225550290734203 33.551983669972614
2459269 zg 4.551625647992366 43.657629848537994
2459279 zg 4.770571227593539 31.4398495350543
2459290 zg 2.6768853132834556 33.73932772015121
2459295 zg 5.4600898180790916 40.00240679324993
2459305 zg 6.640148599703964 24.88823990439522
2459307 zg 3.560409300577247 30.866423845675236
2459311 zg 2.729164823389547 31.721085912075743
2459313 zg 4.422864689320345 35.640913229363235
2459317 zg 2.591341258325464 27.051446361901675
2459320 zg 2.8530748841176945 28.1793001095872
2459322 zg 3.181573331140431 22.945260064598425
2459324 zg 3.4001644852530335 28.03986139265658
2459334 zg 3.2634373288765652 31.020583118201095
2459339 zg 2.7645838392086617 28.617146622527127
2459343 zg 2.7372418455847707 25.453149653071385
2459345 zg 3.045882675076239 25.798468426262946
2459347 zg 2.307042153587805 32.68560739167771
2459348 zg 2.8618175168212674 28.871174307686474
2459349 zg 2.574688005249546 22.52416691473897
2459352 zg 4.143853848819446 23.989876932009146
2459356 zg 7.356070189223832 30.68502448277144
2459356 zg 7.726998743906736 25.99051470972092
2459363 zg 4.451286271427264 28.296007064898454
2459363 zg 4.378098472834742 20.495491663526654
2459366 zg 2.60810222574868 21.928196205464467
2459373 zg 2.6057011807181136 23.76907370793467
2459375 zg 3.566343605147118 25.027968233812288
2459377 zg 3.3907824513120888 28.603150285240112
2459383 zg 7.710733421109791 20.599114150948616
2459387 zg 14.230061606118388 8.884014960818261
2459393 zg 6.8527457417290325 20.47007623164479
2459397 zg 4.410476633592748 26.07167434915395
2459400 zg 4.147672237422387 16.04677270906796
2459402 zg 2.9801761694016147 20.3060320233433
2459408 zg 4.012184039707802 23.969430656070067
2459410 zg 5.293642463974551 26.464878520844547
2459415 zg 14.474615643816005 33.32154126095668
2459423 zg 3.7866215943471206 26.47042109982454
2459425 zg 4.79386484495847 25.959441763167163
2459430 zg 4.653358752940368 17.940028830079275
2459435 zg 4.226393923678787 23.353971541848615
2459600 zg 7.344359728846356 19.843834397816742
2459641 zg 2.6842920488160105 9.059578400229261
2459675 zg 2.756955555481632 9.064058103002953
2459679 zg 4.00480012650299 5.953737254914878
2459682 zg 6.604875237394016 4.272984694447758
2459695 zg 2.8609691226255496 14.98343193271809
2459697 zg 2.6639410475661327 9.590087287591487
2459699 zg 4.121017224222625 9.276108773513403
2459699 zg 4.178119391648639 11.099799924050961
2459700 zg 3.307196200057436 -0.9563491581539116
2459701 zg 3.1279924281182456 13.373386742967368
2459711 zg 7.621394204013266 8.611015881640025
2459712 zg 9.068824962964317 -4.883139990338782
2459712 zg 8.629716558620764 13.260947592576956
2459714 zg 15.437816454703961 6.411368284452708
2459715 zg 13.741207815486982 14.628605209912681
2459717 zg 7.929243666118303 9.992425120602974
2459723 zg 3.0272057358706057 6.797877194543162
2459726 zg 2.5451959510153257 5.194257504286662
2459730 zg 3.0908311244608355 5.4073451532775385
2459731 zg 3.4500324795527546 9.73388017491957
2459737 zg 3.9451509306141337 5.817021397407511
2459743 zg 10.269020485628623 -9.514810949126161
2459747 zg 3.7070051011872596 3.4070749923626016
2459749 zg 3.4032975951049504 3.665887133099765
2459749 zg 3.658167800910054 5.011713731859578
2459751 zg 3.472961163607008 7.221480871767087
2459751 zg 3.2681345393694174 4.969828938685819
2459754 zg 3.197905994517685 5.578372970215876
2459755 zg 3.5702606789482756 9.826778563559937
2459759 zg 2.8557038737052447 7.954815638585384
2459759 zg 3.0132969889232184 9.121136609236135
2459760 zg 3.0512323266458172 9.405829395855722
2459761 zg 3.3316545193227856 0.34039470088065205
2459763 zg 3.082302630430258 4.403196244333991
2459766 zg 4.001113267396295 1.6878974375917828
2459770 zg 6.874091134603954 8.694715204715012
2459782 zg 3.8447103143007184 0.7333359679045186
2459785 zg 3.678035094611916 7.284285231397521
2459787 zg 4.904224973339381 -1.2620013603706326
2459951 zg 17.83289742842141 -35.377738861751666
2459978 zg 3.887011887488196 3.805196618748195
2459993 zg 3.7796528000656413 3.095635511093217
2460016 zg 7.174254595929844 4.0252559232964185
2460032 zg 4.937257584758097 -6.800607616184981
2460043 zg 8.147903269359603 5.471862730269436
2460045 zg 3.8336800850342563 -4.655672942070705
2460049 zg 2.988422087378612 -2.1728092275671425
2460051 zg 2.6377265148378277 -0.916167553421579
2460055 zg 3.269382194740254 -2.429170182179357
2460057 zg 3.3780024504824375 -3.0137305787366246
2460061 zg 3.082302630430258 -3.8649372610703283
2460063 zg 3.527143943337377 6.411532405833205
2460065 zg 6.873120223477653 16.026909290069764
2458217 zr 3.8310800240694998 -8.221997143502964
2458218 zr 4.114571463869075 -3.32969857334387
2458219 zr 5.543999515627621 0.033627700531597485
2458231 zr 4.667044454163234 -3.1749321590737303
2458243 zr 4.788968027857342 -2.9824474881279106
2458256 zr 3.372674538848083 -1.1976923312415264
2458256 zr 3.553493536977838 4.834334218059252
2458256 zr 4.179502696505007 -2.775461022574098
2458262 zr 6.543059143896462 -5.855309689392088
2458270 zr 7.144469281834994 -6.144299345775756
2458273 zr 5.049701342021138 -3.7819147096514545
2458279 zr 3.602927556283537 0.0004908260616378348
2458282 zr 2.8261368508874476 3.0121703333541587
2458288 zr 4.245458595988652 2.6403410020979945
2458300 zr 6.376477711513677 -0.3403067527418409
2458336 zr 4.657074341103365 4.4686453003224695
2458468 zr 5.061275295051499 -7.1362320597039055
2458468 zr 4.517656129595593 -2.2952591190906775
2458468 zr 4.654166733199186 -5.018981415809237
2458469 zr 4.455671563756224 1.329406771930716
2458469 zr 4.943854640298484 -5.883025972900752
2458469 zr 5.503299944476479 -0.5715613633348252
2458469 zr 6.231331358286309 6.209692137718389
2458472 zr 5.741471107112165 4.552610875495798
2458472 zr 9.395026490083428 0.21258911511213396
2458472 zr 5.087046331597406 -0.107753771635691
2458472 zr 5.155371428110518 -0.5533567981604923
2458477 zr 6.634442427431154 -0.6505666165685233
2458487 zr 4.58186129285758 2.488095913063586
2458488 zr 4.241550184284642 -3.651186542531645
2458494 zr 3.795956471288624 -1.5723878153725188
2458509 zr 7.704809764915603 -2.4147583381679794
2458509 zr 7.470790123457453 4.341288469631811
2458523 zr 3.4726061487606663 6.018900784360066
2458560 zr 6.056920972563624 7.214853266145576
2458573 zr 4.679957806789551 -2.901899510903449
2458573 zr 4.822533763546072 -4.974857313346605
2458583 zr 4.842191239080211 -4.478048985742351
2458584 zr 4.362276309851118 -7.220558910557488
2458584 zr 4.502377833593149 5.589715837703091
2458585 zr 4.202663418455024 3.1152259699965787
2458586 zr 4.985006088732656 7.457173476238871
2458597 zr 4.837733469328363 8.987864385363626
2458597 zr 4.516788602880402 -4.665284089525095
2458598 zr 3.476757771107313 1.6317025626354922
2458601 zr 3.6621145483692477 -3.3323572816316487
2458606 zr 3.4195931153222783 0.058920069071570436
2458617 zr 5.984831220173201 -0.6879547497014333
2458628 zr 4.603010203670105 -5.637300822732142
2458632 zr 4.089980370687873 2.616654815270497
2458633 zr 4.145000714634923 4.615514304149645
2458633 zr 3.550222155237547 1.8702303370035547
2458634 zr 3.520914912407642 -1.1868667995826108
2458635 zr 3.0424392247528877 -0.19020703847603437
2458636 zr 3.6925971027649305 1.0829002083643522
2458639 zr 3.5567679331600583 5.979390655939513
2458642 zr 3.3788929605611124 -0.9372965780988063
2458645 zr 6.228964687317957 0.998001359955621
2458649 zr 11.696137854860087 2.992224932222789
2458655 zr 4.266087560059987 4.089818219414001
2458658 zr 3.22070427929102 1.4514555644230211
2458661 zr 3.62623153109005 4.360231759439627
2458668 zr 4.38157010674982 8.618397475030712
2458677 zr 8.02731646116076 -15.637430500062592
2458678 zr 6.318017812464474 0.13100269951933763
2458679 zr 7.245786372047753 4.568444338142154
2458680 zr 8.34362170928819 12.68667172243524
2458681 zr 9.162200404996733 -2.7888233285282205
2458682 zr 6.295814264889132 2.72335381529399
2458684 zr 5.334085347347607 -6.675061079879969
2458685 zr 5.590146424625847 -1.2223370977596666
2458686 zr 5.797805244542789 5.6930819722486605
2458690 zr 5.138847065847646 3.732044405277448
2458693 zr 6.527847096814065 2.2140055160239847
2458716 zr 6.726736715186931 -7.872281950699738
2458828 zr 6.219863387364551 9.49947852939305
2458828 zr 9.179093356060122 5.410901017222491
2458874 zr 3.8381436381038947 14.856859943858364
2458878 zr 4.026439924321469 17.839634012843483
2458882 zr 3.700458430622361 10.870802705550442
2458886 zr 4.099440711392288 13.87508218107765
2458888 zr 5.653272590317134 18.264271879447644
2458896 zr 4.736329822486794 12.954829198058263
2458899 zr 3.360272006997528 11.929895765210741
2458899 zr 3.80304903094111 18.33533651417867
2458900 zr 3.394489221840206 13.01386328205891
2458904 zr 3.3757823178601813 15.115414429897175
2458905 zr 4.0711886178441175 6.136717286322458
2458905 zr 4.00981752644945 14.563428743562655
2458908 zr 4.57628612971437 17.119327031394295
2458908 zr 4.148820160026919 17.59146395077868
2458912 zr 3.7786087385755596 13.079477639517025
2458916 zr 4.867156119061132 16.168530894983466
2458916 zr 5.191175280268863 10.306260638135585
2458941 zr 4.833279803444005 16.547285235329163
2458944 zr 7.576799338024416 19.728778218139194
2458962 zr 4.114571463869075 18.136763324849138
2458964 zr 3.8700914160015074 18.641297663134544
2458965 zr 3.663156977336736 21.208034147191533
2458966 zr 3.566609236147841 26.240797465859252
2458966 zr 3.848763486000367 25.292428102353327
2458967 zr 3.486377692137752 20.213963970829287
2458972 zr 5.145883624264274 21.99632081253961
2458980 zr 4.538508682839709 24.72850400142684
2458986 zr 3.475806010586072 23.727348442401127
2458992 zr 3.2385518180324757 19.015673207755952
2458998 zr 3.451234220846973 19.823706974737153
2459001 zr 7.378395321777541 10.458176144954985
2459005 zr 9.785450986530066 34.38814193804522
2459012 zr 3.173590228830999 24.494900324319737
2459016 zr 6.362325276426963 24.66062173386124
2459019 zr 3.553493536977838 28.79433531004578
2459022 zr 3.127165385934981 24.148532883061637
2459028 zr 5.120062671197705 26.1599871092091
2459033 zr 7.106987073955676 28.887553187843963
2459037 zr 4.688586552583586 23.863327213652514
2459040 zr 3.7508692420668686 26.029951834408514
2459043 zr 3.87018677546269 25.573990520301226
2459193 zr 8.629781242723775 14.128991014145834
2459194 zr 8.469538774752994 15.098505499698094
2459194 zr 6.541896261706694 27.895767196569395
2459194 zr 11.36794340821405 20.533872834019398
2459194 zr 6.268591555291986 18.43612707590833
2459194 zr 6.006920818775312 19.30705395703672
2459195 zr 6.5038418657722525 22.38262747626261
2459195 zr 7.515384752547456 33.13196708132515
2459195 zr 11.447051018571283 29.22013169884078
2459196 zr 9.15528637092312 23.82438590990956
2459200 zr 7.297295283941905 29.957860856124892
2459200 zr 6.2027009913506195 43.16364852042278
2459200 zr 6.465534444434605 23.23584124532839
2459200 zr 10.043966894310016 25.421044132823777
2459202 zr 6.5038418657722525 18.782688442243543
2459217 zr 7.100740689181629 26.12549597490938
2459219 zr 6.862836509661718 34.34282546192604
2459228 zr 4.0172106905643155 19.84539874476407
2459231 zr 3.747416154275648 20.184063357826098
2459250 zr 6.020930619623131 18.935414991341073
2459253 zr 3.2118174277892257 19.30833166802828
2459260 zr 7.094203676185445 22.58547668388067
2459264 zr 3.5186367477434 18.24792289127712
2459264 zr 3.5633257799635247 21.528377456798147
2459264 zr 3.6095705106179605 5.580469386969593
2459264 zr 3.8065533821093673 12.91947245141401
2459264 zr 3.4195931153222783 17.772556441785703
2459264 zr 3.6385799713732396 27.98629415531135
2459264 zr 3.579773344457434 25.788318868080356
2459264 zr 3.589678301646781 17.57824417603212
2459264 zr 3.531623792912234 22.907501762421752
2459264 zr 3.6970517515290404 17.74066983417861
2459264 zr 3.7028142346057002 13.337932849186217
2459264 zr 3.569895717900159 19.368159856067553
2459264 zr 3.740519512608251 22.097915840969648
2459264 zr 3.747416154275648 13.904676378047835
2459264 zr 3.4822145825717605 14.772808901402877
2459264 zr 3.740519512608251 21.79717340137681
2459264 zr 3.357178506932947 13.550563406706576
2459264 zr 3.8276474047414433 18.11030065190992
2459264 zr 3.7716546909335626 15.032876861087082
2459264 zr 3.8346102046295742 13.260513232963774
2459264 zr 3.852309961133536 21.664108984759345
2459264 zr 3.8241236342046974 23.15231808260784
2459264 zr 3.663156977336736 17.797448561402703
2459264 zr 3.5996106650899633 12.188067762615756
2459264 zr 3.5633257799635247 13.372835640874673
2459264 zr 3.5863736078497324 17.23375892180077
2459264 zr 3.5962968274596516 23.69249319737771
2459264 zr 3.9095963863815557 16.30110846131486
2459264 zr 3.8665285710828887 21.160957721815358
2459264 zr 3.8065533821093673 20.23849025282245
2459264 zr 3.5830719563868842 18.536624044088057
2459264 zr 3.4101574721904915 13.237157830861051
2459264 zr 3.663156977336736 17.357510813381325
2459264 zr 3.4258980438984303 20.517917364058917
2459264 zr 3.2385518180324757 17.595046148598573
2459264 zr 3.3664675613474255 13.227061289368883
2459264 zr 3.385122847586947 16.28747778823775
2459264 zr 3.185303731134301 16.383683383401305
2459264 zr 3.448056980057286 19.370344600036834
2459264 zr 3.3976171021734305 19.068606148439837
2459264 zr 3.5436884239847775 17.540561727180975
2459264 zr 3.6218622149716886 14.298022348961613
2459264 zr 3.675631160188767 18.45144713054908
2459264 zr 3.428116164274699 23.518322127483533
2459264 zr 3.6688666296509864 11.45061048036778
2459264 zr 3.6970517515290404 22.84316223736748
2459264 zr 3.7647134413296603 17.93236244504602
2459264 zr 3.4227441278469986 15.259758154772264
2459264 zr 3.1882388557568384 15.327741255000838
2459264 zr 3.338677220916511 16.235998275299057
2459264 zr 3.3633683575934654 22.329578101740953
2459264 zr 3.2475126415334277 14.087014012569266
2459264 zr 3.353905720897974 23.82668627801626
2459264 zr 3.360272006997528 19.518596038548853
2459264 zr 3.3976171021734305 15.492199228964244
2459264 zr 3.1970604671654503 19.05442483896165
2459264 zr 3.576477769263177 19.56592693985361
2459264 zr 3.5241592887452065 21.29963759389781
2459264 zr 3.540426068929703 19.78659249380582
2459264 zr 3.5153974555123866 17.884717780342754
2459264 zr 3.5144351173988557 18.94830702829668
2459264 zr 3.5600453465618656 10.005328116836505
2459264 zr 3.5274066546403438 21.934812365222136
2459264 zr 3.4195931153222783 15.921819671859657
2459264 zr 3.7267642830838983 20.958569299447383
2459264 zr 3.4694092327600905 15.184800528505829
2459264 zr 3.985852504259796 18.84019636301852
2459264 zr 3.9932014824881654 15.148071125513338
2459264 zr 3.6228931860238767 19.024362827892922
2459264 zr 3.931261422013059 23.5987248402495
2459264 zr 3.7062262235869916 16.488385166527937
2459264 zr 3.7233333865593483 18.313025793957884
2459264 zr 3.685801348572864 15.288780219825718
2459264 zr 3.7439662454316402 12.63804342765079
2459264 zr 3.8065533821093673 19.373034376295546
2459264 zr 3.785575607852265 21.934109851814902
2459264 zr 3.7751301135260342 15.005854881608037
2459264 zr 3.9675391755043377 16.4118704174951
2459264 zr 3.8808952842528037 22.96145542779332
2459264 zr 3.5863736078497324 19.62711762229786
2459264 zr 3.7096413565739015 16.997770888943812
2459264 zr 3.5436884239847775 21.401352147432657
2459264 zr 3.616225713003899 18.837293843782355
2459264 zr 3.7751301135260342 21.696764312374604
2459264 zr 3.71305963646352 16.79386901813227
2459264 zr 3.4448826642672987 17.847781026768736
2459264 zr 3.7543255117345695 17.556425120530854
2459264 zr 3.4227441278469986 18.259717479556667
2459264 zr 3.649686237553897 16.469848549831866
2459264 zr 3.7716546909335626 9.1177762515562
2459264 zr 3.7995479059136428 15.779869219971948
2459264 zr 3.7543255117345695 14.076901656236487
2459264 zr 3.7995479059136428 19.560129417344534
2459264 zr 3.8736575439332093 18.377249099041514
2459264 zr 4.095666725215283 14.590053242575074
2459264 zr 4.435199612502097 23.519873780271844
2459264 zr 4.019029774978516 18.790252970381292
2459264 zr 4.0711886178441175 18.517755435717742
2459264 zr 3.9676369360886135 17.515407299892733
2459264 zr 3.960237425480241 16.34347896731674
2459264 zr 3.553493536977838 21.078744997595955
2459264 zr 3.8736575439332093 17.589095219511233
2459264 zr 4.091896213407743 18.347887712811808
2459264 zr 4.148820160026919 15.772601203841209
2459264 zr 4.004250363500074 15.556973423786436
2459264 zr 3.9131024972380932 12.227753004438974
2459264 zr 4.069345925409201 11.43212453382146
2459264 zr 4.141184785462626 15.27452195235166
2459264 zr 3.877322493184874 16.68523225121261
2459264 zr 4.07684884594569 24.766231146235196
2459264 zr 4.334242143705831 19.39015500313006
2459264 zr 3.855954712986038 18.777765740628876
2459264 zr 4.133563462831763 21.288347710338943
2459264 zr 4.065599644793589 17.460564015233565
2459264 zr 4.397742179335402 23.28026190970251
2459264 zr 3.9785170508889074 15.068128729785332
2459264 zr 4.353411949030105 18.351137907604187
2459264 zr 3.909500055887316 24.35927344491253
2459264 zr 4.222062031405293 23.43305569474023
2459264 zr 4.125956166273555 19.532365110094016
2459264 zr 4.024617485941768 22.349058639728327
2459264 zr 3.9821830885239096 12.20105514487702
2459264 zr 3.9167082580884385 23.00357172558904
2459264 zr 4.129758062908026 17.43609675062957
2459264 zr 3.942041787321298 18.97045070753784
2459264 zr 4.011633263070705 12.815561620753137
2459264 zr 4.237645370703581 15.819750503099659
2459264 zr 4.176666173148486 14.537753798230623
2459264 zr 4.106999119663645 18.944566462013885
2459264 zr 4.141184785462626 21.6327567744262
2459264 zr 3.960237425480241 14.917543721903511
2459267 zr 5.504272505882575 5.023680247342806
2459269 zr 5.60045334499588 25.620206239555394
2459273 zr 13.181361709445495 35.03943508374891
2459278 zr 5.012741126881849 23.78203419946096
2459292 zr 3.5567679331600583 17.7211745038776
2459295 zr 4.451569627888682 15.542899178702651
2459297 zr 5.403808210471652 16.01269300194304
2459301 zr 13.50253418825868 3.7467878303067135
2459302 zr 12.631236435646764 0.6275401234145779
2459305 zr 7.082173076208302 7.928228336359929
2459307 zr 4.265054742503361 21.6720562028425
2459309 zr 4.156469612433115 13.887429543015424
2459311 zr 3.8170858222000525 5.860516418398037
2459317 zr 3.357178506932947 13.344042505673267
2459328 zr 6.7999176463492175 18.895438763506917
2459334 zr 5.388401647914733 20.43619212198242
2459336 zr 3.7543255117345695 5.171245074100154
2459339 zr 3.400747864718003 11.189209965796298
2459341 zr 3.19411722127909 15.5377319209676
2459343 zr 3.6019022668745193 14.871263503011855
2459345 zr 3.5144351173988557 12.909338444742572
2459349 zr 3.006227972968555 13.479182583726907
2459350 zr 3.7450319736648594 15.795324678953259
2459352 zr 4.635677028143085 13.797730535230066
2459352 zr 3.8311744222858732 11.305750249006639
2459353 zr 4.191067058630262 12.667776381484599
2459354 zr 5.519502404058583 15.164829810692229
2459356 zr 6.843899965460929 7.242170787043631
2459356 zr 6.932430519744809 23.221079065371036
2459361 zr 8.898114890620686 10.429898568343743
2459364 zr 3.8240294097162066 11.299895059048966
2459366 zr 3.3479150836972447 18.567606898158754
2459369 zr 3.5015112811442206 8.619078931909254
2459371 zr 3.159008906232237 8.940770593973058
2459373 zr 3.369569620888476 7.615870913008437
2459375 zr 3.629572952302066 10.118997228575044
2459377 zr 3.550222155237547 14.54410751473386
2459379 zr 3.602927556283537 9.026304912799253
2459383 zr 7.739016732728371 4.796231582555583
2459387 zr 10.594871378736702 21.830344630239768
2459393 zr 3.5079672476266834 11.297842338131769
2459400 zr 4.241550184284642 9.771792364691391
2459402 zr 4.675649390760314 5.366408464119456
2459404 zr 4.971251019963714 10.426756106733865
2459406 zr 5.3247586391274355 18.680240683903428
2459410 zr 6.300584580097887 17.72858643927614
2459415 zr 7.797617365954667 10.701503715909983
2459423 zr 6.109643487099405 13.757932714131604
2459426 zr 6.462044929838629 9.700689200925337
2459427 zr 4.878001590841997 10.564587543416192
2459637 zr 4.692906889668212 2.1136991631770816
2459641 zr 3.6699109806132753 4.584351273520556
2459675 zr 3.938412704170212 -6.159317137650341
2459679 zr 4.451569627888682 7.760302481522679
2459682 zr 7.015934495253367 -1.4798171930028121
2459684 zr 9.356324430888895 -10.608852266724085
2459688 zr 9.915286614381136 -1.9283147413495274
2459697 zr 4.697231207763368 10.564460724735149
2459699 zr 4.143060008168085 2.6576293512043856
2459699 zr 3.8275530934290214 -0.00024150435373115897
2459700 zr 4.206535997625167 2.2049868846068934
2459702 zr 3.9785170508889074 -0.32470450001508455
2459707 zr 4.81365850498741 2.67864939026672
2459709 zr 5.363644191200223 12.630851303784569
2459709 zr 6.444895335106043 -1.8691514748372593
2459710 zr 6.825015672644225 -0.45959054550292766
2459711 zr 9.028171219212272 -10.897391332486213
2459712 zr 9.765579254411707 0.4780835146307112
2459712 zr 9.905939900057664 -7.529914100086543
2459719 zr 3.9565915912424274 6.999021251718543
2459721 zr 3.5929860405814367 -1.2777917588137764
2459723 zr 4.3374028945735965 -0.8958992732670561
2459726 zr 4.015329815914932 5.10415352560538
2459730 zr 3.1970604671654503 1.6721173631232848
2459735 zr 3.517673522875415 5.512476266204944
2459737 zr 3.4448826642672987 -1.8262320654760473
2459743 zr 7.935273872177227 -12.679749773278907
2459747 zr 3.400747864718003 -0.4651983892616913
2459752 zr 4.7538112886763875 8.520243478017711
2459753 zr 3.6699109806132753 2.5725047931792493
2459755 zr 4.160299625936401 2.154119691251986
2459756 zr 3.747416154275648 -0.6698364855652197
2459759 zr 3.320277894799893 -0.045045255489082336
2459759 zr 3.400747864718003 1.396771006930672
2459760 zr 4.1032181751402685 2.2737364982181334
2459761 zr 3.5274066546403438 2.1388657765769783
2459765 zr 4.019029774978516 8.127237542916959
2459765 zr 4.47623800924393 -1.3036496911125575
2459772 zr 8.075161547084898 3.4307155584454385
2459772 zr 8.569482681441258 -12.486521577994349
2459774 zr 8.216479682224298 17.735821673504944
2459775 zr 4.366295965647887 -0.09575565226450822
2459775 zr 9.673859752376472 5.2902061236968265
2459776 zr 6.26282062712288 9.366168049887428
2459777 zr 4.382411662433799 0.8289963040296189
2459778 zr 4.610129984278607 4.354989102677838
2459778 zr 5.605613929322443 0.32911210783414857
2459779 zr 4.393693573839343 5.161141587549964
2459779 zr 4.480362675996704 2.207415866366859
2459785 zr 3.942041787321298 1.59989760191079
2459787 zr 4.916717739743019 4.0529606603230075
2459789 zr 5.811013806119632 1.4045283205105976
2459791 zr 7.497278658920664 -3.077370308039887
2459798 zr 8.863388523693873 -8.382885137940683
2459924 zr 9.167947233660922 -1.5814721187392664
2459924 zr 9.855756292017698 0.9414969439947941
2459924 zr 9.833435479486038 -14.88446246590006
2459924 zr 10.043966894310016 -1.8011308770717982
2459924 zr 15.26834328880021 -10.175246420892776
2459933 zr 5.951849037683991 13.387958287819092
2459933 zr 6.3870990769908 7.281430199942831
2459933 zr 6.318017812464474 -3.384919116141612
2459933 zr 6.056920972563624 -6.114364355634693
2459935 zr 5.840682825167392 -6.209162662747484
2459935 zr 5.712992090287939 -6.562869635842229
2459952 zr 8.300694736999734 18.826600699957094
2459970 zr 4.106999119663645 -5.274303113380857
2459977 zr 6.983990710023163 0.7815638097340434
2459996 zr 3.933006007371896 -4.649964943811176
2460045 zr 3.159008906232237 -5.893898531166379
2460049 zr 3.88437565607242 2.2026457530609855
2460059 zr 4.179502696505007 1.0878614991275242
2460061 zr 3.71305963646352 5.6619190954882015
2460063 zr 4.563658837129331 -1.4413011984582225
