jd filt fluxerr adjflux
2458203 zg 4.352402190786833 -2.7596134186017385
2458203 zg 4.124973677566934 -1.113819206451589
2458206 zg 6.264618289955924 4.612489445841868
2458206 zg 6.910666764729487 -3.9139440642505976
2458233 zg 4.984075369056457 -3.4566039221041813
2458236 zg 12.449351376745588 1.7171732722039652
2458236 zg 13.868206762735117 -25.15622356063742
2458236 zg 13.42937465433758 1.6267450074455259
2458267 zg 13.33975345016252 -2.3122263643767553
2458270 zg 5.979821183725986 -4.031854115089735
2458279 zg 2.420712240967411 -0.4767002722233244
2458282 zg 2.518094967291275 1.8626526399727423
2458288 zg 3.5280412044533342 1.9372677908281597
2458294 zg 8.001027755718308 -3.808164938925056
2458300 zg 2.6704090953913107 2.429358520868666
2458305 zg 3.414144537018197 -0.7531071195000796
2458308 zg 13.739017606872242 -22.166779972391087
2458332 zg 3.6103642462506467 -2.1224663341995167
2458336 zg 3.2692879920124254 -1.101303257473094
2458488 zg 3.451523555474244 -0.5761716966540518
2458493 zg 3.6173676810492386 2.4816310803064847
2458494 zg 2.84793401353291 1.7362699638506969
2458495 zg 2.603186435304873 1.8853458376684444
2458540 zg 3.8541536140350385 7.5006770949548205
2458540 zg 3.85116968301187 -5.235913076713156
2458544 zg 7.788517225072761 8.000504008987468
2458544 zg 6.689944210945272 0.9554217485102122
2458558 zg 4.084951906632505 1.444170946407031
2458568 zg 5.371990899063814 -6.276585886000102
2458568 zg 4.367403348343489 4.8361855097858095
2458573 zg 3.1767038666320073 -0.6984604764454414
2458574 zg 2.679723321703306 0.060830200484523145
2458581 zg 3.4881886847210346 -3.5934952847004262
2458581 zg 3.103129992926984 0.9464345802494875
2458582 zg 4.629157198359948 -6.834096965254643
2458585 zg 3.7290356186215976 3.7882341374675335
2458588 zg 8.348758749164611 -18.009963180122735
2458588 zg 6.516853624779506 8.785885666021358
2458597 zg 3.7170634022473754 -2.713301793360018
2458597 zg 3.480107457268962 0.1111810798615538
2458598 zg 2.6654945479063032 -2.069060459989078
2458606 zg 2.284924915013741 -0.8157847044090135
2458617 zg 6.718798850486816 -1.464078343139702
2458633 zg 2.7225557688681916 -1.4554310079161077
2458633 zg 2.74998245171129 -4.3660713719864805
2458634 zg 2.7376428167145535 -4.029972435814004
2458635 zg 2.30780859717322 -3.0352256811175726
2458636 zg 2.2698637379795534 -2.2390759797852073
2458639 zg 2.835728306811679 1.520986078569064
2458642 zg 2.978621264198537 2.60943009427599
2458645 zg 5.676566195717779 -5.657200279000177
2458649 zg 11.328150648597568 -18.567027460247623
2458652 zg 6.633457906764859 -9.48568567705935
2458661 zg 2.7145006872580844 1.194770770750824
2458665 zg 2.871375271900533 0.47882616317808885
2458668 zg 2.36413315294943 -0.3557474911667707
2458677 zg 6.491722070869943 -7.91279280324771
2458678 zg 7.759955628192241 -4.133110029488517
2458679 zg 10.582893598511117 -3.3078696151461826
2458680 zg 8.181444047584986 5.536184581515352
2458680 zg 8.372014360630802 -9.5156164855141
2458683 zg 4.83704772526195 -5.762749598354025
2458683 zg 3.3630525124804502 -0.8074298343674364
2458686 zg 4.470955838529155 -1.7429725239035165
2458690 zg 3.4552693115095896 0.10826945761447505
2458716 zg 3.8193279215205154 -3.9283446486804414
2458720 zg 4.550821029261311 -0.6926672770787387
2458726 zg 5.250773717342381 -4.553368146711461
2458853 zg 3.555665146164394 -3.7282076726031574
2458874 zg 2.6627471130990603 0.07333475631281226
2458882 zg 3.0763218062294175 -5.425758278414618
2458887 zg 7.9500187896720655 2.34249466003853
2458891 zg 7.992001006147679 -3.6195375519445023
2458896 zg 3.84142125976921 2.411974244483933
2458900 zg 2.753936617096342 -3.672218199769911
2458904 zg 2.549705119353246 -1.901874870598722
2458909 zg 4.201662663919598 -1.918810977909298
2458911 zg 3.3512809793869938 0.6451197135179818
2458913 zg 2.835154853360482 -1.6236922492443375
2458914 zg 2.6222379902639545 -5.302895034759857
2458914 zg 9.571596544493767 4.989695292202881
2458939 zg 18.68794137917885 26.965127451374496
2458939 zg 12.226207303788009 3.024652847540531
2458940 zg 4.635998868151175 9.281477843558466
2458941 zg 2.742690388704638 4.222180239438587
2458943 zg 5.741981112598328 1.5693658303721691
2458943 zg 5.179493581917663 -6.129151684941817
2458944 zg 7.807585146840095 -0.7099872364958022
2458955 zg 2.986441009061436 2.5309823823562567
2458963 zg 2.4575253646182613 -3.2199657235594956
2458963 zg 2.608987109113941 -2.3226665508836106
2458964 zg 2.9050326622916915 4.527795772440816
2458965 zg 2.3467775948910217 2.9154732219027784
2458966 zg 2.548382525574432 0.5130271366322986
2458969 zg 8.705492781827692 -4.933208151423484
2458972 zg 5.475298416353502 -4.32953855956536
2458980 zg 5.9026752529765485 -7.727718423025695
2458992 zg 2.39495859174459 3.950525389543617
2458995 zg 2.563727921339762 -0.10090957368828801
2458998 zg 2.421530569378568 0.6628590277851032
2459001 zg 5.96502051920944 3.3398792457206015
2459012 zg 2.5157767838443155 -1.1385544288770866
2459016 zg 2.5112831852627813 -0.09929552697978392
2459019 zg 2.3900103786201456 1.7443948343273545
2459022 zg 2.5614740234559243 4.245616200182312
2459025 zg 2.936607235288839 -2.196733524383515
2459028 zg 4.428138353197996 -5.883306467420852
2459033 zg 8.260657134016396 11.896752352059583
2459040 zg 2.4025481766561714 2.4334021915612185
2459043 zg 2.9159275665876985 3.176148780999095
2459218 zg 8.220602690899124 -0.840611626126829
2459229 zg 2.9244384035161506 -6.902179022767077
2459232 zg 2.85769112191887 -2.213928246632092
2459253 zg 2.8003691560657438 -2.3684440432138207
2459257 zg 2.696211399716214 -0.42069042204243956
2459269 zg 4.3449716570290295 0.352944591230886
2459279 zg 5.164415567219925 5.089184048939667
2459290 zg 2.680259133399934 2.1060055284202295
2459295 zg 6.05842754221812 2.0696371459029566
2459301 zg 12.687769784727804 -4.906829234757867
2459302 zg 13.889751609472977 -24.3862817044268
2459305 zg 8.461232465648008 19.929855362456117
2459307 zg 3.6408298250959636 3.4643245916733814
2459311 zg 2.787745858678412 0.7682611914368251
2459313 zg 4.2946293166904335 -4.633722881533753
2459317 zg 2.2863523812228865 -1.8525489967751063
2459320 zg 2.5320053467693344 -2.8935405868803032
2459322 zg 2.9951272994625406 -2.204914760798677
2459324 zg 3.2601263003668928 -2.768932539195983
2459334 zg 3.0899469244440487 2.924019089394129
2459339 zg 2.8047465238535705 -0.38379618754293054
2459343 zg 2.687385208787583 0.4128800058565124
2459345 zg 2.494467204653372 -1.7619794353121403
2459348 zg 2.3882068147966593 -3.572961807524153
2459349 zg 2.449427663713588 -1.2690028022671747
2459352 zg 4.2373196594698825 -2.6715789376110455
2459356 zg 6.536349954891982 1.631827627694859
2459356 zg 7.187705479435999 -12.192688046781802
2459363 zg 4.546631497842841 -2.383233420855839
2459363 zg 4.089704558594749 -2.6455037554471934
2459366 zg 2.676046270850461 0.6069933421869778
2459375 zg 3.4116399579692347 -5.797841143754508
2459377 zg 2.823279928223126 3.3059742147765374
2459383 zg 6.123598772236825 -0.8413446581129015
2459387 zg 13.18290161767756 4.257230561482028
2459391 zg 4.417703168027315 -1.893430833739695
2459393 zg 5.344256563122873 -13.916285023649506
2459397 zg 3.9130534606013927 2.848038547998404
2459400 zg 3.1736128108957455 -1.1155313632676112
2459402 zg 2.9339037652563364 -1.7394080112335377
2459408 zg 4.067658066937748 -2.315023987434826
2459410 zg 4.783472937246894 7.436370943540373
2459415 zg 11.789123909695363 -18.956966851560495
2459423 zg 3.5905442028914525 5.691130314657419
2459425 zg 3.8162289815489436 -1.2459827476109768
2459427 zg 6.022818410701725 3.1894475310887316
2459430 zg 3.7187129324345873 -3.336677287670342
2459435 zg 3.5154160534687926 7.689219280047752
2459600 zg 7.920468120943049 54.942542594049264
2459641 zg 2.733352787954535 49.588327285138334
2459675 zg 2.8031941575284534 42.95641836525678
2459679 zg 4.1003934795289325 39.70515773386765
2459682 zg 6.0234996623442525 38.80365321035363
2459695 zg 2.7105949097983033 38.890383692455764
2459697 zg 2.356705267849338 40.58964658529081
2459699 zg 3.430687933372521 37.775304940353635
2459699 zg 3.2659598515191166 37.65917060989066
2459700 zg 3.4495559417559574 36.31228572694157
2459711 zg 7.340972039259869 40.16119859253079
2459712 zg 8.647479344878485 40.961733419650635
2459712 zg 8.507155754824208 25.16887849569867
2459714 zg 15.411548114719569 26.858315000313098
2459717 zg 8.256067302127999 30.719872578220226
2459730 zg 2.984226371878829 35.829635764932824
2459731 zg 3.625767643224926 27.769904152471465
2459737 zg 4.431424161354176 35.1597175978999
2459743 zg 8.892358096592583 41.81977800041715
2459747 zg 3.9212974101306655 30.879138170470398
2459749 zg 3.157402310985191 26.937586165269423
2459749 zg 2.9599880377889094 28.408760648584266
2459751 zg 3.395964896215513 26.521690541550022
2459751 zg 3.0149624177646075 30.858998257242543
2459754 zg 2.9288263182805347 28.077107095899656
2459755 zg 3.4454224435562875 27.690336550288404
2459759 zg 3.16943036936019 28.64475181004959
2459759 zg 3.1512430649905827 25.535636991127888
2459760 zg 2.9572630431554483 30.81851157564559
2459761 zg 3.134728763928745 31.155840217432743
2459763 zg 2.9814790631922445 26.000741822521583
2459766 zg 4.000294228303129 24.5636725371886
2459770 zg 7.012493537920088 34.350651597509255
2459770 zg 8.172665671652666 0.7754663487797053
2459782 zg 3.559589925604472 18.494032068599154
2459785 zg 3.1367644182830507 19.013084519825473
2459787 zg 4.458579672161683 21.423123935213603
2459791 zg 6.655042761053836 19.871228360986493
2460043 zg 8.00057206739424 14.983766668067226
2460045 zg 4.22077222454192 4.700257826897114
2460051 zg 2.4247786812285197 9.562850600475624
2460055 zg 3.176537162822576 1.9708718256195232
2460061 zg 2.9699828436210893 3.095590370970863
2460063 zg 3.3067393916070555 2.578615581127863
2458217 zr 3.529275209573186 3.7141013967376755
2458218 zr 3.735521319199709 -0.006841107034926552
2458219 zr 6.004569873093663 -6.077315453788643
2458231 zr 4.628707746878391 0.7184591850138071
2458243 zr 4.616822377576934 -9.196533680429582
2458246 zr 4.056676577377756 -5.569773907972877
2458256 zr 3.7092450479926717 5.507798229754741
2458256 zr 3.231326527703648 -3.419136636454837
2458256 zr 3.2182210325025356 1.1667077408401296
2458262 zr 5.246438887893312 9.461931353908659
2458270 zr 6.619281359855635 4.818509635559063
2458273 zr 4.324652531070521 2.457144854877321
2458279 zr 3.448021564337599 2.630016146846044
2458282 zr 2.5661100461758415 -0.7868258170091055
2458288 zr 3.850897155804552 0.9939895648518977
2458305 zr 5.0603178712840196 -3.5473020162538376
2458336 zr 4.020818252346007 2.199433414191323
2458462 zr 6.995597100256394 -6.4090476409741335
2458466 zr 5.894069948539027 3.1625390345452957
2458466 zr 5.644309783490807 1.856109781849201
2458466 zr 6.7470747429272 -2.3258456580379585
2458466 zr 9.440259578574613 -6.281650823264046
2458468 zr 5.21648302574398 -2.5057183569176753
2458468 zr 5.511755649842696 3.1579939590661357
2458468 zr 4.496742396322261 -1.1819295043147646
2458469 zr 4.678407088545603 7.182205192718597
2458469 zr 5.098848463526729 -2.1542823388423162
2458469 zr 5.4111547716618436 -4.977392977111589
2458469 zr 6.547002072392647 0.5908099989207849
2458472 zr 6.449612888421636 2.1293375362969975
2458472 zr 10.142048532302445 -4.552687756679834
2458472 zr 5.082741338707652 3.80251514351735
2458472 zr 5.305242896999847 -7.241987706782595
2458477 zr 7.425325925400918 3.441449581341965
2458487 zr 4.502562610450881 -7.974964538936971
2458488 zr 4.264673481566131 1.7459913576699861
2458494 zr 3.988062173199759 8.20923413314436
2458504 zr 12.511969712472983 -8.830747287932056
2458509 zr 6.9555106548752486 3.4993392183988705
2458523 zr 3.497064584380688 -3.302373307924775
2458527 zr 6.622164563633937 4.402091972128772
2458560 zr 6.107252338554962 -5.718306136918864
2458561 zr 8.305795136982189 -3.4194313968869947
2458573 zr 4.2889523308179545 1.3003256010783755
2458573 zr 4.478609183716186 4.5925489779449995
2458583 zr 4.277596215649126 3.2827463750964023
2458584 zr 4.359731672129431 8.581530575461777
2458584 zr 4.095300606178489 6.921150133497605
2458585 zr 3.942453103322178 1.3651433347935236
2458586 zr 4.877281233106605 -0.8102829927084564
2458597 zr 4.557371611410764 2.3432961229675273
2458597 zr 4.478609183716186 -0.7604729009203315
2458598 zr 3.3132324579795775 -3.6543070358855863
2458601 zr 3.27770582768955 3.930145597156636
2458606 zr 3.245008724800214 0.19846573338402568
2458617 zr 5.383498773365185 -0.23028513778406506
2458628 zr 3.900777863212469 -0.44112549546209656
2458632 zr 3.712662962700459 -4.076862138005647
2458633 zr 3.355682368076101 -0.9557209497565277
2458633 zr 3.2928350303844507 -3.0710231304278888
2458634 zr 3.3126903758662234 -7.2412524642047815
2458635 zr 2.735898156836161 -0.9582671684157678
2458636 zr 3.200485535964743 -0.34896648498846344
2458639 zr 3.2509917606611647 -0.9693089101114372
2458642 zr 3.018922104095074 -0.16681111747948496
2458645 zr 5.660478945178264 -10.34394697039032
2458649 zr 12.682706491609808 -19.716389738540318
2458655 zr 3.7081895036877284 -2.134000171543336
2458658 zr 2.8438057424088425 -2.2664362842720047
2458661 zr 3.2617592844640098 -0.3517420097404893
2458668 zr 4.383891133282384 -4.540168482082341
2458677 zr 7.144157487518465 -9.022380828069624
2458678 zr 5.811599647647999 0.38428401477921054
2458679 zr 6.180816703643151 8.025817092418883
2458680 zr 6.7160747503854 8.35797748062353
2458681 zr 7.144842408079211 8.254740884076305
2458682 zr 5.548528211416625 1.2389410842986333
2458684 zr 5.010668701769836 1.5793979717189346
2458685 zr 4.521661102657625 2.370485227074192
2458686 zr 5.660478945178264 2.344035073528432
2458690 zr 4.284924423245046 -1.17900794722112
2458716 zr 5.836196724324928 4.947696532373122
2458828 zr 6.654501406969581 -0.7217123005265447
2458828 zr 6.229092629184383 5.503730264276629
2458828 zr 9.317339826718483 -11.696539973598965
2458828 zr 10.644790623144498 -9.401643339799618
2458874 zr 3.5620798691192106 -2.073853617492289
2458878 zr 3.3948130956431175 4.371975335659736
2458882 zr 3.204082227489559 0.03152200224590511
2458886 zr 4.103122117914347 -2.759101976147442
2458888 zr 5.230904420211609 -6.11783815717862
2458896 zr 4.633104597952976 5.84893557041153
2458899 zr 3.149059351197459 -2.1834571263093934
2458899 zr 3.4111722734266743 -2.386946832889058
2458900 zr 3.3335245126849995 0.6874298353595338
2458904 zr 3.1362875121829528 -2.7917271945350084
2458905 zr 3.720202120506167 1.4797954373727855
2458905 zr 3.452261245781226 1.4329739509901553
2458908 zr 4.237133084773115 0.15598026227131767
2458908 zr 3.6314956272607963 2.3925848999614767
2458912 zr 3.5530754485511653 6.36459632247856
2458916 zr 4.402486257412344 3.8400064565369045
2458916 zr 4.299029096699007 5.353204982284633
2458941 zr 4.523345495176056 9.945891689114726
2458944 zr 6.8492414836048185 -6.589869596855587
2458954 zr 4.865143883378108 3.2687959710272545
2458954 zr 5.02464371654314 3.2537109321813897
2458955 zr 3.9037840531982666 3.229288023061247
2458956 zr 4.65776741755829 4.639256710232464
2458962 zr 3.7789098890940744 -0.3360712883625058
2458964 zr 3.678778613065933 0.4004034430567688
2458965 zr 3.4927698804837397 -2.2204658222443867
2458966 zr 3.504325425805924 -3.2260225055039395
2458966 zr 3.314483556803083 8.799087545745731
2458967 zr 3.314133306131414 -1.2127838195362066
2458972 zr 4.283220027462061 -10.364305424293136
2458980 zr 4.451414221562664 1.6070358101915332
2458986 zr 2.8110179754570743 0.406630268085253
2458992 zr 3.112088274418864 -4.782423905135544
2458998 zr 3.035154799798575 2.5376014493642405
2459001 zr 5.959801071703368 -7.20845388735633
2459005 zr 9.139963015452736 -9.956210550297838
2459012 zr 2.7775611100408693 -0.3355041948183915
2459016 zr 5.243885246466236 3.419361911569388
2459019 zr 3.085892876971371 -2.4861602945672345
2459022 zr 3.1018148355630455 -1.1887634767501274
2459028 zr 4.37666359244197 5.290449265262817
2459033 zr 7.325451972783591 -1.1659535000566812
2459040 zr 3.327389585816198 0.7839161961268811
2459043 zr 3.4586264067365797 -4.5178522594441235
2459194 zr 6.8014258698404415 5.144628876990582
2459194 zr 6.607099416416428 1.4857015036464454
2459194 zr 7.072820789591999 5.757624103405645
2459194 zr 9.349418519876217 -0.14744215573901734
2459194 zr 13.429811938930339 -24.392412967146132
2459195 zr 6.69030419111447 -4.642928010571015
2459195 zr 6.377432409458601 3.9911544834289976
2459195 zr 8.146000612029992 -2.1275321161502636
2459200 zr 12.100624774360925 -11.238231737031091
2459200 zr 7.592496512269738 -4.2389407287349785
2459217 zr 8.456427849742749 -6.428037682597292
2459219 zr 7.281014835147448 6.992803597665699
2459228 zr 4.019484742964133 -1.3026573870496565
2459231 zr 3.6171116987910934 4.564117529127967
2459253 zr 3.0228449306713463 3.166129154131538
2459264 zr 3.347880696556067 -4.457001746225052
2459264 zr 3.61717877068011 -4.9454630142023275
2459264 zr 3.5971779306121063 5.0677501618676395
2459264 zr 3.4906286828599296 -0.018102971990012588
2459264 zr 3.3489113627234413 -1.3730689737219837
2459264 zr 3.509825505022718 6.429449391427796
2459264 zr 3.24267671510679 -1.3671220718077997
2459264 zr 3.485013218586792 3.398947102053168
2459264 zr 3.140884072682651 -1.3756588646660985
2459264 zr 3.3355693405409443 -0.5362433966826848
2459264 zr 3.349506662499382 -4.157237929241782
2459264 zr 3.315153582952005 -2.3447595686549754
2459264 zr 3.578372318384454 4.461241833966471
2459264 zr 3.3986281716221294 -2.0482742429848626
2459264 zr 3.6979575399300946 -4.425013194268609
2459264 zr 3.51629680098619 1.4310956923301201
2459264 zr 3.3121016193604853 -6.249303347106933
2459264 zr 3.6048361165140714 -1.5946636125413538
2459264 zr 3.692356730797096 -3.1136052094135054
2459264 zr 3.576056976612776 -3.411363269505915
2459264 zr 3.300508427260003 -3.3486912581267996
2459264 zr 3.4277128271984774 -7.4944255745474
2459264 zr 3.429019645607068 2.802157080250142
2459264 zr 3.5234372057955268 -1.4162011055343222
2459264 zr 3.4658074402240966 5.086850077907606
2459264 zr 3.728646568459769 0.5547265447069641
2459264 zr 3.5884231766877415 2.0300144256733934
2459264 zr 3.4848239751923837 8.038630817578095
2459264 zr 3.4489390977915315 -8.423728870709244
2459264 zr 3.465003303557524 -0.945784625805933
2459264 zr 3.402549325343372 4.569289692788776
2459264 zr 3.402252453744358 0.05586362731358413
2459264 zr 3.452261245781226 -6.294153190216464
2459264 zr 3.259642512655634 -1.150437194282027
2459264 zr 3.103501125783993 1.4301203709779553
2459264 zr 3.259987004525452 0.24292718089311738
2459264 zr 3.1781972386228032 -1.416976146549853
2459264 zr 3.1781972386228032 1.36671642805133
2459264 zr 3.205176185446758 0.4035553627397207
2459264 zr 3.2402673593826314 -0.9670571059844666
2459264 zr 3.4243712799290713 -1.5232367836635297
2459264 zr 3.3682508628445 0.19823236589731227
2459264 zr 3.368067959886449 1.7769571330724723
2459264 zr 3.3324985819985202 -1.4239770420397024
2459264 zr 3.4332359623237765 -1.6624199596312115
2459264 zr 3.287122346656931 2.7678561506345676
2459264 zr 3.120188601529732 2.134905765518638
2459264 zr 3.1781972386228032 -0.7558326489086697
2459264 zr 3.176990153538756 2.4589509337708186
2459264 zr 3.194257868608329 8.70938906225608
2459264 zr 3.1132634198480456 0.7791139185234449
2459264 zr 3.050814970442328 0.5711697863856923
2459264 zr 3.1103973183627187 1.9152674818957094
2459264 zr 3.1606823117260063 -5.650554297396715
2459264 zr 3.3263655432243437 -2.4252202816424133
2459264 zr 3.3110822818169683 3.74464091759637
2459264 zr 3.0904083518215755 3.6448065585982903
2459264 zr 3.176990153538756 -2.0668359911397367
2459264 zr 3.0564399585151807 -2.787778834509456
2459264 zr 3.181125814908695 -0.5252594995606027
2459264 zr 2.9529215364294696 -0.18019613931116255
2459264 zr 3.417461675943173 -1.029822564440788
2459264 zr 3.3913293876485286 -0.17809586329132351
2459264 zr 3.4745907008813934 5.626707840853047
2459264 zr 3.2149185407236365 -4.315677347790168
2459264 zr 3.8068904948531066 5.759946196627301
2459264 zr 3.716810201991474 1.5761160378929024
2459264 zr 3.6388699617694007 -0.2721382117734244
2459264 zr 3.710955834369219 -1.553198636015883
2459264 zr 3.713355562798351 -3.297009834486768
2459264 zr 3.665781169301781 0.45569048079120594
2459264 zr 3.665813654208984 -2.728491777388399
2459264 zr 3.5359299528591963 -0.465043000375375
2459264 zr 3.603810283983784 1.6689696888668162
2459264 zr 3.4554423606265265 -3.6700850395633586
2459264 zr 3.555375910780306 4.0251428208208555
2459264 zr 3.8261493674926474 3.507586205036624
2459264 zr 3.8431362850485744 -6.582638741154098
2459264 zr 3.51629680098619 1.6045764591923966
2459264 zr 3.576726938551761 -2.5401111896573885
2459264 zr 3.4626167831827 -1.549161174838846
2459264 zr 3.6088309273279315 4.567038003974173
2459264 zr 3.5932363599832002 -8.090139224804194
2459264 zr 3.4745907008813934 -1.3511241781924388
2459264 zr 3.452261245781226 -0.03339861108236297
2459264 zr 3.593866332581505 -2.0557271870044733
2459264 zr 3.164112433136072 -10.907310798926613
2459264 zr 3.585119638371301 -2.8206491980466124
2459264 zr 3.781686520554171 -1.598810558996643
2459264 zr 3.7229356152305306 6.704900603706476
2459264 zr 4.002683208649133 -5.925728223346483
2459264 zr 3.7789098890940744 -4.905488109901278
2459264 zr 3.628829270609863 1.7110521671467829
2459264 zr 3.6708101194467435 -1.7365730768592318
2459264 zr 3.973298738180362 0.6740566916417421
2459264 zr 3.770178567712386 0.8850462892843052
2459264 zr 3.947169584699666 2.9852623688125806
2459264 zr 3.676244854986818 -6.33080866816652
2459264 zr 3.7783627676253406 -2.6396978424566657
2459264 zr 4.023042359952203 6.992014577519343
2459264 zr 3.598873122523416 4.399615531351711
2459264 zr 3.656670142398185 5.415451487949133
2459264 zr 3.8883606188697653 3.4817425757555687
2459264 zr 3.7390555748503567 -2.0841275099119105
2459264 zr 3.7459495173594854 8.460934566983994
2459264 zr 3.625488534038654 2.4058334885810098
2459264 zr 4.095300606178489 -3.313516064053546
2459264 zr 3.850476194482979 -1.3247279981280309
2459264 zr 4.068738333335646 -3.4762959824831983
2459264 zr 4.21890539530843 -2.863501650892655
2459264 zr 3.785877313621768 1.895344994665687
2459264 zr 3.755655822955309 5.883348113736759
2459264 zr 3.9224906791846106 -0.1410689216981262
2459264 zr 4.330822501086766 1.1718914934896432
2459264 zr 3.716810201991474 1.571430658095111
2459264 zr 4.13194569834544 -0.31459335660538307
2459264 zr 3.740119905250401 1.5602185908410682
2459264 zr 4.017555826427979 -2.746528397531417
2459264 zr 3.634993620572831 0.8734038781278596
2459264 zr 3.865110551187031 1.969047400271262
2459264 zr 3.8085698079983086 0.5457244742535808
2459264 zr 3.799884398244371 -3.9856833362304114
2459264 zr 3.939905322310492 -0.6530822824380631
2459264 zr 3.6997002248433892 -2.4307028867506055
2459264 zr 3.976959967357697 -0.5273762072361579
2459264 zr 4.120694182342808 -1.586554951837182
2459264 zr 3.9424880400020563 1.2847620060055822
2459264 zr 4.0082481927621245 -0.6961776002135914
2459264 zr 4.03565881475768 2.449206003601722
2459264 zr 3.687107378877409 -1.6501628494974907
2459267 zr 5.1939251747740505 -2.312993143280939
2459269 zr 5.344477740264622 -0.4517418268872856
2459273 zr 12.203259881769313 -9.081289696330229
2459278 zr 4.60120871047793 1.5391533423158223
2459292 zr 3.4904829870713763 2.376166678177214
2459295 zr 4.216524279606594 -4.226127341436895
2459297 zr 5.021110590658879 -6.547908256008521
2459301 zr 11.707815237122562 4.534030982895251
2459302 zr 11.55597996647045 3.2281781868812676
2459305 zr 7.6228220459274265 -7.062873372286868
2459307 zr 3.95514054142009 -3.9897858998974702
2459309 zr 3.9656505577404 4.7895139548802375
2459311 zr 3.4554423606265265 2.5364727383735253
2459317 zr 3.087563290940792 2.055715096518546
2459328 zr 6.673459354317488 0.6180646201413396
2459334 zr 5.203476750437426 1.3723624113162152
2459336 zr 3.297649015277832 -0.6566846869078176
2459339 zr 2.9004382430049866 4.071687173027669
2459341 zr 3.1186739544745072 -1.3124427721651357
2459343 zr 3.346604800651065 3.1214402398814585
2459345 zr 3.091582540485946 1.7469001849975232
2459349 zr 2.444893580821075 3.618816537342634
2459350 zr 3.725305728749295 -6.7644172429045915
2459352 zr 3.931466735627207 0.40050013701459797
2459352 zr 3.5462270317338787 -4.0658092278012985
2459353 zr 3.576056976612776 -0.25759473188233634
2459354 zr 4.774171424042499 3.75214713765272
2459354 zr 5.012910559032086 2.815686369840736
2459356 zr 5.808212249348121 2.7120788374529536
2459356 zr 6.216614550393514 2.434835143719006
2459361 zr 8.146690455182982 -4.72320359327046
2459364 zr 3.5658784554121805 2.8719270074217516
2459366 zr 3.2149185407236365 1.0609311060020354
2459369 zr 3.4204679511351355 -2.660364767026675
2459371 zr 2.9138260576501334 4.11222575170529
2459373 zr 3.107533855439131 -0.5710120031445315
2459375 zr 3.612471501866574 -4.23094275381368
2459377 zr 3.378858255239641 2.664736918201055
2459379 zr 3.059256340542376 -0.6449980559213139
2459383 zr 7.516657970670191 0.19351950266317455
2459387 zr 11.053553788622596 0.49923753467389076
2459393 zr 3.1305155748674833 3.22314484892493
2459400 zr 3.8367360281659466 -2.254151416105858
2459402 zr 4.071649490390023 2.4122771477210434
2459404 zr 4.221963192018982 -3.318234121468705
2459406 zr 4.336618511610986 3.2639207319320174
2459410 zr 5.61168931050955 -5.903965031390072
2459415 zr 7.072293533716426 4.5126143835275085
2459423 zr 4.991885536277217 1.5957833029136248
2459426 zr 4.637825912275016 1.7713473242964244
2459427 zr 3.997333511888772 -3.5269358598838125
2459430 zr 6.003587457894018 1.9917630629965606
2459637 zr 4.7182157775951845 29.791197677691148
2459641 zr 3.5629065347183695 22.39795406113839
2459675 zr 3.608157822743323 14.751110019223905
2459679 zr 4.669516703549361 23.333816742591857
2459682 zr 6.70193125815185 18.747741553863516
2459684 zr 8.157059847105264 22.562463101214284
2459688 zr 8.505911399770456 26.17487969808299
2459699 zr 3.704775707291128 12.36005959423831
2459699 zr 3.7770368271427115 12.878534757044942
2459700 zr 4.08652919003211 21.05751936651295
2459702 zr 3.665813654208984 18.685562500809443
2459707 zr 4.37666359244197 15.050309498306824
2459709 zr 4.892212045142611 24.676276480174216
2459709 zr 6.746734476148345 15.215416222448567
2459710 zr 6.6002483568396 22.637824026353087
2459711 zr 7.296742497284072 9.930455446022997
2459712 zr 8.198148509984154 16.4124919415783
2459712 zr 7.856421745894518 17.554035194422582
2459719 zr 3.7195082434159454 15.647547998731374
2459719 zr 3.980624570205133 13.926458317185602
2459721 zr 3.1317050021156576 17.287695249028722
2459723 zr 4.088033468782038 21.776521984637792
2459726 zr 3.378858255239641 16.999422004671228
2459730 zr 3.220846097334551 15.432468881274595
2459735 zr 3.1206991830327615 17.036189742560328
2459737 zr 3.1799176175460615 14.786375344992278
2459743 zr 8.026836897947234 7.469989961738531
2459747 zr 3.018428174467432 16.508485393276366
2459749 zr 4.101761312352953 14.076367247754181
2459751 zr 3.8491650692637625 14.379280022738946
2459752 zr 3.7938991800114157 9.16818820699894
2459753 zr 3.414315526496574 20.095031626464653
2459755 zr 3.6391874799897024 15.58461936438196
2459756 zr 3.2152583059878053 13.840140825766854
2459759 zr 3.670166659291349 22.04175817470874
2459759 zr 3.1334002144876227 14.123385483512122
2459760 zr 3.012060028072195 11.17282568469364
2459761 zr 3.241678743879737 10.522747403031646
2459765 zr 3.548263541048166 8.868901294247017
2459765 zr 3.8103646196136287 12.122224919812693
2459772 zr 6.87379430008336 17.06142789430726
2459772 zr 7.645065576904821 18.51887213358562
2459774 zr 6.911161149869573 24.31928440228462
2459775 zr 3.9441299847842846 11.913836466262797
2459775 zr 7.324651190051964 10.182208245379286
2459776 zr 5.501146102328451 12.36229790844238
2459777 zr 3.7963525446230846 16.366295641264898
2459778 zr 3.802642743426792 11.155095198813937
2459778 zr 5.2299556849370274 10.90953884564903
2459779 zr 3.480851738348823 15.52892254578857
2459779 zr 3.6381912544252897 13.246843473370859
2459782 zr 6.314422665200608 3.8087873780485957
2459785 zr 3.072013951180971 17.00714294404869
2459787 zr 4.189579004771988 16.697142417937783
2459789 zr 4.7391233095877805 21.99666141838523
2459791 zr 5.802501823144334 6.954435049792229
2459798 zr 7.4871325397045005 20.229428708916267
2459924 zr 10.39206678157563 -1.9046050048052843
2459924 zr 11.03896679208385 33.06192218533298
2459924 zr 11.236620085207823 22.036181572874437
2459924 zr 12.449729577803373 9.227668614296952
2459924 zr 16.849562681768983 34.363433138609324
2459933 zr 6.391618449039004 10.171977594513901
2459933 zr 6.497955482110235 18.781846284321116
2459952 zr 7.957688736929712 12.206564970870406
2459970 zr 4.258905551595219 3.3154371715996263
2460016 zr 7.31462247264037 7.313926356206284
2460032 zr 3.9544472406868523 2.041639348434064
2460045 zr 3.3757476444887766 3.950120265886683
2460049 zr 2.8516743339153394 4.102415734778116
2460051 zr 3.3580373751927 -0.052613575490943365
2460055 zr 3.558800582715553 -2.671012454327916
2460057 zr 5.651971574146317 -0.6335490612660264
2460059 zr 3.703109344394463 -2.3430437237533592
2460061 zr 3.893694917562138 -3.4181001616835274
2460063 zr 4.218076410419167 -1.4217757639585846
