jd filt fluxerr adjflux
2458206 zg 6.690878983947863 4.494586121582074
2458206 zg 6.207183924247839 11.786606530520999
2458209 zg 12.683226987831933 -2.159453544641906
2458233 zg 6.532556505486603 -9.830117786120468
2458236 zg 11.5803376845422 -2.159453544641906
2458236 zg 10.23895253880314 -15.788062535774657
2458244 zg 6.8910146782583 22.60246688635266
2458247 zg 3.856558903228839 -2.7106443245861556
2458261 zg 5.993694652022781 -9.285487304225285
2458269 zg 10.728325079084025 -18.476329016900763
2458272 zg 5.5399000450700155 0.6041282116627826
2458275 zg 3.88508002602136 1.713129334869791
2458278 zg 3.877930031549011 0.6041282116627826
2458281 zg 3.821201758679746 -8.194720315131462
2458284 zg 3.856558903228839 -2.7106443245861556
2458287 zg 4.4564795291616495 3.937269566074974
2458290 zg 5.489109936168261 -4.910337796161571
2458296 zg 10.02707894061371 3.937269566074974
2458300 zg 4.431920036056012 0.6041282116627826
2458303 zg 3.342359646871237 3.937269566074974
2458306 zg 4.440091458310126 1.713129334869791
2458316 zg 6.740361277847562 8.971645953364145
2458331 zg 6.740361277847562 8.971645953364145
2458334 zg 3.874359970322419 0.05039325067502887
2458337 zg 3.842376955317783 -4.910337796161571
2458345 zg 4.411557213158933 -2.159453544641906
2458494 zg 5.022783262538278 5.052416221065755
2458568 zg 7.155587244885883 -3.261327672779089
2458573 zg 4.3953343377475855 -4.361173942064397
2458577 zg 6.827837475943287 16.886318897291062
2458581 zg 4.89040062606386 -10.917875034668555
2458584 zg 4.44418281752281 2.268396437855131
2458587 zg 10.222907567342359 15.74939345315056
2458598 zg 7.820417963495749 5.610760337732927
2458606 zg 3.9282576863523255 8.410207771738214
2458617 zg 5.013539470306855 3.937269566074974
2458636 zg 3.899419588016443 3.937269566074974
2458639 zg 3.877930031549011 0.6041282116627826
2458642 zg 3.867229704745874 -1.0555478187528706
2458646 zg 6.599076682708772 -3.8115040563674256
2458651 zg 15.158630268368146 -13.087387580360428
2458654 zg 7.083457316026924 -9.285487304225285
2458657 zg 4.472928087250619 6.169618945232628
2458665 zg 3.333137113142108 2.268396437855131
2458672 zg 4.367087724205424 -8.194720315131462
2458675 zg 7.122710307890898 -6.007149272548759
2458682 zg 6.127659352597267 3.937269566074974
2458685 zg 3.888659965332459 2.268396437855131
2458692 zg 4.411557213158933 -2.159453544641906
2458705 zg 8.987148370463416 8.971645953364145
2458708 zg 7.376413962845754 15.18171560929352
2458715 zg 4.967575064160812 -1.6077548653656777
2458718 zg 3.842376955317783 -4.910337796161571
2458723 zg 5.565471061841339 3.380466081773079
2458728 zg 5.438785473783808 -10.374246875740596
2458729 zg 8.645561171756402 24.903708219428154
2458734 zg 8.806876609090317 -3.261327672779089
2458761 zg 9.297171673088396 -7.101942207250431
2458893 zg 7.018515789003851 -14.709284772011983
2458901 zg 11.202661762090958 -21.685949862295956
2458913 zg 3.8141693240144976 -9.285487304225285
2458915 zg 6.802729072867189 14.614560375342649
2458944 zg 6.407419741697069 -21.152244035500644
2458954 zg 4.387245285267707 -5.458996084513501
2458963 zg 3.877930031549011 0.6041282116627831
2458963 zg 4.431920036056012 0.6041282116627831
2458972 zg 5.658507931083542 13.481815813133858
2458975 zg 10.877570947567616 -10.374246875740516
2458986 zg 3.8459175455291374 -4.361173942057992
2458995 zg 4.367087724205424 -8.194720314946348
2459016 zg 4.917500790209995 -7.648582666805306
2459019 zg 3.828247159506986 -7.101941666359935
2459022 zg 3.8247228368299964 -7.648581557233701
2459025 zg 3.8176839220693055 -8.74035179255398
2459028 zg 5.423778296885766 -12.00362296586682
2459033 zg 10.731378920433658 12.351185160648436
2459036 zg 6.611243834106581 -2.7105798215968293
2459039 zg 3.877930031549011 0.604267349011965
2459042 zg 3.892243203408435 2.8244686475967944
2459051 zg 5.468924513581409 -7.099536831111891
2459064 zg 11.182320218126547 6.204745461338891
2459233 zg 4.899417379114952 24.923523239622597
2459254 zg 4.367087724205424 24.114985592126644
2459275 zg 8.839382182276283 28.982084642267502
2459291 zg 3.853008516477014 25.153055177264363
2459301 zg 8.363598729934829 31.939290571488563
2459302 zg 13.518022676945083 38.00864204390467
2459307 zg 4.949307512031578 23.06735045377318
2459311 zg 4.387245285267707 21.049121523311477
2459313 zg 4.9905043488491625 27.48304457816615
2459319 zg 4.367087724205424 17.587193550165814
2459324 zg 4.949307512031578 21.52667018958185
2459334 zg 7.663549459400868 17.918677708237965
2459339 zg 3.8388396246092436 18.593259722093563
2459341 zg 3.8071498316486654 13.511558000202701
2459343 zg 4.343020866015566 12.259503126151067
2459345 zg 4.3470227787234315 12.638475723143259
2459361 zg 10.213496256247966 37.465068661534666
2459363 zg 6.5627094162976904 15.027201406854104
2459370 zg 4.355037670324402 11.76764856768153
2459386 zg 10.400531409186891 13.875813764343427
2459390 zg 9.417830076619028 20.752942760771777
2459392 zg 4.940198942551435 15.099039148406831
2459396 zg 4.44418281752281 22.00178638220013
2459399 zg 3.874359970322419 19.579293946971962
2459407 zg 4.419691091138142 17.9383484316261
2459409 zg 4.411557213158933 16.702997583365708
2459412 zg 5.555228521903513 20.935383509337832
2459419 zg 13.756665288580622 39.67376663338937
2459423 zg 4.922032062223267 10.865513802228264
2459427 zg 4.885898474267512 6.258630262261136
2459434 zg 4.4564795291616495 21.23140890502241
2459438 zg 4.958432875579936 14.344958969444725
2459440 zg 6.623433418881084 15.32981704465907
2459443 zg 12.659885125567332 13.500726936193516
2459447 zg 11.569676709686519 13.820213222032784
2459450 zg 12.0316339298791 9.25761265701988
2459454 zg 4.355037670324402 6.3037916477854665
2459457 zg 5.555228521903513 18.235116604355923
2459460 zg 4.4605859892985755 20.29584953636154
2459462 zg 4.940198942551435 10.781574752645032
2459677 zg 5.524613863922678 6.382568825410889
2459713 zg 9.76227079419926 29.166581785890102
2459741 zg 8.5900004779597 26.838069302564026
2459743 zg 13.7820293565166 28.51722741342006
2459747 zg 5.504297880681448 2.5718512528507773
2459764 zg 4.339022637508613 -6.50480589303286
2459769 zg 6.684719293742474 9.34145229479006
2459771 zg 7.56536637097958 -8.80236654906665
2459771 zg 9.254455049439354 -4.463334096061233
2459781 zg 4.976734108795627 4.680803161310656
2459783 zg 4.323066497702618 -9.021387905035787
2459790 zg 4.3953343377475855 0.662977470000051
2459794 zg 4.999705669713161 7.223250316032086
2459798 zg 8.348206592762008 8.266978238857385
2459808 zg 6.1786645046935975 13.691399419410258
2459810 zg 5.050617025310133 13.097298714849115
2459812 zg 6.532556505486603 -5.175463328629025
2459815 zg 4.355037670324402 -5.2236976559605415
2459823 zg 6.04358471440293 0.11905090000801977
2459826 zg 7.856515372704651 12.844005831001112
2459828 zg 10.649566372728069 -18.348773504876455
2459830 zg 10.978219872336522 -0.5376945959111374
2460016 zg 14.971513046547487 3.450624508123295
2460043 zg 10.797716598467463 -12.622166402058234
2460045 zg 6.0770752503149446 1.0171268833022187
2460067 zg 10.751165069058729 15.40205741208004
2458198 zr 4.831388188983789 15.589431470605405
2458198 zr 5.728661741076249 3.102725783040569
2458219 zr 9.77916849177414 28.22654466141671
2458219 zr 6.68343869792229 3.102725783040569
2458230 zr 5.728661741076249 3.102725783040569
2458244 zr 10.454291707276507 -1.6601835796077467
2458247 zr 5.697091299068405 -2.6101361983148763
2458257 zr 5.665694840593485 -8.291514809549199
2458257 zr 5.771027971971168 10.769150906666482
2458261 zr 6.646606515579806 -2.6101361983148763
2458272 zr 5.7816683955382935 12.694599756798198
2458278 zr 5.712854711997463 0.24234848962350952
2458281 zr 5.691846499759061 -3.5592142811226495
2458284 zr 5.851310968186428 25.296843509561086
2458290 zr 5.728661741076249 3.102725783040569
2458296 zr 10.320354469379732 -14.880229793228636
2458300 zr 6.652731086448687 -1.6601835796077467
2458303 zr 6.567498298696194 -14.880229793228636
2458316 zr 5.624101880558889 -15.818011904985724
2458331 zr 6.628266612262827 -5.454750058744594
2458337 zr 5.598261479645232 -20.493988374556125
2458362 zr 6.573549974640475 -13.94158355434729
2458487 zr 8.561393101098444 -0.7093556191571224
2458487 zr 9.35625239679028 -17.690986928473876
2458487 zr 11.44677575540359 2.148388382275016
2458488 zr 6.628266612262827 -5.454750058744594
2458488 zr 6.757716510479281 14.623598683521095
2458488 zr 7.5961217320912064 -2.6101361983148763
2458488 zr 8.522057072909348 -5.454750058744594
2458568 zr 11.563336791076587 12.694599756798198
2458573 zr 5.686606528864475 -4.507418633144198
2458584 zr 5.749805835827173 6.9288773143596245
2458591 zr 9.477677548107458 -4.507418633144198
2458597 zr 6.701931258151849 5.9710175201694256
2458606 zr 5.733940464095995 4.057942565945268
2458617 zr 6.701931258151849 5.9710175201694256
2458628 zr 5.7976658267805465 15.589431470605405
2458633 zr 4.760712259997886 0.24234848962350952
2458636 zr 5.6552678515685795 -10.178341391375284
2458639 zr 5.73922405123897 5.014039541299098
2458642 zr 4.822496634983967 13.658655051771575
2458646 zr 7.6734720563318914 7.887619736421584
2458651 zr 12.389257550580648 1.1949295540748608
2458654 zr 5.78699596198076 13.658655051771575
2458660 zr 4.751950776034776 -1.6601835796077467
2458665 zr 5.7181188694987615 1.1949295540748608
2458668 zr 5.707595400732297 -0.7093556191571224
2458675 zr 7.631183836935726 2.148388382275016
2458678 zr 7.5961217320912064 -2.6101361983148763
2458682 zr 6.720474985871572 8.847245599666621
2458685 zr 6.6649971639970405 0.24234848962350952
2458689 zr 6.622164563633936 -6.401209361541987
2458692 zr 6.652731086448687 -1.6601835796077467
2458698 zr 6.708106808465035 6.9288773143596245
2458708 zr 9.743206987841832 24.32207398173091
2458712 zr 7.582142038485967 -4.507418633144198
2458715 zr 5.676141054543374 -6.401209361541987
2458718 zr 6.634374283675221 -4.507418633144198
2458726 zr 7.631183836935726 2.148388382275016
2458737 zr 10.609492596964726 13.658655051771575
2458761 zr 8.53776974963859 -3.5592142811226495
2458764 zr 9.565373418731616 5.014039541299098
2458764 zr 8.608836076858454 5.014039541299098
2458764 zr 7.533415407125165 -11.120452108684958
2458764 zr 8.561393101098444 -0.7093556191571224
2458766 zr 12.412100438998538 3.102725783040569
2458766 zr 11.39418259813681 -2.6101361983148763
2458766 zr 11.531430211640464 9.80775571814911
2458766 zr 11.227502876148336 -17.690986928473876
2458768 zr 13.293213031159612 -2.6101361983148763
2458768 zr 13.232136265224222 -7.3467973444285235
2458768 zr 11.499611671654346 6.9288773143596245
2458768 zr 13.36687739584458 3.102725783040569
2458770 zr 13.867340774737855 -29.78158754339438
2458770 zr 13.602851739680885 21.403146389977564
2458770 zr 13.49055958958935 12.694599756798198
2458770 zr 13.1108233107582 -16.75493068513822
2458850 zr 9.416769258906456 -11.120452108684958
2458852 zr 18.74700626852963 -15.818011904985724
2458854 zr 6.591738481234519 -11.120452108684958
2458854 zr 6.68343869792229 3.102725783040569
2458854 zr 7.638215654768332 3.102725783040569
2458854 zr 9.521424519995772 0.24234848962350952
2458856 zr 6.646606515579806 -2.6101361983148763
2458856 zr 7.624158492665015 1.1949295540748608
2458856 zr 7.582142038485967 -4.507418633144198
2458856 zr 9.556567440159991 4.057942565945268
2458893 zr 6.567498298696194 -14.880229793228636
2458912 zr 5.650061555343874 -11.120452108684958
2458916 zr 6.658861300854346 -0.7093556191571224
2458944 zr 8.328071370756765 -28.85667228457646
2458966 zr 5.765715105820232 9.807755718149142
2458972 zr 5.707595400732297 -0.70935561915675
2458975 zr 8.704512201283677 16.55615423234562
2458978 zr 9.425446419280966 -10.17834139137136
2458986 zr 4.773884784230208 3.102725783119379
2458992 zr 5.660478945178264 -9.235362557632296
2458995 zr 4.743205416465884 -3.5592142792203987
2458998 zr 4.751950776034776 -1.6601835743521807
2459001 zr 5.702340931241731 -1.6601835654106467
2459012 zr 4.782686709365808 5.0140399890726846
2459019 zr 4.782686709365808 5.014042980648884
2459022 zr 4.704050043406358 -12.061687572453526
2459028 zr 6.622164563633936 -6.40116985238618
2459036 zr 7.540357135424773 -10.178049456006605
2459042 zr 4.778283720079996 4.059120517734742
2459045 zr 5.697091299068405 -2.607848543582043
2459048 zr 4.734476151616305 -5.450406138777639
2459051 zr 5.7181188694987615 1.2029945012256638
2459064 zr 11.681084752686413 23.43901253998935
2459126 zr 8.585081816552691 30.25547900020796
2459126 zr 7.610127200976395 27.39773499877582
2459126 zr 6.603892102707975 18.871728059627447
2459126 zr 7.6805428409960825 36.95433621759956
2459126 zr 7.582142038485967 23.599671984788746
2459128 zr 7.568188072724498 22.41741564297497
2459130 zr 6.763943464577304 44.8435942169518
2459130 zr 6.658861300854346 28.544807127189273
2459130 zr 6.628266612262827 23.7994126876018
2459130 zr 6.739070022657967 40.985594727126994
2459130 zr 7.794565590273465 53.576236728077305
2459218 zr 12.196782554721501 6.930690353912265
2459218 zr 13.36687739584458 24.91364593018147
2459219 zr 9.5741875116455 27.70633663343911
2459219 zr 11.425709423994926 21.977667602893195
2459219 zr 12.163128115827362 4.04433218479581
2459220 zr 10.51222418417599 25.717922693725182
2459222 zr 13.453335246913875 31.317840389992732
2459231 zr 7.723104583404893 35.47188762387212
2459233 zr 5.707595400732297 19.994655082812812
2459254 zr 5.681371381939566 13.793319413627199
2459256 zr 5.697091299068405 16.504729174494784
2459266 zr 5.7181188694987615 19.65747486167814
2459267 zr 8.42062715711125 0.7075634855745783
2459270 zr 5.755104042248918 26.09551331198693
2459271 zr 10.463924901342542 17.43542573694919
2459273 zr 11.300123110687748 6.898760329158609
2459275 zr 11.21716672455107 -0.7316689239043868
2459280 zr 7.5612207229852695 10.239727778216466
2459291 zr 5.702340931241731 15.267299966113558
2459291 zr 4.769489898084829 19.07587192799632
2459291 zr 5.728661741076249 20.030209328761874
2459291 zr 7.568188072724498 10.526274184179318
2459291 zr 7.715994615974347 30.58613859749288
2459291 zr 6.751495288977553 30.58613859749288
2459291 zr 6.732865967299696 27.696634452387787
2459291 zr 5.771027971971168 27.696634452387787
2459291 zr 5.587958593123943 -5.430874313781157
2459291 zr 5.681371381939566 11.472733486976711
2459291 zr 7.610127200976395 16.218127926564183
2459291 zr 6.634374283675221 12.420064912577107
2459291 zr 5.707595400732297 16.218127926564183
2459291 zr 4.760712259997886 17.169832035344815
2459291 zr 5.686606528864475 12.420064912577107
2459291 zr 5.686606528864475 12.420064912577107
2459291 zr 5.639663337387354 3.925411153643143
2459291 zr 7.471226725678978 -2.633031434500719
2459291 zr 5.733940464095995 20.985426111666573
2459291 zr 5.650061555343874 5.807031437036347
2459291 zr 5.712854711997463 17.169832035344815
2459291 zr 5.676141054543374 10.526274184179318
2459291 zr 5.702340931241731 15.267299966113558
2459291 zr 5.712854711997463 17.169832035344815
2459291 zr 7.589128666345414 13.368269264598656
2459291 zr 5.829793602720379 38.330629935698866
2459291 zr 5.639663337387354 3.925411153643143
2459291 zr 6.549376677753195 -0.763503382752571
2459291 zr 6.658861300854346 16.218127926564183
2459291 zr 7.485001917432223 -0.763503382752571
2459291 zr 5.733940464095995 20.985426111666573
2459291 zr 5.681371381939566 11.472733486976711
2459291 zr 7.505712341367078 2.0472537524926686
2459291 zr 5.813707521683192 35.41975650657422
2459291 zr 6.820244891489282 41.24955752745221
2459291 zr 5.686606528864475 12.420064912577107
2459291 zr 6.689597208111994 20.985426111666573
2459291 zr 6.695761393112131 21.941523087020403
2459291 zr 6.652731086448687 15.267299966113558
2459291 zr 6.6649971639970405 17.169832035344815
2459291 zr 6.591738481234519 5.807031437036347
2459291 zr 6.646606515579806 14.317347347406429
2459291 zr 7.659350009316399 22.89850106589073
2459291 zr 6.68343869792229 20.030209328761874
2459291 zr 5.650061555343874 5.807031437036347
2459291 zr 6.567498298696194 2.0472537524926686
2459291 zr 5.771027971971168 27.696634452387787
2459291 zr 6.714288049290405 24.81510328214289
2459291 zr 6.68343869792229 20.030209328761874
2459291 zr 6.708106808465035 23.85636086008093
2459291 zr 6.689597208111994 20.985426111666573
2459291 zr 6.701931258151849 22.89850106589073
2459291 zr 6.616068132612111 9.580686201292782
2459291 zr 6.708106808465035 23.85636086008093
2459291 zr 7.519551116516473 3.925411153643143
2459291 zr 7.638215654768332 20.030209328761874
2459300 zr 9.28756634098207 -8.741801055210338
2459302 zr 9.364873793398713 -0.46179163735057216
2459307 zr 5.697091299068405 13.402577146523658
2459309 zr 6.67728585731876 18.050287545685784
2459316 zr 5.593107664057469 -5.9065484559759
2459322 zr 7.471226725678978 -4.360450690290071
2459324 zr 6.6649971639970405 15.337222444497025
2459328 zr 8.482901777352868 4.70833072927336
2459334 zr 7.744473819081761 32.10350920310282
2459336 zr 5.707595400732297 13.769488334748875
2459339 zr 5.624101880558889 -1.4892064351460679
2459341 zr 5.728661741076249 17.332370366478056
2459343 zr 5.702340931241731 12.470986349187276
2459345 zr 5.691846499759061 10.474162475799918
2459349 zr 5.618924276039229 -2.9151146555125234
2459358 zr 10.406258599996184 7.012800293409681
2459361 zr 9.46895230323261 7.820255565202427
2459363 zr 6.591738481234519 2.062685332151114
2459365 zr 5.681371381939566 7.637154962407468
2459368 zr 5.681371381939566 7.501488773230518
2459370 zr 5.6034200442592335 -6.693938341632194
2459376 zr 4.769489898084829 14.749684276842698
2459378 zr 5.723387877701795 14.6624784261281
2459382 zr 6.689597208111994 16.399427226767365
2459384 zr 6.701931258151849 18.227094324693812
2459386 zr 8.592992611614372 15.273985786729199
2459390 zr 7.491899034718971 -4.75154744975991
2459392 zr 7.582142038485967 7.412896538818051
2459394 zr 7.526480069450173 -0.22387353769554608
2459401 zr 5.73922405123897 16.567605171397506
2459405 zr 5.639663337387354 -1.6078637439072043
2459407 zr 5.624101880558889 -4.502655596026303
2459409 zr 5.702340931241731 9.57686607888353
2459412 zr 6.658861300854346 10.411248976350835
2459425 zr 5.771027971971168 21.398944433691838
2459434 zr 4.751950776034776 8.642565582406746
2459438 zr 5.749805835827173 17.089521859965735
2459440 zr 7.416379007375458 -16.9139552210329
2459449 zr 7.638215654768332 12.882607946243184
2459450 zr 8.436152820838332 -6.072028779406871
2459452 zr 7.341620238893487 -27.47178471884906
2459465 zr 6.671138681081888 10.446301691148754
2459467 zr 6.714288049290405 17.07496879331063
2459470 zr 6.671138681081888 10.287073777658687
2459491 zr 7.547305260237685 -0.7825933732647457
2459491 zr 6.67728585731876 10.601157567315767
2459491 zr 6.689597208111994 12.510711750986019
2459491 zr 6.603892102707975 -0.7825933732647457
2459491 zr 6.5554116553791 -8.30216150009747
2459502 zr 17.45719383253496 27.597678695442234
2459504 zr 17.50549654360611 30.454930044094553
2459504 zr 13.280975166104474 4.520489515277049
2459504 zr 12.366456701586642 7.370348177242576
2459504 zr 11.362742763879131 2.6249537376551046
2459504 zr 11.436237738997523 9.27463335047456
2459505 zr 14.086178517086731 -5.8898856355657845
2459505 zr 11.57399192396152 21.71035297055308
2459505 zr 10.425445302918204 3.544279285637307
2459505 zr 10.272936747808593 -11.508817061440519
2459505 zr 9.556567440159991 12.109640484726773
2459641 zr 5.733940464095995 9.079101490654988
2459675 zr 5.723387877701795 6.610424600428206
2459677 zr 6.708106808465035 11.36003451280095
2459679 zr 5.7976658267805465 19.98992334411719
2459683 zr 6.763943464577304 19.929227873436496
2459694 zr 6.671138681081888 5.37209540624835
2459696 zr 5.7445125069872995 10.119275765953656
2459700 zr 5.771027971971168 14.860192710750523
2459709 zr 7.708891194051058 16.65977343694851
2459709 zr 6.770176156553972 20.52132791249471
2459713 zr 10.668285119882476 23.372153072522668
2459719 zr 6.671138681081888 5.024786437421069
2459719 zr 7.694703962628224 14.59900779001269
2459725 zr 5.733940464095995 7.808836154543343
2459732 zr 4.800339275622552 12.508070652692211
2459737 zr 5.691846499759061 0.03860330379888399
2459741 zr 8.760813564514809 26.896395143482422
2459747 zr 5.670915542238952 -3.871760043637848
2459752 zr 5.73922405123897 8.429267018151585
2459762 zr 4.765099057915634 4.493607875757043
2459766 zr 4.725762951865794 -4.093617307736677
2459773 zr 9.39078567805782 -10.766520679589647
2459775 zr 7.645253952127994 7.211032775241978
2459775 zr 8.553511396862596 1.4929066296889628
2459777 zr 4.7563295006102475 2.4219139840382624
2459779 zr 5.650061555343874 -8.010852104540978
2459783 zr 4.795920035207432 10.954329390735289
2459786 zr 4.760712259997886 3.277279055146031
2459798 zr 7.5612207229852695 -4.4357239429210455
2459806 zr 6.757716510479281 17.454921707041585
2459808 zr 5.723387877701795 4.960117553307654
2459810 zr 5.755104042248918 10.679890652018393
2459817 zr 5.681371381939566 -2.7295286998331405
2459828 zr 8.569282067996193 2.865444262649297
2459856 zr 8.53776974963859 -1.1791369225016854
2459856 zr 7.5751618425860885 -3.07467270012363
2459856 zr 7.624158492665015 3.575006912695825
2459856 zr 8.553511396862596 0.7198937790132174
2459856 zr 7.582142038485967 -2.127341274523234
2459857 zr 12.208021381475167 -11.569756022317378
2459857 zr 10.358446184797101 -8.748624576655047
2459857 zr 12.389257550580648 3.5667570861047713
2459857 zr 13.086694511976248 -16.25435389702885
2459859 zr 12.23053011285653 -9.706281943028124
2459859 zr 12.355072017690418 0.6952299867943803
2459859 zr 10.629054015764334 17.944845037007532
2459859 zr 10.454291707276507 0.6952299867943803
2459859 zr 11.47844810247794 7.369453107701226
2459860 zr 10.406258599996184 -4.05396013206893
2459860 zr 11.28972010417526 -9.714446279957194
2459860 zr 11.46788092819199 6.405191795418325
2459860 zr 11.258568512050617 -12.53298056375558
2459860 zr 10.521910760604777 7.3612887707721555
2459862 zr 11.57399192396152 15.98966040699487
2459862 zr 10.521910760604777 7.345044896522394
2459862 zr 12.389257550580648 3.5259349092981567
2459862 zr 11.279326674774708 -10.671067036854867
2459862 zr 11.595331653561093 17.920436825828702
2459937 zr 11.155349335503551 -22.422719564016724
2459937 zr 20.62170689538259 -14.021435258901228
2459937 zr 9.609525176367054 11.604332364233606
2459952 zr 12.55004494803295 16.328998632560776
2459952 zr 12.515415756364794 13.436831929820281
2459952 zr 10.444667381625408 -0.9047362492751945
2459952 zr 11.489025013974599 7.676417469209108
2459952 zr 13.134996597392387 -13.174829844188954
2460016 zr 8.664518600560243 13.09700950690909
2460021 zr 5.894584249577563 34.46947908900896
2460032 zr 6.7951644090647125 21.723742430076165
2460043 zr 7.723104583404893 15.866971170328801
2460045 zr 5.755104042248918 9.122387603801702
2460055 zr 5.728661741076249 4.295355563646091
2460061 zr 5.7181188694987615 2.3629699101248955
2460067 zr 10.619268802181727 15.767556595312296
