jd filt fluxerr adjflux
2458203 zg 4.515494031539557 2.890497337153696
2458206 zg 6.564242265086637 0.12796627510458075
2458206 zg 7.584536055483633 0.550422994578142
2458233 zg 5.444734806004187 -11.829172555142195
2458236 zg 13.98131537220935 -21.924585888242913
2458237 zg 14.097175173019144 12.598467003675426
2458244 zg 4.183167672174942 -6.927301993536903
2458247 zg 2.4786955304545475 -0.9703760346307841
2458262 zg 5.395296116572094 3.0391964372840765
2458267 zg 13.863573693393372 -4.91840927547968
2458270 zg 6.546735410606903 -2.6275124228029663
2458273 zg 2.6953997494361284 3.597544260102866
2458279 zg 2.746729354161912 2.0607299350078656
2458282 zg 2.800372916819236 5.299073507279021
2458295 zg 8.216250338986368 2.7587248590873426
2458298 zg 6.3443472834173065 -4.349649451904298
2458304 zg 2.8482679694494837 0.7158868722013633
2458332 zg 3.353908570709832 -4.437130111617766
2458336 zg 3.378000897494724 5.833964376197155
2458493 zg 3.6805645830012264 0.8507970364089782
2458527 zg 5.114590194046326 -2.2303656506337886
2458544 zg 4.676228115795573 -0.9403246948325351
2458584 zg 3.2545093648136545 -3.030520706744796
2458587 zg 8.876122814592215 1.2993342983923504
2458591 zg 13.744594278841399 -13.271112832341418
2458597 zg 5.797415474068814 0.6095044640686528
2458616 zg 4.77698569302832 -0.3775661938192683
2458633 zg 2.792350774073692 1.213332549697903
2458636 zg 2.1501822723958126 0.12578839889453816
2458642 zg 2.288020758105148 -2.7708135053760343
2458645 zg 5.575012744012743 -2.081248572499989
2458650 zg 13.942087530427541 -13.83344066085851
2458653 zg 7.646693154147707 4.885062793379548
2458657 zg 3.1023123773078685 -3.4361899916815553
2458660 zg 2.4720195853252687 -0.19685848961483063
2458665 zg 2.5434498776952505 0.42820794737553175
2458674 zg 5.958454792792948 -7.137804800968613
2458683 zg 3.8182095594202514 -4.221136088371662
2458690 zg 3.335507490422178 -2.619051715504753
2458716 zg 4.2903226677142765 1.907335431497627
2458720 zg 4.877281233106605 0.2804647946549618
2458723 zg 4.9304885654811885 0.5754501696302978
2458726 zg 5.31863232752576 6.595883716768293
2458853 zg 3.7588912454584573 4.349460821654676
2458874 zg 2.524777920929234 -0.05382819528520694
2458877 zg 2.646378181410231 4.765064293743498
2458893 zg 6.8043179829284925 6.404908294774529
2458896 zg 4.156647214040509 -5.528129031197441
2458914 zg 7.631735368293246 21.841345939447283
2458943 zg 5.213870950480986 5.704381304503162
2458963 zg 2.8299635770153033 1.8708696423362674
2458963 zg 2.7363394597319615 0.6236575655134611
2458969 zg 11.693049952188565 7.51649538934087
2458973 zg 8.60612786317378 7.509427299957497
2458978 zg 16.957036198862887 -12.271272535042248
2458986 zg 2.5599010804867333 -2.5982269782625584
2458992 zg 2.2587073250030487 4.021948166004479
2458995 zg 2.645231116502958 0.3509435675471441
2458998 zg 2.5563238317002908 0.4769970401914652
2459001 zg 6.5280669698568055 -4.243073431581825
2459012 zg 2.444686552813091 -0.9162074928138781
2459016 zg 2.34153108071776 -1.5940418643196745
2459019 zg 2.4361270094189194 -0.09610916605621811
2459022 zg 2.2714329780136038 1.855010805398115
2459025 zg 2.761658497019989 -1.9004240363379985
2459028 zg 4.29071750882224 5.596250121225117
2459032 zg 8.869925080823657 -3.0060631142846503
2459035 zg 8.450737546755336 -8.450649411074702
2459038 zg 5.152415068142175 4.9115887596658565
2459041 zg 2.8195567876866683 -2.1699808801899647
2459229 zg 2.8878913238539266 3.9830917241600816
2459232 zg 2.8259857870731584 4.378526044999454
2459249 zg 5.762105624265164 5.435921251492406
2459256 zg 2.0609416358681862 6.398422970973178
2459269 zg 5.1295811284672626 3.5056220655615746
2459279 zg 4.830075736033341 -1.3853729414469313
2459290 zg 2.5695194371652708 7.190271002854749
2459292 zg 2.8732272275964807 7.706569882971541
2459302 zg 12.583265490795325 1.9175330593608297
2459305 zg 7.268104811951417 0.13230352599194894
2459307 zg 3.731296498874759 2.604442065826822
2459309 zg 2.6792662215541014 9.04719563086512
2459313 zg 4.250628789044106 8.248668654816106
2459317 zg 2.243188103703414 6.422143580899174
2459320 zg 2.751502889926828 8.423768998783995
2459322 zg 2.8364163053944207 7.640306064581546
2459324 zg 3.198648632214842 7.429463301635728
2459328 zg 7.79802460343678 7.982862848284049
2459334 zg 3.301306033844742 7.210570216487413
2459336 zg 4.36292551378879 11.349546226270606
2459339 zg 2.562259922633922 10.605670757576231
2459341 zg 2.2042745838766433 11.603833519989422
2459343 zg 2.584734078429273 14.527514992499434
2459345 zg 2.8351813668588517 12.593787843011988
2459349 zg 2.1148290963712837 9.793199280978236
2459353 zg 3.1585356687206776 12.085525253587244
2459361 zg 8.513381604948151 4.733961012136463
2459363 zg 4.284456016176493 13.095396388248089
2459365 zg 2.393866497906289 13.438812836580494
2459367 zg 2.877427763712402 14.98646087276397
2459369 zg 2.6355036545742676 17.00962499016751
2459379 zg 3.5428650119309424 16.281256904617532
2459385 zg 8.489570254275643 11.239093949996452
2459392 zg 2.86560198155395 11.909132660196821
2459394 zg 2.9975744149599453 15.33873546914435
2459396 zg 2.677816701883552 16.797023887532575
2459399 zg 3.207499046673318 14.895690534266407
2459401 zg 3.3028247134820066 14.075539042616427
2459405 zg 3.687350681824421 18.513594956370174
2459407 zg 4.360569033367508 19.172783753285596
2459409 zg 4.183532684381602 13.256241785762278
2459411 zg 5.577310061516367 18.14085494682513
2459419 zg 13.93252928625221 37.366327616136644
2459423 zg 3.987542019712555 17.109622592834338
2459425 zg 5.488401375217008 17.398583276802313
2459430 zg 3.835833613985505 16.46208567175721
2459435 zg 3.4022826033496236 18.31456553275513
2459438 zg 5.480781371417354 11.278793404070962
2459443 zg 13.654315425414362 22.720022105684283
2459600 zg 7.650498886666132 41.41949767964917
2459675 zg 2.73410927913123 48.45841169377034
2459679 zg 5.171681417980343 48.57591182646178
2459683 zg 7.668810470976318 37.61222478290657
2459697 zg 3.632205272614362 50.432414453122696
2459700 zg 3.1848265545083323 47.94681941365334
2459702 zg 2.61006851154694 47.265314541576956
2459712 zg 8.47276005856921 51.25336924562875
2459722 zg 2.8404087770844626 57.296382576153164
2459722 zg 2.8143677528890887 45.972690479429374
2459724 zg 2.894476135917441 49.530435621439636
2459726 zg 2.4093501854592225 52.81662639189283
2459732 zg 2.748222603467591 51.245025314779966
2459734 zg 3.4953106935481015 54.19495077005706
2459736 zg 3.3171256325725507 54.214745364679956
2459738 zg 4.765208446606781 53.011807589216154
2459743 zg 15.739140612112433 74.83820542381767
2459747 zg 3.6936841909250764 48.87650012716982
2459749 zg 3.2831126589515645 50.89203227220845
2459751 zg 3.051431695724161 55.570340917912596
2459755 zg 3.165814949378613 54.93639792302558
2459761 zg 2.715513131461077 56.69341294624926
2459763 zg 3.154304772226335 60.9614469040268
2459768 zg 6.498108339335611 45.32699233105335
2459768 zg 7.368717652036841 53.46869895340238
2459771 zg 8.531961564450066 48.002284798383386
2459782 zg 3.840606272533641 53.68011067321158
2459791 zg 6.479112505113553 56.79347040884458
2459794 zg 5.638457063536188 64.5181375053715
2459806 zg 3.837938480091951 49.317697537112615
2459810 zg 6.615507899063751 47.36890222577864
2459970 zg 3.738894116302994 15.103917744719519
2459978 zg 3.884674237460835 11.329081799318168
2459993 zg 3.5996457312745984 13.13361333823096
2459996 zg 3.169323245286019 10.162024961630397
2460016 zg 8.711533561523236 15.976966783594332
2460032 zg 4.9510314920956064 4.484893600709927
2460043 zg 7.956775846265535 19.01473534759529
2460045 zg 4.007485256615049 6.371333949626942
2460049 zg 2.8642071840370105 8.693927192610458
2460055 zg 3.006793848091864 11.09589582766563
2460057 zg 3.7166751626751617 13.685488451760815
2460059 zg 3.0662278906971605 6.724100324546568
2460061 zg 3.079666245575477 12.944051516720087
2458198 zr 5.8324618566537465 2.68673732131067
2458198 zr 3.776204712622915 1.3978768923441407
2458217 zr 3.899918487451257 2.868641004304715
2458217 zr 4.721860698666849 -0.6483366254272324
2458247 zr 3.8988086829773336 2.662982983299923
2458256 zr 4.500178753971398 1.0920290786802933
2458262 zr 6.357167036125788 12.13591728351497
2458270 zr 6.138519259530369 6.285063566397274
2458273 zr 4.49080926286771 1.2777783017424102
2458279 zr 3.7209645278838637 -1.5630390963961216
2458282 zr 3.87018677546269 2.4467573595544483
2458288 zr 4.265054742503361 -1.4837971491110984
2458291 zr 7.328320078250847 4.006059836615703
2458295 zr 7.673023635333629 10.389789857635199
2458304 zr 4.674263280786141 -5.291861367334411
2458312 zr 4.562782476501905 9.051927486246445
2458336 zr 4.218175158812967 -1.3518357624403792
2458468 zr 5.285182158936448 -3.8210014354002837
2458468 zr 5.28768643436128 -2.3027409263259964
2458469 zr 5.33169985535995 1.4597557672382857
2458469 zr 5.0100485867221325 -9.837337056756429
2458469 zr 5.468899301853666 -4.553309906652588
2458469 zr 6.382353369948769 4.5220081607165845
2458472 zr 5.962428493615128 1.9574168244813233
2458472 zr 5.378484981658375 -3.8115467753481735
2458472 zr 6.0153876905918455 -3.8940720657699424
2458472 zr 8.572637165380081 -0.22937574491640683
2458473 zr 5.919703119234709 1.2545741384987832
2458473 zr 6.163847811932482 6.2800506367613265
2458473 zr 6.732569510452664 2.080961079782931
2458473 zr 9.733401055520446 -8.713816975259393
2458477 zr 9.408993452472997 -5.187416525914905
2458477 zr 8.332037565786088 10.950549335825906
2458477 zr 6.843899965460929 2.4017041616908834
2458477 zr 7.184060371620738 12.534687142646602
2458482 zr 7.222470649758609 5.265776369571387
2458483 zr 5.7786073236867015 -6.951728331723035
2458483 zr 7.643381301542316 -6.576594934847836
2458560 zr 5.478478483095615 0.09517406922418951
2458573 zr 4.571195178438265 -4.841851088568745
2458581 zr 7.154914192338154 -2.496714292852542
2458584 zr 4.788968027857342 3.562389291573865
2458587 zr 7.8358393865843485 -3.269649658743205
2458591 zr 9.983249688485989 0.45098297195701226
2458597 zr 4.959546170110767 7.051280737578325
2458602 zr 4.284741340720629 1.1397266594071498
2458606 zr 3.649686237553897 1.9211085958600966
2458616 zr 4.882496465989426 0.8146163316561708
2458619 zr 14.78866666945498 -7.317570607193382
2458628 zr 4.154523536180925 6.898386342704009
2458633 zr 3.891633422662148 -1.5108163876558267
2458636 zr 3.5863736078497324 5.801948755906111
2458639 zr 3.5089278146795997 -0.5802384447293658
2458642 zr 3.32009759687281 3.842648324705536
2458645 zr 6.229649646659732 0.2185417564661363
2458650 zr 9.23204704623233 3.8880506903257492
2458660 zr 3.2385518180324757 -3.24534953488904
2458668 zr 3.8524048824578014 3.808558342783671
2458674 zr 6.379929340546086 -2.2684924724066904
2458677 zr 8.232869270913874 0.04592041426298729
2458690 zr 4.730566703576665 2.5170492836998846
2458698 zr 5.699321858870464 0.9796984934907583
2458716 zr 6.241135661150944 -5.254416330454389
2458723 zr 8.659931219862964 -3.048436369084153
2458748 zr 11.71531419704641 -0.06237866939763644
2458882 zr 3.8287369530008806 -0.7729455564104993
2458886 zr 4.082453283254273 1.286960073497805
2458895 zr 4.385607540976271 2.1279385437031832
2458900 zr 3.7415842597214004 5.474770358626293
2458905 zr 3.9821830885239096 -0.25823615595033594
2458908 zr 4.007940113310055 0.09983771060466234
2458915 zr 3.400747864718003 -1.9534593786494185
2458966 zr 3.731260150205549 1.1118298888834524
2458973 zr 6.323839602539241 6.541759287761724
2458978 zr 7.696367299055868 -6.046268200806742
2458981 zr 4.305561182246386 -3.912627736926511
2458992 zr 3.280581642354868 -3.2702449129846327
2458995 zr 3.2775615060381327 0.6114490378691277
2458998 zr 3.2570311458892656 0.6019436328616727
2459005 zr 10.759145942426459 1.8344728279042593
2459012 zr 3.2355703747929625 -1.3957662521817733
2459019 zr 3.31093649055685 3.050430835947193
2459022 zr 3.1133067381297184 2.767862352585421
2459028 zr 5.042453913840298 10.783442568529395
2459035 zr 12.20365596671547 16.28389777249571
2459038 zr 3.448056980057286 4.605659454157767
2459044 zr 3.557741863031766 -6.9247836686469135
2459112 zr 9.960833684399681 -27.47307271929589
2459112 zr 7.429618876662738 3.2153548046687783
2459112 zr 7.524950596539472 16.3806382928725
2459112 zr 7.326619761374957 2.074692446514178
2459112 zr 7.2011926526947265 -5.351505421381898
2459205 zr 5.033173920283019 1.7986978961771267
2459205 zr 5.984435405301089 3.5696209198503372
2459205 zr 6.738773292638294 2.8507319175402284
2459207 zr 10.572502549365257 -3.454337732549831
2459207 zr 12.26438751831339 25.624961427531314
2459228 zr 4.063796244137226 0.8309076255944754
2459231 zr 4.0599550348929645 -3.238051814904659
2459248 zr 7.187312629717085 5.555022342997539
2459254 zr 3.6868505200401636 6.310428832729169
2459255 zr 3.612896579394054 6.780359392826927
2459262 zr 3.931261422013059 4.443622074753996
2459269 zr 5.679366910980634 9.608720076183715
2459271 zr 7.326619761374957 3.6993885036699474
2459273 zr 11.258839249356788 2.020323712862952
2459275 zr 9.254291311166492 6.6908911102288995
2459278 zr 5.167438027799778 -4.478792430464901
2459290 zr 3.271529571948231 0.033740484453175235
2459292 zr 3.6936482086586273 0.6248715274847467
2459295 zr 5.115236208285737 -1.0160668262651762
2459297 zr 5.629446460742024 12.865861059145672
2459300 zr 9.622145799847738 6.0385073069361335
2459302 zr 11.044700424023338 4.37227388068603
2459305 zr 8.290001429269847 1.7554510632236715
2459307 zr 4.292641399940957 4.159787308561475
2459309 zr 3.8524048824578014 1.9055277222568834
2459317 zr 3.259498986355475 5.368587783536836
2459324 zr 5.023911005370753 2.741598591160179
2459328 zr 6.996867552711219 8.554900424720124
2459334 zr 5.726640585386614 2.4356976804998616
2459336 zr 4.631409377442166 8.89292166136901
2459339 zr 3.4671643942120207 3.261537269685177
2459341 zr 3.317041081772558 -4.3830265556922345
2459343 zr 3.659784638334911 2.442877030905374
2459347 zr 3.2660431002674257 7.17592872224734
2459353 zr 4.037580773542449 9.66225342130711
2459356 zr 6.395167255657619 -2.9680674631601365
2459361 zr 9.35186026439013 -10.26768771707126
2459365 zr 5.294926796646328 9.215148862335823
2459369 zr 3.384939028445386 5.117448073957806
2459370 zr 3.3508180817001376 10.010956438592679
2459370 zr 3.6540495653523823 3.415485316724588
2459370 zr 3.61955791427159 4.850640922978524
2459370 zr 3.776204712622915 -2.889902843671491
2459370 zr 3.5153974555123866 5.01540586249885
2459370 zr 3.811145504631057 -1.4149883004058115
2459370 zr 3.65641540394214 8.011885488529686
2459370 zr 3.7175389706720243 11.377020340812736
2459370 zr 3.6228931860238767 6.014317688200057
2459370 zr 3.5413955240001362 14.681923732264975
2459370 zr 3.4735570330816246 2.8552929452747224
2459370 zr 3.5643015055337623 7.897241890531693
2459370 zr 3.6868505200401636 8.495089584797544
2459370 zr 3.534878037036836 5.849469419755179
2459370 zr 3.381822819673814 8.535558383564386
2459370 zr 3.576477769263177 12.424632372756054
2459370 zr 3.5251242895741863 4.582373939448329
2459370 zr 3.567585860808508 10.067533254065689
2459370 zr 3.6868505200401636 4.746208780822224
2459370 zr 3.5479250276824983 5.221769995397118
2459370 zr 3.496024230748915 6.2973487606070515
2459370 zr 3.366284755226332 6.33641636686753
2459370 zr 3.2355703747929625 -2.661996555755943
2459370 zr 3.690247799123855 5.088281983472539
2459370 zr 3.7820905690330915 8.06544724637358
2459370 zr 3.4290548661520326 6.840222374840774
2459370 zr 3.5381352798117525 7.273710278987597
2459370 zr 3.663156977336736 7.097179398909554
2459370 zr 3.534878037036836 9.443156875945071
2459370 zr 3.65641540394214 0.9193608482394513
2459370 zr 3.7278251147406913 2.785967446759791
2459370 zr 3.5708732424797516 7.669027026740989
2459370 zr 3.7028142346057002 9.917132092108062
2459370 zr 3.88805074595645 8.842037168369387
2459370 zr 3.7936348816246754 5.004981763818991
2459370 zr 3.612896579394054 5.5474837218674935
2459370 zr 3.7519369352532985 5.310382048976066
2459370 zr 3.7519369352532985 4.062608448257965
2459370 zr 3.7243932416038947 4.779172314182405
2459370 zr 3.714116567062478 10.36636273659268
2459370 zr 3.931261422013059 5.225294366525862
2459370 zr 3.7543255117345695 1.2703399054651694
2459370 zr 3.7450319736648594 3.891918719865543
2459370 zr 3.7028142346057002 -0.28393312739278453
2459370 zr 3.7727283007437595 3.3527428416337335
2459370 zr 3.7484828645330293 11.54698680416636
2459370 zr 3.7450319736648594 6.487719800516105
2459370 zr 3.6936482086586273 4.135535378065118
2459370 zr 3.7209645278838637 10.72476277870919
2459370 zr 3.6699109806132753 7.59765735320866
2459370 zr 3.76578507529787 9.364191735081695
2459370 zr 3.607234982439935 5.415284533702322
2459370 zr 3.7175389706720243 5.800598899519769
2459370 zr 3.848858319939095 6.860643936163066
2459370 zr 3.6699109806132753 4.997941684497693
2459370 zr 3.610558899124159 3.6709913975546122
2459370 zr 3.6439669892909103 5.421488402057708
2459370 zr 3.6980640945341943 3.246067543903055
2459370 zr 3.649686237553897 7.2285944194941205
2459370 zr 3.7175389706720243 9.045648237981919
2459370 zr 3.731260150205549 11.229866044131589
2459370 zr 3.7727283007437595 2.4380316257201486
2459370 zr 3.7519369352532985 3.041085672577233
2459370 zr 3.68345636852563 11.165960946933584
2459370 zr 3.8382382103684485 4.284264012226021
2459370 zr 3.9059971727915412 3.9738825143614687
2459370 zr 3.6228931860238767 8.97765437124507
2459370 zr 3.9457714363505576 12.115003900023456
2459370 zr 3.4448826642672987 1.8109287409610344
2459370 zr 3.295724119207143 6.261458269223836
2459370 zr 3.4225582657924534 7.704530369096856
2459370 zr 3.188760572869129 2.563526291180513
2459370 zr 3.492805755827523 10.449479767593703
2459370 zr 3.479961458479683 10.47168369127548
2459370 zr 3.369386646319147 2.8607522888146364
2459370 zr 3.5283725446773735 1.1396264601366255
2459370 zr 3.31093649055685 11.625219942915507
2459370 zr 3.2655087388640136 4.869928908129362
2459370 zr 3.332351847750853 12.236935246524183
2459370 zr 3.499245671360805 9.978908697437127
2459370 zr 3.5089278146795997 8.721413347934302
2459370 zr 3.244522948870045 9.90281173662071
2459370 zr 3.3446513282223513 7.146063934489433
2459370 zr 3.5381352798117525 1.5389306461411563
2459370 zr 3.2987609916148832 0.519398167879598
2459370 zr 3.3724913956753215 6.2029493250645675
2459370 zr 3.5153974555123866 7.890957840798115
2459370 zr 3.6228931860238767 10.299584620691467
2459370 zr 3.492805755827523 5.75851208562018
2459370 zr 3.6766774366895554 10.788928776453178
2459370 zr 3.466976120045532 5.748919628130889
2459370 zr 3.292690042574544 10.794309680936628
2459370 zr 3.3384959238681233 5.260172820029883
2459370 zr 3.3446513282223513 8.838282967772239
2459370 zr 3.384939028445386 5.59824106152409
2459370 zr 3.584053088942173 3.8439584296565728
2459370 zr 3.3724913956753215 8.540632393326984
2459370 zr 3.68345636852563 4.899275552613208
2459370 zr 3.3139873805307336 7.935250199322947
2459370 zr 3.521879024847181 1.6768279598450428
2459370 zr 3.295724119207143 11.261549712025706
2459370 zr 3.4320282209652326 6.682009499391746
2459370 zr 3.649686237553897 4.377071726170995
2459370 zr 3.5873556444777694 4.506215862115663
2459370 zr 3.7415842597214004 5.443564882971813
2459370 zr 3.7151335828306253 8.293556076266123
2459370 zr 3.7692550892841825 6.158661595571582
2459370 zr 3.731260150205549 4.7625906182327675
2459370 zr 3.5446587723676424 1.0273270657082127
2459370 zr 3.7831671494389605 0.8030089704522165
2459370 zr 3.5251242895741863 7.493097182588025
2459370 zr 3.4385427969177464 4.149659981850609
2459370 zr 3.659784638334911 12.27278006574775
2459370 zr 3.3508180817001376 2.082171517606347
2459370 zr 3.3787094797152397 11.090810276504882
2459370 zr 3.7831671494389605 4.254346381956585
2459370 zr 3.521879024847181 7.034974419801363
2459370 zr 3.4831680979164203 9.09481715282725
2459370 zr 3.660786776694878 8.373849193428676
2459370 zr 3.463972487945185 3.336937423506705
2459370 zr 3.597281581307411 8.814011669603731
2459370 zr 3.460783520179241 7.8425342570386976
2459370 zr 3.610558899124159 6.326246063901586
2459370 zr 3.5708732424797516 4.838372274849851
2459370 zr 3.4671643942120207 5.551001595781422
2459370 zr 3.8241236342046974 14.668987412885802
2459370 zr 3.663156977336736 9.060814284117253
2459370 zr 3.9071090234849217 0.6714460931351391
2459370 zr 3.534878037036836 9.231522946109614
2459370 zr 3.5610201738693634 -1.1264302026856106
2459370 zr 3.6936482086586273 7.771295024482301
2459370 zr 3.574163653336193 11.462667936048884
2459370 zr 3.394304894085236 4.6420434508965105
2459374 zr 4.418041234933665 3.57144748139138
2459377 zr 3.5479250276824983 13.237762768480284
2459379 zr 3.557741863031766 10.17785116579033
2459383 zr 6.845488255693997 4.498423971868031
2459385 zr 7.657793535606945 6.991988231849273
2459390 zr 8.067926262144477 -0.1768431587852488
2459392 zr 7.133218472295682 17.068145170569412
2459394 zr 7.902536964808268 -2.102672623778865
2459399 zr 3.9131024972380932 4.2812971943319695
2459401 zr 4.396677488264613 4.423052807543968
2459403 zr 3.88805074595645 2.1588439592800572
2459405 zr 4.2123187156448525 9.144871166490935
2459409 zr 4.605001382949683 9.388813613846802
2459411 zr 7.576799338024416 12.711059289986625
2459415 zr 7.172747215699465 19.840561288608335
2459425 zr 5.438259914498312 6.471460974623926
2459427 zr 5.715575425467995 -0.20044601904659132
2459430 zr 6.2838120055425355 17.10998235387813
2459438 zr 5.632483482873252 13.09198775537947
2459450 zr 11.997579003934337 4.213528940990113
2459477 zr 11.316963690753433 17.251917491511016
2459477 zr 12.157749176628105 -3.1004480417440146
2459477 zr 10.719580710531512 -0.3710194492797996
2459477 zr 11.20090668999176 12.913331400905383
2459477 zr 11.525040982469609 10.504334262518737
2459601 zr 6.8834225415684545 13.7129800826749
2459637 zr 5.412814996223209 18.64572614689345
2459641 zr 3.9421389196472205 17.347961105016577
2459675 zr 3.8570523189830705 19.71244694545528
2459677 zr 4.453737431355557 17.697298092491398
2459679 zr 4.019029774978516 25.46658801390552
2459688 zr 8.31545055776308 29.878766472282262
2459690 zr 4.973268852461491 25.8083988894147
2459702 zr 4.160299625936401 20.477928675310192
2459712 zr 9.050490253882442 24.007067661274565
2459717 zr 7.076270559623505 38.08433273985366
2459719 zr 3.8453150224213797 20.39845985433703
2459719 zr 4.863099670651242 26.920378984564806
2459724 zr 3.731260150205549 21.14893839273056
2459732 zr 3.6868505200401636 23.387243083140486
2459734 zr 4.691515663657867 19.17525662378855
2459738 zr 5.229681943160532 25.075721198443283
2459743 zr 8.374721711408501 29.70010610250057
2459747 zr 3.505697460589605 21.138420572784973
2459749 zr 6.555123012076265 11.651742380660293
2459751 zr 4.261128290390586 20.629339545473613
2459753 zr 4.10517735521185 22.246769909364033
2459759 zr 3.534878037036836 27.334572778450802
2459761 zr 3.4735570330816246 21.878205575382097
2459765 zr 4.223973877168123 34.790532337158126
2459773 zr 6.166853377052249 32.68577315484723
2459773 zr 8.43665683862367 24.448197580780043
2459775 zr 8.044254194966756 41.20763164802734
2459775 zr 4.7831408593036935 26.91101132131168
2459778 zr 4.467142072623614 22.060828919296455
2459784 zr 6.460288415934555 34.21529893436907
2459787 zr 4.681982272215819 27.275781571649883
2459789 zr 4.932214295438197 27.933384281703827
2459794 zr 4.994307482968491 24.106462521250688
2459798 zr 7.0372734954868 22.967180640186466
2459806 zr 6.071047387599988 26.046862867824178
2459808 zr 6.588944794400752 33.039952098404186
2459810 zr 6.023541506127456 21.542575602462936
2459842 zr 8.585594732097949 2.370455429786187
2459842 zr 8.141150543710218 25.16298855639512
2459842 zr 7.804802545347195 23.685731116977145
2459842 zr 7.616694486943505 13.14116117665628
2459843 zr 7.105096377074078 26.74457777944062
2459843 zr 7.564181138066183 13.969512875451791
2459843 zr 7.360437901643006 22.12859052460638
2459843 zr 7.455650229481383 19.34068642875797
2459843 zr 7.409764916713894 9.812342928498587
2459936 zr 5.351378791212762 2.3170520182135395
2459936 zr 5.7786073236867015 17.193909892080235
2459936 zr 5.824566697626576 5.519003317532983
2459936 zr 5.17219960655995 10.88899848673316
2459936 zr 5.794596285178855 8.85386206753021
2459938 zr 5.065728823595045 5.067757475948177
2459938 zr 5.57006111475687 3.92382636172369
2459938 zr 5.621600255691891 7.143514046092156
2459952 zr 9.000357507942796 5.774840150817135
2459970 zr 4.721860698666849 6.294512821177376
2459977 zr 6.656039166269193 12.55331904176521
2459986 zr 6.96899211738756 10.385441437801823
2460032 zr 4.328372307111278 6.358247242723359
2460045 zr 3.7450319736648594 3.3247278581450654
2460049 zr 3.762318255841194 0.524945211180877
2460051 zr 3.659784638334911 -4.5352949812657
2460053 zr 4.6776719924434556 3.503264820685401
2460055 zr 3.9024012726735977 5.387424040693283
2460059 zr 4.316429080226063 4.5570597654035145
2460061 zr 4.0599550348929645 2.1020998001605715
2460063 zr 4.045025126580692 7.532763834242714
2460067 zr 10.274904606939916 2.411621092693812
