jd filt fluxerr adjflux
2458206 zg 6.087933938660163 -7.904653481849465
2458206 zg 6.354946497822646 0.41454852771841644
2458230 zg 3.703080834251875 0.11748199181320018
2458233 zg 5.675771562514576 2.0269293579101415
2458236 zg 11.24400484350525 -18.104529419894902
2458236 zg 10.525658110310996 -14.619055830740038
2458244 zg 4.15884909332926 -6.454551349751341
2458247 zg 2.7936808100333423 -0.27606164832036484
2458269 zg 10.770857371052251 -4.147024411499501
2458272 zg 5.504628376908844 7.495348517477794
2458275 zg 2.553263805185384 -2.1536046129057596
2458278 zg 2.933120616446539 1.416710836199698
2458281 zg 3.10486326031442 0.018824064772630322
2458284 zg 2.9613764503478572 -1.6308516879329318
2458287 zg 3.1075296821846647 -1.5830655486846155
2458290 zg 5.010740698273775 0.9133221342792197
2458296 zg 9.048945381272775 -5.092233727189509
2458300 zg 3.5283912112775377 3.68753927096477
2458303 zg 2.7156394250456577 4.322995125798421
2458306 zg 3.3758001771927892 1.2147988198111506
2458316 zg 5.980992042460846 -3.9192671055667603
2458331 zg 7.218039654988581 -0.17794742144998565
2458334 zg 3.4829803129506702 1.3156618441117516
2458337 zg 3.1833317651766815 0.5139360779600395
2458345 zg 3.7016600479604795 -1.9641251408985951
2458494 zg 3.489608705291602 3.0590680640964294
2458560 zg 4.883170956894359 -0.4717487341934046
2458577 zg 4.073137022511322 2.4890396931689054
2458581 zg 3.763456909215856 -3.044160279567919
2458584 zg 3.3395034996658444 3.163331488815629
2458587 zg 10.03812251108253 -13.71363281153203
2458591 zg 17.18131134959315 1.2147988198111506
2458598 zg 8.630935080235878 -13.27156857090111
2458606 zg 2.784231050782639 4.643366520541349
2458617 zg 5.3361116472179475 -1.295422600131566
2458636 zg 2.6600509552664815 -1.9166460992461225
2458639 zg 2.9532192373339603 5.8879897014163305
2458642 zg 2.6581396800973027 0.9634526236617589
2458646 zg 5.81153995548363 6.603223247208881
2458651 zg 13.266184830144411 12.27965500958819
2458654 zg 6.056290899662869 -4.418952288420783
2458657 zg 3.139654815951949 -0.22702712651925339
2458660 zg 7.106077908329326 1.6193680958924688
2458665 zg 2.621138418111634 -2.6710880708177953
2458672 zg 3.5528757628030254 -7.01437066086438
2458682 zg 5.165248592213648 -0.07965229493117931
2458685 zg 2.749729392376602 -0.17794742144998565
2458692 zg 3.5159482837767952 7.103425544247948
2458708 zg 7.050911785951495 5.397820881673169
2458715 zg 4.158071333667206 -2.7646139901776934
2458718 zg 3.6644672244137566 5.019377668563905
2458723 zg 4.461606128250976 -7.355557993307286
2458728 zg 4.9599084825577835 2.0269293579101415
2458729 zg 9.620800535314864 8.686393031973765
2458734 zg 9.096407993822654 14.622306537222407
2458761 zg 10.62600395677106 -20.52714030265951
2458893 zg 5.972052461122638 -1.1991878360444446
2458901 zg 8.255683190411823 -4.5092614865266185
2458913 zg 2.8057080511628376 -5.136789291066478
2458915 zg 5.671898192325746 3.007008330150832
2458944 zg 5.289319110692468 -3.55266673605653
2458963 zg 2.958324869494037 -4.824036840610596
2458963 zg 3.320098891589825 -1.2473273769597597
2458972 zg 5.3744883216942645 5.452083649734384
2458975 zg 10.790831310048713 -0.715345948215564
2458978 zg 19.575439797318687 -3.598639640725132
2458986 zg 2.6660274606999046 -0.8609667177700402
2458995 zg 2.8913030772677715 -2.857967787006693
2459016 zg 3.8300141650794286 -5.136789291066478
2459019 zg 2.555433703788544 -3.044160279567919
2459025 zg 2.942753877243245 0.6633610976782052
2459028 zg 4.576615618634321 1.7209770511572984
2459033 zg 9.359872464392499 16.595085256981797
2459036 zg 6.102267310063952 9.609444338460406
2459039 zg 2.553263805185384 -2.1536046129057596
2459042 zg 2.771227021436187 5.506396418674505
2459051 zg 4.616083575108392 -1.8215567257539504
2459064 zg 11.339236821123267 -10.593170126182017
2459233 zg 3.33822435410237 -5.800220768817109
2459254 zg 3.066857650154361 0.21659423192289287
2459291 zg 2.768068190414942 -0.2971749609992081
2459302 zg 12.005210826455263 4.183188731239865
2459307 zg 4.4293206746005 -0.8662953690836375
2459309 zg 3.3756722817102918 3.199408887549197
2459311 zg 2.6380921155440316 3.9418926413033804
2459313 zg 4.294274046997686 4.902798760390101
2459316 zg 2.347792768595612 12.221228878707963
2459319 zg 3.1799133470839984 13.0635310552194
2459324 zg 3.5305784374279554 24.51138247695538
2459339 zg 2.915369583698174 42.17764052751418
2459341 zg 2.5146174980248146 48.72452347148996
2459343 zg 3.099430503700817 49.39290581888785
2459345 zg 2.8529223804007233 54.44040509356967
2459347 zg 2.778894793210562 60.161491656205534
2459349 zg 2.536166715183486 54.33608900198409
2459352 zg 2.591225880078482 57.54230138826119
2459361 zg 9.881051381742163 57.96553091924154
2459363 zg 5.527815889448985 46.86579309498256
2459368 zg 2.7535672569816403 56.23939921309885
2459370 zg 2.903554100916974 54.886973905660106
2459376 zg 2.9891928899743223 54.52876715292949
2459378 zg 3.191928682579266 56.94719253433796
2459386 zg 9.82550781354831 51.48213860735909
2459390 zg 8.139967103919501 54.619172179849194
2459392 zg 4.018008412051012 61.06586467889469
2459396 zg 3.9659845651106345 58.685493348256315
2459399 zg 3.032005065339368 52.56861424868097
2459405 zg 3.3791762304503092 48.840683344820825
2459407 zg 3.7942768863236793 46.728736896413054
2459409 zg 3.3576217072156838 54.041921651195814
2459412 zg 5.474433109828594 51.53651964228185
2459419 zg 13.701987455339452 48.72395998275158
2459423 zg 4.417584622138978 43.78942237979269
2459427 zg 4.723035191791929 50.585042839217614
2459434 zg 3.847060535681098 43.52921388835104
2459438 zg 4.273508785202015 42.82976132460062
2459440 zg 7.222115357245501 44.282971608630994
2459443 zg 13.607862547391228 53.104786138546245
2459447 zg 11.7369420396932 60.07450653266921
2459450 zg 14.558408754134106 56.9110012687378
2459454 zg 4.11827668532034 46.79159360063852
2459457 zg 5.504162257542156 44.48241540938937
2459460 zg 4.310655550335436 38.61190665076323
2459462 zg 4.490938663056318 36.177234009093404
2459601 zg 7.659791415556153 23.914613694640455
2459675 zg 3.239529230168338 22.108284703903678
2459677 zg 4.442064675521786 18.880310786645396
2459694 zg 3.7773972004421883 19.21314180047506
2459696 zg 3.31385612186753 14.449064808680024
2459698 zg 3.6626883657615252 22.516495448964463
2459713 zg 9.606162904479392 11.380536444331373
2459717 zg 9.764555804588579 3.2819850404606683
2459723 zg 3.329356321664759 15.163264231135908
2459732 zg 3.0011655731585494 21.940992974148315
2459735 zg 2.7244692021055075 9.811138974699574
2459741 zg 8.584184695781637 21.888619921582784
2459743 zg 14.074796015122304 23.09335587418219
2459747 zg 4.2203108302792725 13.869708475229586
2459750 zg 3.3685722332024 18.21693895168263
2459752 zg 3.165501170123316 17.25356762749635
2459755 zg 3.0958273425594465 12.715057141365083
2459762 zg 2.9736507217979002 19.85044237476292
2459764 zg 3.4943241710042856 12.68373015136152
2459766 zg 3.5925264056658146 17.722109918058294
2459769 zg 5.900680511748643 24.663895137946696
2459771 zg 7.812197688010555 26.505741731607614
2459771 zg 10.440415586711296 10.200224648042138
2459781 zg 3.6725117361834405 14.449313303198576
2459783 zg 3.479634664413949 12.244925956245403
2459790 zg 4.279021202167976 12.491678122136598
2459794 zg 4.232170857441708 21.957575634033848
2459798 zg 8.04519435682343 5.3074752892089005
2459806 zg 3.8017591607025887 7.06961849160124
2459808 zg 6.812019149403023 16.108702985788604
2459810 zg 4.3225939211282425 12.139273739201764
2459812 zg 5.837747160205494 8.66364239870386
2459815 zg 4.043863909781726 16.07100223599319
2459823 zg 5.7069856466299145 13.804248921216908
2459826 zg 9.284156150957688 -2.04974192065775
2459828 zg 12.190731468836905 16.79586362027048
2459830 zg 11.145625625053823 -3.3666800907561534
2459969 zg 4.338537156827749 6.43851916333135
2459994 zg 4.025319713528581 4.8745469181067405
2460016 zg 11.500528176711384 6.91089906669732
2460043 zg 9.308893020318408 12.080121097326762
2460045 zg 4.9099114894738864 7.8915942092228155
2460049 zg 3.242219984634147 8.72975196223048
2460051 zg 2.77430331351923 3.8673190225504266
2460057 zg 3.3803618548285397 1.631289982755817
2460059 zg 3.1570532189418863 6.2148707437078246
2460061 zg 3.350545509589153 0.4838802387689052
2460067 zg 10.054823095923108 13.152818623997074
2458198 zr 4.110568870065168 -0.7355252675886845
2458198 zr 4.148603495530251 3.3940317225968784
2458230 zr 4.937227905537034 -0.3242790237599138
2458244 zr 8.545180163747151 -5.234323040912614
2458247 zr 4.148603495530251 3.3940317225968784
2458257 zr 4.492567531797349 -3.60366774271273
2458257 zr 4.865003700983446 -6.858981835733857
2458272 zr 4.937227905537034 -0.3242790237599138
2458278 zr 4.83373875755408 -9.687771920815294
2458281 zr 3.6655946533280983 -4.8272222517198315
2458284 zr 5.428068020135279 6.3074357827761105
2458290 zr 5.393184544189326 3.3940317225968784
2458296 zr 9.009996240429595 -2.376727752597162
2458300 zr 6.723910307349257 9.239683933980132
2458303 zr 5.438076105898485 7.143292786886718
2458316 zr 4.601449012683333 7.143292786886718
2458331 zr 5.353592134870243 0.08734616634063741
2458337 zr 4.928141567032583 -1.1463929140074356
2458362 zr 6.595107996161289 0.49935065189879424
2458487 zr 6.5226175040294665 -4.4197463361170435
2458487 zr 7.446881344708923 2.1511685436190646
2458487 zr 9.333182648307815 -6.453378101902672
2458488 zr 4.94177735526484 0.08734616634063741
2458488 zr 5.393184544189326 3.3940317225968784
2458488 zr 6.131873516624348 -3.195064372628565
2458488 zr 7.867840187447732 2.565074755474541
2458558 zr 9.865365288156404 -0.7355252675886845
2458568 zr 9.71023554656941 11.345751582949276
2458573 zr 4.133347595088025 1.7376433779658669
2458584 zr 4.9236046705479914 -1.5568823115540908
2458591 zr 9.194425745272556 6.7251718216581935
2458597 zr 5.786686633123235 1.7376433779658669
2458606 zr 4.080392390120094 -4.011894948441125
2458617 zr 5.448102644227195 7.9806909154925165
2458628 zr 4.571877803303671 4.2245170921610224
2458633 zr 4.084152301633954 -3.60366774271273
2458636 zr 4.1030038921233265 -1.5568823115540908
2458639 zr 4.148603495530251 3.3940317225968784
2458642 zr 3.7165881545048576 1.324498907722841
2458646 zr 6.504619722136235 -5.6410490490433745
2458651 zr 11.315290107241097 7.9806909154925165
2458654 zr 4.091682521659416 -2.786084491568886
2458660 zr 4.133347595088025 1.7376433779658669
2458665 zr 4.140968519709333 2.565074755474541
2458668 zr 4.152426260734658 3.809083181068331
2458675 zr 7.098242795561519 6.3074357827761105
2458678 zr 7.405841858305551 -0.3242790237599138
2458682 zr 5.488394004582709 11.345751582949276
2458685 zr 5.418078352977983 5.47311706691778
2458692 zr 4.900982761960744 -3.60366774271273
2458698 zr 5.781359351452002 1.324498907722841
2458712 zr 7.91143983844952 5.0565336821829305
2458715 zr 4.950888834968264 0.9117347824178523
2458718 zr 7.203620914705416 13.037602791237646
2458726 zr 6.540665084399305 -3.195064372628565
2458737 zr 11.263301071651911 5.8900843158762655
2458761 zr 9.408591433183153 17.294600966270252
2458764 zr 8.968599068040517 -4.4197463361170435
2458764 zr 8.656079244961692 0.49935065189879424
2458764 zr 9.00577772294943 18.579364856665507
2458764 zr 11.25293196387735 5.47311706691778
2458766 zr 14.91317016282982 15.587095251493736
2458768 zr 16.00171517928097 -1.5568823115540908
2458768 zr 13.129612454794644 -1.5568823115540908
2458770 zr 16.45454151226614 -11.296053789566542
2458770 zr 15.606433027802785 10.923761792062294
2458770 zr 15.991374189795565 -23.56135942047348
2458850 zr 10.304856244002014 0.49935065189879424
2458852 zr 9.480467744481853 0.49935065189879424
2458852 zr 14.702149885512732 22.455024955492718
2458854 zr 4.9783241946363015 3.3940317225968784
2458854 zr 5.338820030951965 -1.1463929140074356
2458854 zr 6.188611043710329 0.9117347824178523
2458854 zr 8.672039027178002 1.324498907722841
2458856 zr 8.62424774230702 -1.1463929140074356
2458856 zr 5.670612418159127 -7.2642121667062725
2458856 zr 5.403128312995248 4.2245170921610224
2458856 zr 5.867187463013902 7.9806909154925165
2458893 zr 6.326932308568696 10.923761792062294
2458912 zr 4.525792246742281 -0.3242790237599138
2458916 zr 5.373351873614432 1.7376433779658669
2458944 zr 7.204012107397956 -12.498382788076015
2458966 zr 4.125740695806887 0.9117347824178523
2458972 zr 5.378303193400889 2.1511685436190646
2458975 zr 8.989203737212472 17.722461219915147
2458978 zr 10.3484493151544 -14.893097222366123
2458981 zr 4.910019025991299 -2.786084491568886
2458986 zr 3.761355986702409 6.7251718216581935
2458992 zr 3.6961061752744366 -1.1463929140074356
2458995 zr 3.754433690550637 5.8900843158762655
2458998 zr 3.7200128355792224 1.7376433779658669
2459001 zr 5.749498494871347 -1.1463929140074356
2459012 zr 3.685907552903016 -2.376727752597162
2459019 zr 3.679124109974609 -3.195064372628565
2459022 zr 3.733743145977226 3.3940317225968784
2459028 zr 4.8919631280221 -4.4197463361170435
2459036 zr 7.059124643248919 3.809083181068331
2459042 zr 4.190848187867073 7.9806909154925165
2459045 zr 3.7234406723544615 2.1511685436190646
2459048 zr 3.7234406723544615 2.1511685436190646
2459051 zr 4.430927194424573 -9.687771920815294
2459064 zr 12.343069763842585 -0.3242790237599138
2459130 zr 5.872593831712552 8.39996878923506
2459130 zr 7.111330292328789 7.143292786886718
2459130 zr 6.949456652174262 -3.195064372628565
2459130 zr 8.350873877131198 6.3074357827761105
2459130 zr 6.693016745721213 7.143292786886718
2459218 zr 10.042502247824887 -10.894538571355177
2459219 zr 7.933330183274638 6.307435866803093
2459219 zr 9.85920592457563 -18.85499672260418
2459219 zr 10.639302832892517 34.276642005672066
2459220 zr 8.078522234136399 -8.477666063469709
2459220 zr 8.521601548454962 -6.45337798690775
2459222 zr 12.43435274880528 2.97936257842047
2459231 zr 5.280138097059115 -6.047397545898176
2459233 zr 4.919071950775735 -1.966988397728089
2459254 zr 4.1030038921233265 -1.5557667282446763
2459256 zr 4.21407178087854 10.503910072102327
2459266 zr 4.1831354660757585 7.157580178108596
2459267 zr 7.046133224322993 2.9967477062737946
2459270 zr 4.950888834968264 0.9425922078334871
2459271 zr 8.213569278387638 -1.109218251434871
2459273 zr 10.691581174071766 17.34815158845425
2459275 zr 10.076580312265099 8.896005871447809
2459280 zr 5.438076105898485 7.320865009758178
2459291 zr 4.118147796054033 0.9993346984694317
2459291 zr 4.137156302616068 3.063157075747859
2459291 zr 4.950888834968264 1.8237233145466467
2459291 zr 5.0243880612620675 8.47378756528767
2459291 zr 4.6956380600839625 17.352050305792126
2459291 zr 4.9691622236512 3.477063287603335
2459291 zr 4.708630529016056 18.634449752043942
2459291 zr 4.118147796054033 0.9993346984694317
2459291 zr 4.631211490609943 10.992935848855018
2459291 zr 5.1742246575772 -13.98110869023733
2459291 zr 5.528983339081757 15.647687037589867
2459291 zr 3.7097482478407247 1.4113391840275886
2459291 zr 5.32899461334038 -1.0550052763221283
2459291 zr 5.338820030951965 -0.23440438187864132
2459291 zr 4.900982761960744 -2.6916792105839358
2459291 zr 5.280138097059115 -5.135412089008605
2459291 zr 5.64455832073644 -8.372786267013646
2459291 zr 5.378303193400889 3.063157075747859
2459291 zr 5.383259075622132 3.477063287603335
2459291 zr 5.075550754456899 13.102886593167772
2459291 zr 5.056886137054248 11.414149021333037
2459291 zr 6.552724538494251 -1.4647392204683678
2459291 zr 4.9691622236512 3.477063287603335
2459291 zr 4.160082361945745 5.552322340414128
2459291 zr 4.125740695806887 1.8237233145466467
2459291 zr 5.2655686740049035 -6.352223634577478
2459291 zr 4.455481185696457 -6.352223634577478
2459291 zr 4.148603495530251 4.306020254725673
2459291 zr 4.588752288450778 6.80207284800506
2459291 zr 5.728355530323182 -1.8740959594400914
2459291 zr 6.086858248896402 -5.5413895697738775
2459291 zr 4.919071950775735 -1.0550052763221283
2459291 zr 4.538314765387575 1.8237233145466467
2459291 zr 5.665391995572747 -6.757080906446753
2459291 zr 4.567668886808123 4.721071713197126
2459291 zr 5.981266979595289 -13.184340502212729
2459291 zr 4.125740695806887 1.8237233145466467
2459291 zr 4.106784639193819 -0.23440438187864132
2459291 zr 4.106784639193819 -0.23440438187864132
2459291 zr 4.114356587947529 0.5877095083688805
2459291 zr 4.1030038921233265 -0.6448937794252966
2459291 zr 4.525792246742281 0.5877095083688805
2459291 zr 4.163915704447116 5.968522214311725
2459291 zr 4.542496633283715 2.2364874398516355
2459291 zr 4.451379425092872 -6.757080906446753
2459291 zr 4.091682521659416 -1.8740959594400914
2459291 zr 4.148603495530251 4.306020254725673
2459291 zr 4.118147796054033 0.9993346984694317
2459291 zr 5.948808171001302 15.222576427614888
2459291 zr 4.973741099522113 3.8913508967819785
2459291 zr 6.274703199113636 8.055281319015512
2459291 zr 4.932682644078202 0.17646326454010974
2459291 zr 4.94177735526484 0.9993346984694317
2459291 zr 4.601449012683333 8.055281319015512
2459291 zr 5.478293315142102 11.414149021333037
2459291 zr 6.143179254838361 -1.4647392204683678
2459291 zr 6.280485076577584 8.47378756528767
2459291 zr 5.458147669143595 9.731621542193045
2459291 zr 4.98750305814946 5.136505624289817
2459291 zr 4.504998120214798 -1.4647392204683678
2459291 zr 4.955450872673144 2.2364874398516355
2459291 zr 4.910019025991299 -1.8740959594400914
2459291 zr 4.937227905537034 0.5877095083688805
2459291 zr 4.571877803303671 5.136505624289817
2459291 zr 4.932682644078202 0.17646326454010974
2459291 zr 4.896470868144113 -3.09990641631233
2459291 zr 4.496707245524521 -2.2830758404997704
2459291 zr 4.992098834334895 5.552322340414128
2459291 zr 4.896470868144113 -3.09990641631233
2459291 zr 4.878464791602177 -4.72906051691458
2459291 zr 5.3585252468810465 1.4113391840275886
2459291 zr 4.580307274891827 5.968522214311725
2459291 zr 5.867187463013902 8.89267944762131
2459291 zr 5.8187535678410365 5.136505624289817
2459291 zr 4.973741099522113 3.8913508967819785
2459291 zr 5.808044893742352 4.306020254725673
2459291 zr 5.448102644227195 8.89267944762131
2459291 zr 5.304510107156123 -3.09990641631233
2459291 zr 5.32899461334038 -1.0550052763221283
2459291 zr 4.8694865991171215 -5.5413895697738775
2459291 zr 5.453122843733084 9.311957321363854
2459291 zr 4.914543403870689 -1.4647392204683678
2459291 zr 5.413090415781251 5.968522214311725
2459291 zr 5.314290381074435 -2.2830758404997704
2459291 zr 5.353592134870243 0.9993346984694317
2459291 zr 4.555065371680266 3.477063287603335
2459291 zr 5.403128312995248 5.136505624289817
2459291 zr 4.148603495530251 4.306020254725673
2459291 zr 4.996698845336539 5.968522214311725
2459291 zr 4.496707245524521 -2.2830758404997704
2459291 zr 4.500850773825357 -1.8740959594400914
2459291 zr 4.447281440611172 -7.161565462657642
2459291 zr 5.0615458468549575 11.835750324191087
2459291 zr 4.900982761960744 -2.6916792105839358
2459291 zr 6.10370011696225 -4.322334508783819
2459291 zr 5.8780051821546415 9.731621542193045
2459291 zr 5.654965563895479 -7.565677646335836
2459291 zr 4.534136747360885 1.4113391840275886
2459300 zr 8.545180163747151 -2.4566261256773583
2459302 zr 9.7839262560442 -0.9585228454180434
2459307 zr 4.517463103113201 4.595977772159056
2459309 zr 5.468211214732621 16.569448216957767
2459316 zr 3.685907552903016 9.825543914086905
2459319 zr 4.9783241946363015 18.391360992746193
2459322 zr 5.733633971182471 15.645793140833547
2459324 zr 5.363462904548952 21.02987963014138
2459328 zr 7.529643838936364 31.4711513496067
2459334 zr 6.811173005263769 45.1739461917046
2459336 zr 4.60993300665378 39.53222262963358
2459339 zr 4.125740695806887 34.28890489121322
2459341 zr 4.83373875755408 24.53434527204859
2459343 zr 4.091682521659416 31.953233769717457
2459345 zr 4.057905499264268 63.37352153552216
2459349 zr 4.129542393894287 35.80016829404665
2459352 zr 4.525792246742281 33.826661194986364
2459358 zr 10.219789194373915 30.3155646535512
2459361 zr 9.947482199044225 36.174352017838274
2459363 zr 5.7125493461681325 28.974321875257402
2459365 zr 5.733633971182471 30.402029273936463
2459368 zr 4.0992266256464465 30.503017407691715
2459370 zr 4.14478424960176 35.245160349043715
2459376 zr 3.689303963081801 29.693838354964807
2459378 zr 4.125740695806887 32.373442873685505
2459382 zr 6.0477410579318995 21.782434316991075
2459384 zr 7.440025671158445 32.609461887890724
2459386 zr 8.720095147542782 34.48673995245822
2459390 zr 7.196989189143184 42.90704449632386
2459392 zr 7.4263332524523955 31.0142024999599
2459394 zr 6.1601769587907285 28.76675173322855
2459401 zr 4.50914928821109 27.292847883129607
2459405 zr 4.601449012683333 36.03624474932633
2459407 zr 4.57609059814032 33.35156969259268
2459409 zr 4.095452836558907 26.153934918214766
2459412 zr 5.458147669143595 37.08156302087441
2459425 zr 5.7125493461681325 23.114472026858927
2459434 zr 4.0879156777495655 23.17198336620069
2459438 zr 4.928141567032583 24.89003789582017
2459440 zr 7.882346641507477 29.266711936726463
2459449 zr 7.7384776014704295 20.321231832035036
2459450 zr 9.001701547650715 22.283161928370063
2459465 zr 6.773636883899467 36.524688113590145
2459467 zr 6.131873516624348 20.565187435628808
2459470 zr 6.427201438607927 12.641913408213064
2459491 zr 7.144154701558586 31.26746237414129
2459491 zr 6.885743650621798 14.763566273454884
2459491 zr 6.981533886629493 20.88138552615372
2459491 zr 6.631654799362817 25.00714080481434
2459491 zr 6.650004077532613 26.25229553232218
2459504 zr 18.13654698944354 21.642053977179767
2459504 zr 14.066331428894634 23.293871868900037
2459505 zr 11.746268580472478 13.811900022134612
2459505 zr 13.153820384208538 20.3405869212522
2459505 zr 13.855297929364513 29.895745198905136
2459505 zr 15.49545844526845 41.37402702069082
2459601 zr 8.130774652670294 9.928253007548713
2459637 zr 6.534643682614326 10.294214750376389
2459641 zr 4.14478424960176 16.702979036441263
2459675 zr 4.175436938565599 18.635307262230636
2459677 zr 5.7125493461681325 8.238443004502257
2459679 zr 4.964587563139283 14.324460600681068
2459683 zr 6.955860286821007 9.234566417511314
2459694 zr 5.433069758570147 18.335856467794265
2459696 zr 4.584527837135217 17.0107787806422
2459700 zr 4.678370517684563 26.12868925255187
2459709 zr 6.070062852399372 3.405009563235204
2459709 zr 5.468211214732621 20.73420091912427
2459713 zr 10.58949566517006 6.107998656178928
2459719 zr 6.120588585180141 6.718296630962858
2459719 zr 5.378303193400889 12.881360123023047
2459725 zr 3.6655946533280983 5.701784185410853
2459730 zr 4.206316319025094 20.02435856002103
2459732 zr 4.133347595088025 12.036696357958828
2459735 zr 4.179284429669344 16.927217173936846
2459737 zr 4.592980632422159 16.44531753997616
2459741 zr 8.251481391613774 10.92249744132722
2459747 zr 5.3339050597603235 8.266184098421316
2459752 zr 4.171592989500708 15.559428278948328
2459760 zr 4.110568870065168 8.692850790161577
2459762 zr 3.7029209291527754 9.044799267441682
2459766 zr 4.148603495530251 12.645630957254296
2459773 zr 8.62424774230702 7.903151431542897
2459775 zr 6.680699101704959 15.300064943284253
2459775 zr 8.304852521469316 12.801712341576474
2459777 zr 4.1030038921233265 7.379189619866844
2459779 zr 4.476046752438983 3.6455473660882305
2459783 zr 4.484299534020258 4.348779201599408
2459786 zr 4.955450872673144 10.010432981678637
2459798 zr 7.399023966117302 7.6277493793015125
2459806 zr 6.165853305097753 7.419329782171804
2459808 zr 5.670612418159127 0.8393546561085596
2459810 zr 5.275277149043547 1.599223060364947
2459817 zr 6.09246703506821 1.8293317649763194
2459828 zr 8.664055461194463 8.51982992376251
2459856 zr 9.093364709193654 8.702553861977098
2459856 zr 7.846130548399144 8.289409391734072
2459856 zr 8.327831408894232 12.021444166194161
2459856 zr 8.886374457550039 -1.5127556944534
2459856 zr 8.784584478759092 14.108203270897949
2459857 zr 13.790181217198727 -12.306209709832718
2459857 zr 13.03958058897779 16.603095693553836
2459857 zr 14.708553797326502 16.18265771022045
2459857 zr 12.220808164547766 17.445134265444562
2459857 zr 11.974570914960378 24.23757474251057
2459859 zr 12.1513123246267 -0.364904747812675
2459859 zr 11.864787388926567 19.936910210131245
2459859 zr 13.860562196062617 2.479561082776554
2459860 zr 11.388478155423654 17.801339126841043
2459860 zr 11.986708025755274 8.615220712744616
2459860 zr 12.853552733971362 25.028293063728114
2459860 zr 13.735735118863191 25.885986301464328
2459862 zr 13.703006660424371 10.643405455514301
2459862 zr 13.441991696059935 30.588389616142866
2459862 zr 14.027518365743417 7.746057056863823
2459862 zr 14.821892292144762 -5.263653252721279
2459862 zr 14.28137336542033 2.8224273260048465
2459937 zr 15.881280832743506 12.1195873128835
2459937 zr 8.902758850185744 -2.2746539473502407
2459937 zr 8.206007784246653 3.837533179671216
2459938 zr 11.841948926275773 -13.083021680312253
2459952 zr 10.579746869401232 -0.08921875644639954
2459952 zr 9.19665224994978 -7.75331714558294
2459952 zr 9.901777669936529 6.056839066884066
2459952 zr 15.00042807803229 -1.7138775512676432
2459977 zr 9.356741035369126 19.490625226057812
2460016 zr 7.953017253130431 -11.086441721144578
2460021 zr 5.0615458468549575 15.062454732125918
2460032 zr 4.538314765387575 4.9092769236649625
2460043 zr 7.731353481485517 -1.3731177274300288
2460045 zr 5.393184544189326 7.230952806231934
2460051 zr 4.0879156777495655 0.5699165682429443
2460055 zr 4.106784639193819 2.57137885696571
2460061 zr 4.517463103113201 2.5016726977468418
2460063 zr 4.160082361945745 8.26545568702822
2460067 zr 10.6522644020213 19.166761655862764
