jd filt fluxerr adjflux
2458206 zg 5.560347433440622 -9.085563056184533
2458206 zg 5.450048664419449 -0.650278104250603
2458230 zg 4.731743362191912 -10.40540526339204
2458233 zg 5.213759806061723 12.583844565334914
2458236 zg 10.041876436574745 -10.838909053019165
2458236 zg 9.22210291828006 2.0635247656273634
2458244 zg 3.9519445436604643 -6.356720159498941
2458247 zg 2.38169160332199 -1.406562927832951
2458261 zg 5.561406000041762 -0.8401336649747861
2458269 zg 9.812739581219207 5.572229151377542
2458272 zg 5.0433083418988485 2.5924483085884447
2458275 zg 2.017732655444268 1.2122928950177254
2458278 zg 2.38169160332199 -1.406562927832951
2458281 zg 2.5361009455344092 1.1472347098428202
2458284 zg 2.5808724159984844 2.3936451309480873
2458287 zg 2.645474946673093 8.17313521843711
2458290 zg 4.266212446346222 4.0672446087356775
2458296 zg 8.29762053542574 -1.7192229231462335
2458300 zg 3.1074187854657445 2.3274993810727693
2458303 zg 2.235653169588288 -2.030446376270163
2458306 zg 2.8520111517815616 4.270678507258211
2458316 zg 5.409149941372304 4.884363752576064
2458331 zg 6.1730827782978235 -3.7470577870079183
2458334 zg 3.1127422916592637 0.952419293116435
2458337 zg 2.5737738527517533 -4.469304186449321
2458345 zg 3.3395654238823744 -4.708284521611603
2458494 zg 3.2173305941303965 -4.767892163919271
2458560 zg 4.653322926852282 -2.0925192631942906
2458568 zg 5.7144332219771545 -4.827444930834162
2458577 zg 4.651840217467978 -0.26898958214339075
2458581 zg 3.205570055856928 -2.5254323565348358
2458584 zg 2.6518638271257027 -0.9033023657024017
2458587 zg 7.90605658189124 4.542799574694158
2458591 zg 17.374241577884714 1.997682927866677
2458598 zg 7.518404444766745 6.127101264330619
2458606 zg 2.290709269821915 1.6039028577744006
2458617 zg 3.9472407750675673 -0.33268408383398196
2458636 zg 2.124075615734241 -3.5652454614864695
2458639 zg 2.3883812495346377 0.6289207590224493
2458642 zg 2.2730261375363163 -0.9033023657024017
2458646 zg 4.987874540983156 1.8005208793578902
2458651 zg 13.043206925140534 -2.3402398875165886
2458654 zg 5.271436996190142 2.991706405131197
2458657 zg 2.619115226739529 -4.827444930834162
2458660 zg 6.32455221665013 3.594745796487018
2458665 zg 2.286735157104634 5.779827226240599
2458672 zg 3.080773433869186 3.2591068748894685
2458675 zg 8.329009544495417 -10.350992354430034
2458682 zg 4.380869109783871 -2.4637583809822416
2458685 zg 2.2105668500951845 -4.588904408510999
2458692 zg 2.939407247295046 -0.07755370972219566
2458705 zg 10.109298996533271 8.387929800109092
2458708 zg 6.122720554688061 4.406613724629025
2458715 zg 3.7183814566836024 -1.0294653594793175
2458718 zg 3.095588084543218 0.5643996320787181
2458723 zg 3.8502915698464966 -2.030446376270163
2458728 zg 3.7453604353000274 -3.867987211487062
2458729 zg 6.046988652719679 -5.714185629841815
2458734 zg 7.810722852162398 11.30929923360543
2458761 zg 9.100426776597384 11.53277133961204
2458893 zg 5.482054152688368 -4.048964185252387
2458901 zg 7.823126852643063 5.710564123213757
2458913 zg 2.2037888086704216 -1.0924597595527104
2458915 zg 5.352058535342453 -1.0924597595527104
2458944 zg 5.057783993368731 7.8876641070137765
2458963 zg 2.435026281748994 1.9976829278666783
2458963 zg 2.644148155547332 0.5643996320787195
2458972 zg 4.6989035594471735 -4.0489641852523235
2458975 zg 9.844897767918663 -5.831494806318393
2458986 zg 2.121543335464358 2.526119538534684
2458995 zg 2.4852297052226184 -0.2689895816227575
2459009 zg 4.432002216887998 -0.7136215227199404
2459016 zg 2.973705862027937 -3.565244854479292
2459019 zg 2.040707901200934 -4.289488739845167
2459022 zg 2.268316505771374 -2.8942819786727303
2459025 zg 2.3920041030373715 -4.529122905384853
2459028 zg 4.0630594727106875 4.067265530403009
2459033 zg 8.362958047514615 8.819385799338518
2459036 zg 5.607697796399755 -0.2688081674859105
2459039 zg 2.176967308333533 4.407005048423601
2459042 zg 2.3259717178119006 0.6943266711711144
2459051 zg 4.241898550182651 -4.582139288121355
2459064 zg 9.987133088245272 10.373348425496522
2459233 zg 2.995697858563703 5.68016526085062
2459254 zg 2.53376618560353 5.804714135171768
2459268 zg 2.91838891001112 -0.3152101746020426
2459275 zg 7.639962519717232 12.089993658070043
2459291 zg 2.323194257661647 -1.4873700740570426
2459302 zg 10.81304554022908 -0.4434033094304124
2459307 zg 3.9521349347024124 1.8811314368325727
2459309 zg 3.0161973956753476 2.6716949447969967
2459311 zg 2.4597191683369366 1.7060999184792678
2459313 zg 3.5568423669193088 1.5909424659532336
2459316 zg 1.955526127060115 -0.20394572944882383
2459319 zg 2.4552948506612813 3.2905216529106722
2459322 zg 3.1629913845188447 1.2680386184701138
2459324 zg 3.0469975501312 -3.9862973430797815
2459334 zg 6.8065287681665945 -0.5804093132666637
2459339 zg 2.3773084035720453 -1.1441551577817628
2459341 zg 2.0740339868281574 -0.8527749723187641
2459343 zg 2.5839599953225036 -0.6848455450876381
2459345 zg 2.379942891524202 -2.875177468569514
2459349 zg 1.9754389964590044 0.019878821556979898
2459352 zg 2.264141958434081 -2.75231240255403
2459358 zg 10.853767238745931 -4.127796699121227
2459361 zg 8.66346527996199 3.6632690095837743
2459363 zg 4.5838925129816905 -0.14131450463953293
2459368 zg 2.29493280105733 1.9001196529445339
2459370 zg 2.3152848485164044 0.5269536424530008
2459376 zg 2.6344246760538197 0.4374712677280995
2459378 zg 2.7401250596044253 -0.14588551679353107
2459386 zg 8.564875247607025 -3.407235764884699
2459390 zg 7.068518953976245 1.0389144896463622
2459392 zg 3.4655949216013746 1.6200381504261245
2459396 zg 3.1328757156070934 1.4803296625128366
2459399 zg 2.4921061444458 -0.01117455989153153
2459405 zg 2.681108828441997 -4.712251605106891
2459407 zg 3.0099175929806647 4.86838701080519
2459409 zg 2.8813750208447186 -2.844820706213374
2459412 zg 4.533480624486127 11.28023309803513
2459419 zg 11.328923222877537 3.362971827175564
2459423 zg 3.550550456674589 1.9646712847492334
2459427 zg 3.869812792593491 5.601361627994847
2459429 zg 4.87065028138338 -4.141869759679691
2459434 zg 3.093841131646653 -0.879590603182169
2459438 zg 3.4876261274103215 -4.1482580010607295
2459440 zg 5.858320963751882 -3.1802344814311723
2459443 zg 11.076720842082588 2.1476244305048753
2459447 zg 10.43216467804349 -6.514652551735482
2459450 zg 11.693533845113864 7.973744507264549
2459454 zg 3.3445921515956467 6.209915481813878
2459457 zg 4.0703500856658055 3.003761659904533
2459460 zg 3.429967112679832 -2.9445262007329824
2459462 zg 3.6048728908913854 0.44594213656487014
2459601 zg 7.232454441401093 3.9321084634240955
2459637 zg 5.281254830700023 -11.536515032097954
2459675 zg 2.662898453383375 -3.7470379907837934
2459677 zg 3.9010070182069434 -6.240360710197522
2459694 zg 3.273950471070848 0.2426952074804955
2459696 zg 2.93290508801944 -4.469293512094063
2459698 zg 3.0385900055675963 -4.7678820993563695
2459713 zg 8.13740078759776 13.114491939964903
2459717 zg 9.414313005353987 -8.974247863473446
2459723 zg 2.7533394703855967 -4.469299361855675
2459732 zg 2.498639797588794 3.864375745526665
2459735 zg 2.3289594138548915 -6.240375985676739
2459741 zg 7.315137538437488 -11.4832021379173
2459743 zg 12.143609769424803 -19.702466390679955
2459747 zg 3.9992332234478196 -4.648619571575581
2459750 zg 2.847724744696511 -6.356717978879757
2459752 zg 2.4932275677761435 -1.7815802694512393
2459755 zg 2.670363508119344 -2.0304444938654873
2459762 zg 2.65075985388169 -2.5254308243914063
2459764 zg 2.9625925970049956 -5.124385956437216
2459766 zg 3.2320056033185103 -0.6502767421601321
2459769 zg 5.1973267504415395 -1.469208921052387
2459771 zg 6.385348439562463 9.32559634293556
2459771 zg 7.868861449945015 -2.710112650332429
2459781 zg 3.132363141886314 -2.771560128205993
2459783 zg 2.896964453397283 -3.928367613764691
2459790 zg 3.315719615508379 -1.53179906227968
2459792 zg 7.923619536186646 -0.07755307570883542
2459794 zg 3.581557544193977 8.316266249525668
2459798 zg 6.530187998610413 -3.8075498128295484
2459806 zg 2.9984582692775668 -3.0167841291011204
2459808 zg 5.156879077104403 -0.33268368780721913
2459810 zg 3.6352134998072487 -1.406562554429952
2459812 zg 4.653322926852282 -2.092518911122631
2459815 zg 3.4313468379580128 -1.7192226008086349
2459823 zg 4.428876993198995 8.101669066858472
2459826 zg 7.638075312204171 0.8228413134561054
2459828 zg 10.031528681608743 -14.448218139087768
2459830 zg 9.651939627588954 -9.913879976916267
2459994 zg 3.4815913809493546 1.8661810421754865
2460016 zg 10.77813292745632 -6.877609753002457
2460043 zg 8.275743857957085 3.5947457968814605
2460045 zg 4.441718383419743 0.4355355202666652
2460049 zg 2.953346767687395 1.8005208796885208
2460051 zg 2.2447186779156145 -8.526959798332413
2460055 zg 2.998278242747495 -4.349483449320883
2460057 zg 2.7376024730307322 -0.33268408357267193
2460059 zg 2.714904800429441 -2.4637583807358596
2460061 zg 2.8554327301669282 -7.451334343284796
2460067 zg 8.991303341078536 -6.065465878650577
2458198 zr 3.6019022668745193 1.621133047738624
2458198 zr 3.6722473373292654 5.439942538687603
2458219 zr 7.508651023469139 9.895704817302118
2458219 zr 4.927878146008849 -2.829804818200188
2458230 zr 3.991394088418876 3.0672149747066726
2458244 zr 8.743593447644448 -24.392580991821887
2458247 zr 3.6251996100410246 2.8858714952660875
2458257 zr 3.8275530934290214 3.976441960429952
2458257 zr 3.7198139919429023 -1.5938553325028977
2458272 zr 4.565012148368541 4.341306776213031
2458278 zr 4.211431730624635 4.889865747234353
2458281 zr 3.41865700359402 1.4411208458032831
2458284 zr 4.176666173148486 3.248725554605869
2458290 zr 4.371615303567334 -4.057811475253345
2458296 zr 8.386867596742237 -0.17154980326887426
2458300 zr 5.23628388353508 -4.407218784712285
2458303 zr 4.430729909481676 -8.891425800757162
2458316 zr 4.028326003206172 4.889865747234353
2458331 zr 5.006104681965763 -6.4902001537218155
2458337 zr 3.871904257578381 -2.829804818200188
2458362 zr 5.707732652550931 5.991541350265408
2458487 zr 5.751496316441222 -10.249717036232568
2458487 zr 6.596074095634203 -5.451587207003229
2458487 zr 8.566428351960191 3.976441960429952
2458488 zr 4.45288970009927 -0.5281092818696607
2458488 zr 4.725695050046181 -3.8828663102517
2458488 zr 4.9826451642724745 -0.7061428697905683
2458488 zr 7.0591306413832715 -11.430039631770853
2458558 zr 8.87857292816553 6.914266413243013
2458568 zr 8.037910503456402 -12.101100888558136
2458573 zr 3.685710532276119 -3.357062992871221
2458584 zr 4.0115588769709305 -12.435705549305112
2458591 zr 7.522309866350384 0.5435426024816081
2458597 zr 4.912082961353873 3.6122486318226663
2458606 zr 3.520914912407642 7.284547889056199
2458617 zr 4.539854536030963 3.248725554605869
2458628 zr 3.8240294097162066 3.794261437519509
2458633 zr 3.456650972804577 3.6122486318226663
2458636 zr 3.20018020150524 -0.8840125582077007
2458639 zr 3.572168402409392 0.006976389880605893
2458642 zr 3.374858199313546 -1.0617184980086165
2458646 zr 6.285936265422533 1.0815934524750332
2458651 zr 10.368834019435 0.18566708747675875
2458654 zr 3.7318537001472727 -9.741530304541612
2458660 zr 2.9891716201624563 -3.0057194421580107
2458665 zr 3.362447637361609 -1.7709077839355416
2458668 zr 3.855859704195729 5.439942538687603
2458675 zr 5.987091132628315 3.0672149747066726
2458678 zr 6.688113782746623 2.3428421220541793
2458682 zr 4.9097565736609745 -3.532492217672683
2458685 zr 4.756366119749361 4.706844317237341
2458692 zr 4.259054237121149 -1.239260839940755
2458698 zr 4.782617989640874 -1.5938553325028977
2458708 zr 7.736960587081202 1.4411208458032831
2458712 zr 6.157165765451871 2.704694962448116
2458715 zr 3.8258206747691346 -5.104105468244171
2458718 zr 5.691357530733488 -6.662744981073331
2458726 zr 5.689209247120427 -0.8840125582077007
2458737 zr 9.151571744806223 -9.911081924792455
2458761 zr 7.351081188960727 -3.8828663102517
2458764 zr 8.94742381080234 4.341306776213031
2458764 zr 7.443383313439497 -5.971611128312617
2458764 zr 6.608235710964869 -5.104105468244171
2458764 zr 7.075653156742553 3.0672149747066726
2458766 zr 10.845055127323313 -0.8840125582077007
2458766 zr 12.247359849762818 17.155221231524962
2458766 zr 10.718399063546734 6.729381299717829
2458768 zr 13.02496999895411 17.155221231524962
2458768 zr 12.997082165348022 19.894479450050596
2458768 zr 10.74589217201118 -8.720934609888786
2458768 zr 12.97155125184423 -17.86861648452708
2458770 zr 12.682674359524468 8.585917680044304
2458770 zr 13.375669253452589 -2.829804818200188
2458770 zr 11.911330571683726 -11.76587929520619
2458770 zr 14.286168933056144 -4.7559830545650925
2458850 zr 8.910565614997385 -7.866119250418365
2458852 zr 6.349945140666395 3.0672149747066726
2458852 zr 9.197545252749945 5.807505706673965
2458852 zr 15.591421290526766 -35.70745013889413
2458854 zr 7.245786372047753 13.111995455575993
2458854 zr 5.564830072391469 -5.104105468244171
2458854 zr 4.7083169773329185 -4.581681225574272
2458854 zr 4.8357706283681035 0.5435426024816081
2458856 zr 4.588547976420039 -2.30108776076014
2458856 zr 5.552181091830045 0.5435426024816081
2458856 zr 5.423153626551835 -9.911081924792455
2458856 zr 8.056944731692642 9.520617840063807
2458893 zr 5.323817796401436 -1.239260839940755
2458912 zr 4.025592079668969 -3.8828663102517
2458916 zr 4.660856083209503 -6.4902001537218155
2458944 zr 6.511567180190396 -7.866119250418365
2458966 zr 3.5688798284009517 -0.17154980326878344
2458972 zr 4.189027106828065 -4.407218784711238
2458975 zr 7.443112880100403 -10.24971703622913
2458978 zr 8.7406386507799 3.794261437530545
2458981 zr 4.26690693534032 -0.8840125581730657
2458986 zr 3.320277894799893 6.360121537455221
2458992 zr 3.1359883023781774 -4.755983052671716
2458995 zr 3.2837828777738567 4.158790360448512
2458998 zr 3.0785828827259354 2.7046949772293956
2459001 zr 4.440602893833613 -1.061718458079273
2459012 zr 3.002969009467255 -2.1245225887146315
2459019 zr 3.022392412532727 -0.8840028850364294
2459022 zr 3.12445615056357 -5.4515648842561895
2459028 zr 4.116358306067509 -7.694572162798658
2459036 zr 5.994884855718058 -2.4766680587123915
2459042 zr 3.455667309498094 -6.31418334409583
2459045 zr 3.150463366697454 -3.8764322813156067
2459048 zr 3.1013504956753097 4.171007630005491
2459051 zr 3.6418430357612945 -5.602405527973713
2459064 zr 10.741492225176739 18.38488060317208
2459130 zr 5.075746535234788 78.39446641384754
2459130 zr 5.683971704107025 81.21561422609062
2459130 zr 5.376054005171435 76.6522445322639
2459130 zr 6.4756821753962965 73.38590692334208
2459130 zr 5.3810078148594815 76.82574551709601
2459217 zr 18.1478385818804 -9.615663951883672
2459218 zr 8.401235644526544 2.707993964800006
2459218 zr 10.895113627348644 6.597836664932312
2459219 zr 7.150743818320612 -2.6619256181019484
2459219 zr 8.626999256753797 16.10790937934709
2459219 zr 10.339271887741806 12.944500810905906
2459220 zr 9.04686290177408 12.759011541525648
2459220 zr 7.6398667803219915 14.61383877586577
2459220 zr 7.747171432523242 -12.463129395517644
2459222 zr 11.076711430206986 -11.196685759197306
2459231 zr 4.6054839900245454 2.9027868712975993
2459233 zr 4.278713138264009 3.8898515280705865
2459254 zr 3.5952734249650677 3.547404185286437
2459256 zr 3.794238353822325 -4.507214570068168
2459266 zr 3.6755405944803634 -2.2765891532381817
2459267 zr 6.335499281242627 9.959215333845789
2459270 zr 4.184366967079225 5.040244710351092
2459271 zr 7.255808059569787 -0.38429995578974707
2459273 zr 8.968199745398223 -5.3553496988557265
2459275 zr 8.63494867698951 11.128412717307663
2459280 zr 4.7321658846230275 -9.354674106229952
2459291 zr 3.716389493925989 -1.000915620111789
2459291 zr 3.8541144734599557 -2.937767776749388
2459291 zr 3.6019022668745193 2.3911252115623767
2459291 zr 3.658743169037971 5.476836481061094
2459291 zr 3.428116164274699 2.7516473895027445
2459291 zr 4.310356296289737 1.8515856162987858
2459291 zr 5.31401998848986 -0.823863168679145
2459291 zr 5.823310847318817 -12.499533403031824
2459291 zr 6.44175835932639 1.1345146049265735
2459291 zr 6.3300104897557885 -2.235727278334258
2459291 zr 5.827092433853267 4.564253601343262
2459291 zr 5.6443751195232545 -7.4385256911218445
2459291 zr 5.331674438680397 -6.409434805133833
2459291 zr 5.1222404366531595 5.476836481061094
2459291 zr 4.8805154630853735 3.112834285877932
2459291 zr 4.603010203670105 6.761533514089161
2459291 zr 4.058117426977647 7.13011370105732
2459291 zr 4.643818923132209 0.7769685537043586
2459291 zr 4.673855452454588 2.031266528726911
2459291 zr 5.501278389614818 -0.4692686761170023
2459291 zr 5.582948513655505 2.3911252115623767
2459291 zr 5.549475102112448 -4.855096028011593
2459291 zr 4.406312321573366 -9.141089760968702
2459291 zr 6.535600924834035 -6.409434805133833
2459291 zr 4.8447935680090675 9.169485791443316
2459291 zr 3.4748168963075425 -4.507934184421094
2459291 zr 3.371751271054243 -0.4692686761170023
2459291 zr 4.6584553538548725 9.169485791443316
2459291 zr 3.4684219388202804 -4.855096028011593
2459291 zr 3.788970497356247 2.7516473895027445
2459291 zr 4.558959069410359 -9.81773676910061
2459291 zr 4.05438148343015 6.945738738855022
2459291 zr 3.424960206199447 2.571303287239567
2459291 zr 3.4092239434643345 1.6720701199186236
2459291 zr 3.5853530292176434 1.4927198873015697
2459291 zr 4.096658524091328 0.24188288195409202
2459291 zr 3.317221213715577 6.945738738855022
2459291 zr 3.374858199313546 -0.2917263341848638
2459291 zr 3.790745339992466 -6.0651387981041065
2459291 zr 3.5329047170203003 -1.35453168425409
2459291 zr 3.7698546832681243 -7.0961270865946116
2459291 zr 3.855859704195729 6.209934702511356
2459291 zr 3.8134778102660087 4.018717718429622
2459291 zr 4.006126048274121 4.564253601343262
2459291 zr 3.6891976608887704 7.13011370105732
2459291 zr 3.4534687452988013 4.200395552762297
2459291 zr 3.635230258209265 4.200395552762297
2459291 zr 3.50696898118641 -2.7625000538489304
2459291 zr 4.5189957991531235 3.112834285877932
2459291 zr 3.390435836980904 0.5984423605548784
2459291 zr 3.259675993474519 3.4746871262718684
2459291 zr 3.662024315703381 -3.8116890617505192
2459291 zr 4.362276309851118 4.200395552762297
2459291 zr 3.83640642597497 -3.8116890617505192
2459291 zr 5.256055716428397 10.66569698112587
2459291 zr 4.773816190975156 -1.1778050752851699
2459291 zr 4.721448717472201 4.018717718429622
2459291 zr 4.618227009586957 -0.2917263341848638
2459291 zr 4.318303583487183 2.2111130096270357
2459291 zr 4.242577310022086 7.13011370105732
2459291 zr 5.0851050227202945 -2.7625000538489304
2459291 zr 5.741850852150458 1.6720701199186236
2459291 zr 4.936963998826635 -1.70749696311305
2459291 zr 4.330251996978568 2.7516473895027445
2459291 zr 3.848763486000367 5.843047987674817
2459291 zr 4.398586841143277 5.843047987674817
2459291 zr 4.369938016094406 -10.6600474679471
2459291 zr 4.554862559543584 -2.937767776749388
2459291 zr 3.754233007036811 0.9556592513005114
2459291 zr 4.306388139112844 1.6720701199186236
2459291 zr 4.613975423547911 -0.4692686761170023
2459291 zr 4.06658416268254 -1.1778050752851699
2459291 zr 4.29450557288426 1.1345146049265735
2459291 zr 4.542294380764191 -3.4626034201593883
2459291 zr 4.335527423525351 -4.855096028011593
2459291 zr 5.075746535234788 -3.1128741464279472
2459291 zr 4.751987361461965 5.293983542426014
2459291 zr 4.456992852358343 0.4200805204064523
2459291 zr 3.5688798284009517 0.5984423605548784
2459291 zr 4.378377170365143 4.928782518922185
2459291 zr 5.094011959922535 4.382240795646419
2459291 zr 4.035753292616085 6.026406866310788
2459291 zr 5.998129926045287 4.200395552762297
2459291 zr 4.773816190975156 -1.1778050752851699
2459291 zr 5.934455068006425 -3.637226620888532
2459291 zr 4.791436016761293 -0.4692686761170023
2459291 zr 4.544037822761581 4.200395552762297
2459291 zr 4.554762046030642 -9.986509370418252
2459291 zr 4.80027030225786 -0.11402039438394806
2459291 zr 4.326265523620354 2.571303287239567
2459291 zr 4.395840617885965 -2.235727278334258
2459291 zr 4.475847458569044 -6.237366078698505
2459291 zr 4.59277613212639 -1.35453168425409
2459291 zr 4.44337708152684 7.869314054518748
2459291 zr 4.039472071062192 6.209934702511356
2459291 zr 4.387750633662047 -2.587070829047468
2459291 zr 3.740427348083387 0.24188288195409202
2459291 zr 5.539874506145259 14.263696255586746
2459291 zr 5.430797667148119 -2.937767776749388
2459291 zr 3.7750370962133215 2.031266528726911
2459291 zr 4.4120653619423456 -1.5310955969363875
2459291 zr 4.207554644393666 5.476836481061094
2459291 zr 4.580103338871313 -1.8837359324252874
2459291 zr 3.740427348083387 0.24188288195409202
2459291 zr 3.8205089699419017 4.382240795646419
2459291 zr 4.787024972775442 -0.6466475707917766
2459291 zr 4.033014328364372 -2.7625000538489304
2459291 zr 3.9113313573952935 -0.11402039438394806
2459300 zr 7.68882118086095 -11.844789206416525
2459302 zr 7.861144614151439 14.816393155620636
2459307 zr 3.780285580885049 -6.8703734413868505
2459309 zr 4.440602893833613 -0.6082306046269546
2459316 zr 3.197234083560201 -0.6926116288974876
2459322 zr 4.688781127016235 -11.791706861800899
2459324 zr 4.379675538022677 -3.416040621874625
2459328 zr 6.675805162008625 2.240996548758617
2459334 zr 5.73656484674823 0.9401136974787425
2459336 zr 4.111779007706983 0.39063448421296554
2459339 zr 3.4312750304337825 2.3498224706761524
2459341 zr 3.7750370962133215 1.4382110757242892
2459343 zr 3.3224276307111733 -3.890982602458085
2459345 zr 3.5853530292176434 0.8800261872560493
2459349 zr 3.462038750436976 -5.831771257930914
2459352 zr 3.7027229991199766 -2.3494593728275577
2459358 zr 8.711601659653153 -0.7766950182659769
2459361 zr 8.71509458830593 -8.281226698673736
2459363 zr 4.968896609974674 -1.146619703676815
2459365 zr 4.695325373580302 -5.0167566288447025
2459368 zr 3.2859089847446845 -6.064661543280503
2459370 zr 3.447113076361757 3.1426182660763535
2459376 zr 3.173762570674265 -2.414284321228917
2459378 zr 3.631794141033599 -6.0850392600499426
2459382 zr 4.485820978242546 0.9550577052809638
2459384 zr 5.668287987722518 -1.5439021498271637
2459386 zr 7.58847670764465 -6.615645466678305
2459390 zr 6.596349421490346 -0.30803971517439355
2459392 zr 6.24891230112714 -5.412107290381574
2459394 zr 4.9097565736609745 -3.4952676645684946
2459401 zr 3.7027229991199766 -2.447190990093744
2459405 zr 3.806459590543076 2.9128068347930762
2459407 zr 3.879043141935213 -2.452092518676192
2459409 zr 3.9113313573952935 -0.8600667783337683
2459412 zr 5.113284141641873 -2.455565677631212
2459425 zr 5.094480765064249 -3.1665147516532097
2459434 zr 3.2587836589701116 -7.683204526731517
2459438 zr 4.26690693534032 -0.8738078324132121
2459440 zr 6.382353369948769 9.905326579194144
2459449 zr 5.728799499481875 6.736765344149069
2459450 zr 6.644855261422347 -4.050641445891441
2459452 zr 6.8385895133135 -3.5257317895466924
2459465 zr 5.5368610237345575 0.011588720465455263
2459467 zr 4.791436016761293 -1.23491199730172
2459470 zr 5.413173003709385 -10.24573547323329
2459491 zr 5.246382615985907 9.522764745335685
2459491 zr 5.351353280722022 -6.488053248449938
2459491 zr 5.432793322457533 2.706841867719994
2459491 zr 5.417802679632288 2.164312412787815
2459491 zr 6.228306455340594 -0.7039959645186904
2459504 zr 13.969695757254927 -6.6612802459021685
2459504 zr 11.76422148385492 -23.6086379301965
2459504 zr 11.654184867706533 3.795726172690672
2459505 zr 8.873029660669062 -1.2378385578455633
2459505 zr 9.82687169228271 -29.768762207097197
2459505 zr 11.697199658983298 4.525413660697453
2459505 zr 10.825096186016255 -1.2378385578455633
2459601 zr 7.6305282654046165 -5.625003714053918
2459637 zr 5.531763734021475 -0.17152050099766508
2459641 zr 3.8205089699419017 3.6122746818279197
2459675 zr 3.412365401229375 1.0816030357364084
2459677 zr 4.399891201793615 -2.8297957824004065
2459679 zr 4.020912382775508 4.523999898215208
2459683 zr 5.6756534347242935 -7.179419394938479
2459694 zr 4.765135744571882 5.0730613043406665
2459696 zr 3.6553748934322807 4.523996546008722
2459700 zr 3.5133484411125355 -12.268475670621385
2459709 zr 4.7321658846230275 -10.4187972892036
2459709 zr 5.103873794080593 -2.8298012927153486
2459713 zr 8.41972697560761 -7.351334153008793
2459719 zr 4.914280709701492 -3.357060365719344
2459719 zr 5.287661227497565 -8.720931982736909
2459725 zr 3.0956428554845483 3.7942636396597726
2459730 zr 3.286808746825349 4.341308677195633
2459732 zr 3.4239855611723424 -8.03739560048344
2459735 zr 3.402949701444221 0.5435442434919061
2459737 zr 3.578754644070217 0.3645239883673597
2459741 zr 6.332423811597952 2.5236865980945113
2459747 zr 4.422961618287437 6.175747728035501
2459752 zr 3.5329047170203003 -2.124522852754784
2459760 zr 3.3779679904777535 -0.884011771565704
2459762 zr 3.4876422054317913 -4.5816804838706595
2459766 zr 3.310209874732521 -4.755982395183338
2459773 zr 7.111511558900534 -0.8840120215178826
2459775 zr 5.87463442614676 -6.31749582747331
2459775 zr 7.131188563773348 -0.34991113738688434
2459777 zr 3.3779679904777535 -0.8840120810852115
2459779 zr 3.8293460090580425 -4.930123969680804
2459783 zr 3.5688798284009517 -0.17154940333362362
2459786 zr 4.091896213407743 8.027160602481008
2459798 zr 6.3868324850610545 -11.430039374500835
2459806 zr 5.127432205121464 -1.947797035778557
2459808 zr 3.857665879305051 -3.532492025957942
2459810 zr 4.422575715964654 -9.231937278534291
2459817 zr 4.842392188044799 -6.1446332267865165
2459828 zr 6.981711844713441 -4.407218678251867
2459856 zr 7.34997370989617 0.7227277702011576
2459856 zr 6.106338086410461 1.0815934991983738
2459856 zr 6.985002018753927 0.5435426492049487
2459856 zr 6.83731400718804 1.4411208925266237
2459856 zr 6.693997187581149 -2.653728049525699
2459857 zr 11.067115065863522 -27.026214135969735
2459857 zr 11.353601547426807 -27.33335102852943
2459857 zr 11.14012222951374 22.071670200339856
2459857 zr 10.034451043286253 -18.192606722761024
2459857 zr 8.897580650486562 -0.7061428244214313
2459859 zr 9.848651832069567 -6.317496290726385
2459859 zr 9.089289213019317 -23.766886696224166
2459859 zr 10.4427597260521 -19.482616195019265
2459859 zr 12.564935908035483 -1.7709077411582008
2459859 zr 11.91310004777376 -16.729938989063303
2459860 zr 9.837618029089583 -3.1814720758140123
2459860 zr 9.770025309322554 2.5236852640987326
2459860 zr 10.560633134613974 10.836450721594078
2459860 zr 9.937793219949349 -1.2392607984032489
2459860 zr 10.254864410242927 -1.9477971975714163
2459862 zr 12.00731390553169 3.612248670987265
2459862 zr 11.782926790122787 19.304518463781104
2459862 zr 10.81472014502066 -13.269525527690979
2459862 zr 10.470174999589492 -1.239260800776156
2459862 zr 11.452014861024695 0.36452248026741985
2459937 zr 7.324048631406762 -4.581681221260163
2459937 zr 8.347245108587204 -5.104105463930062
2459937 zr 12.880527485013415 -4.930124415232677
2459937 zr 14.612197085201242 14.835235121911076
2459952 zr 11.065644955671097 -14.595676323634994
2459952 zr 9.635286183649889 -3.707759937797964
2459952 zr 8.278338226521438 -6.6627449782981545
2459952 zr 8.599474901097414 -7.179426966182409
2459977 zr 8.919554558773374 7.841250582926662
2460016 zr 6.894513923705211 8.399493628042032
2460021 zr 4.130758117277664 1.081593452839727
2460032 zr 3.764620680678526 0.7227277237417061
2460043 zr 6.8102322079243915 -9.061760035537464
2460045 zr 4.3462346579660265 2.7046949626281553
2460051 zr 3.628450674972999 -6.317496333352813
2460055 zr 3.7438739959810077 -0.34991164328313706
2460057 zr 5.4632604768260755 -8.550286318367318
2460061 zr 3.929385242650331 0.00697638999306474
2460063 zr 3.50696898118641 -3.5324922175666487
2460067 zr 8.83279211072489 1.8013111235100803
