jd filt fluxerr adjflux
2458206 zg 5.688238513996368 0.3661316670546313
2458206 zg 5.374094173581877 -3.9521561962152987
2458230 zg 4.860874883735616 1.1198354952433078
2458233 zg 5.312488573777625 1.5527101576701625
2458236 zg 9.453668735371975 3.190267972278434
2458244 zg 4.407277380390367 -4.878443436798065
2458247 zg 2.4278942409844664 -1.5497973177145354
2458261 zg 5.30468696243108 9.045535997473792
2458269 zg 9.682487563106703 13.624738863849004
2458272 zg 5.039643162991177 0.2588558220096786
2458275 zg 2.2496824671794076 0.15167873618163696
2458278 zg 2.4161539889710872 3.080392199065429
2458281 zg 2.715450794958793 1.7697462622563904
2458284 zg 2.7981776081268146 0.6885526679387937
2458287 zg 2.80585803102542 -3.330351880574284
2458290 zg 4.495222773936693 0.0446003186527264
2458296 zg 8.41830757081454 9.045535997473792
2458300 zg 3.282639444082329 2.6418997027923012
2458303 zg 2.564731687673234 -4.775901398893851
2458306 zg 2.968012277384225 3.190267972278434
2458316 zg 5.48903106624684 -5.797084134741027
2458331 zg 5.928950145684692 5.297251165741756
2458334 zg 3.240583255823744 1.1198354952433078
2458337 zg 2.7521701292270127 -1.2326775447981504
2458345 zg 3.4534399385837236 1.0118657829049056
2458494 zg 3.3792153462990684 -4.980891073475326
2458560 zg 4.7725580477071015 7.213956213645437
2458568 zg 5.642937921421315 1.6611782355852684
2458577 zg 5.681852508241194 -6.000194452633798
2458581 zg 3.237599942422241 1.0118657829806716
2458584 zg 3.0134220395211853 0.6885526680334089
2458587 zg 8.351475133332553 4.739202187952588
2458591 zg 17.724984870472504 0.4735063624779696
2458598 zg 7.512767848674449 0.3661316673180355
2458606 zg 2.448103444517089 -0.5958032326942512
2458617 zg 4.146536814436227 2.314088855391873
2458636 zg 2.3917986133223175 1.878414333678197
2458639 zg 2.7659347944297323 3.962238506394211
2458642 zg 2.4753109610352593 0.6885526736667652
2458646 zg 4.636119325717197 -1.7607242180564648
2458651 zg 12.709156546212645 -16.88890280676642
2458654 zg 5.66855160950365 4.516701190989184
2458657 zg 2.966606611541678 -1.1267760699844205
2458660 zg 7.24178896022926 2.970617597592138
2458665 zg 2.4826366972462117 -3.848760596877494
2458672 zg 3.0805139772283288 -4.67326483132361
2458675 zg 8.001124342618674 9.739367098783585
2458682 zg 4.392237197826462 0.15167881463850003
2458685 zg 2.498694556346229 -3.122318903595835
2458692 zg 3.0947329836968778 -4.158661721926996
2458698 zg 27.92160563723733 24.84153377061294
2458705 zg 9.624540875903623 9.739367375157295
2458708 zg 6.352284235047513 2.75137181519614
2458715 zg 3.667498739837556 -2.391178104413423
2458718 zg 2.9995766229058765 0.15167944925207633
2458723 zg 4.0087080639996255 4.7392031459711585
2458728 zg 4.123685404115577 1.6611795194954975
2458729 zg 5.507795394235084 -3.330350519673878
2458734 zg 7.828560332778397 16.64783384867893
2458761 zg 8.756469115427533 4.183725490911427
2458893 zg 5.833178582977301 5.6377064364332075
2458901 zg 8.74151984454005 1.0179083489589213
2458913 zg 2.540464734671089 -1.2230466648395248
2458915 zg 5.622062751779015 -3.1119258532025764
2458944 zg 5.265744230951132 8.156242529567072
2458954 zg 3.2737982126609446 -5.041157066313128
2458963 zg 2.9968151826244616 0.10137344806736
2458963 zg 2.7119100273676993 -2.8571294229184083
2458972 zg 4.566160989069879 1.9543275223925258
2458975 zg 9.954062887355303 9.591133248670218
2458986 zg 2.463937940244113 0.2688987102014316
2458995 zg 2.5718281027599375 -4.314450632851803
2459009 zg 4.4904078213266905 2.9798954297233293
2459016 zg 3.419919384328986 -3.3648470071348884
2459019 zg 2.3835801769565657 -3.341620192331556
2459022 zg 2.432370709167553 -1.013560034530434
2459025 zg 2.4094871236387116 3.102866892434186
2459028 zg 4.183610259381548 -7.630980107600227
2459033 zg 8.550410153032251 -1.1183877414695527
2459036 zg 5.616887024501733 -2.761358658776396
2459039 zg 2.477591856913149 1.2969942401791383
2459042 zg 2.445849695966988 -0.163457379033214
2459051 zg 4.270745117031802 9.827784859000188
2459064 zg 9.977684852789249 -0.02104096939808564
2459233 zg 3.3779398135436054 6.017878433539588
2459254 zg 2.808505488380578 9.067490137121553
2459268 zg 3.2980095376177894 3.6495041867696054
2459275 zg 7.754450350808435 13.565938184029864
2459291 zg 2.4100706004646795 4.871779899863037
2459302 zg 10.697683783414423 17.059673886984143
2459307 zg 3.953706527407234 9.923949794302127
2459309 zg 3.106704359438229 6.944543544847257
2459311 zg 2.547494004967468 5.827867196604523
2459313 zg 3.6930130811439588 8.462349217506386
2459316 zg 2.2306414341572447 -4.242919001860502
2459319 zg 2.7648735693539863 5.8427845491995996
2459322 zg 3.385445827728669 1.6964898527291767
2459324 zg 3.4091955058122174 5.935132911942684
2459334 zg 6.680004140109597 -1.72119070442914
2459339 zg 2.5592527030298653 5.693283790479051
2459341 zg 2.2106562869201625 4.164962916868895
2459343 zg 2.8475128532694645 4.3310217373333515
2459345 zg 2.74310187887472 8.912605665620429
2459349 zg 2.37481489921554 1.79882848771142
2459352 zg 2.6124136097334576 3.0842565279572494
2459358 zg 10.745034003911119 -0.439952229604903
2459361 zg 8.325235580103838 5.3228229575025745
2459363 zg 4.863740376629236 12.20449466855332
2459368 zg 2.4122913800695724 3.168705947582896
2459370 zg 2.545148756471971 4.39386605968242
2459376 zg 2.7294508415994785 3.1137931392136293
2459378 zg 2.7219194999402307 2.7600676261413977
2459386 zg 8.891845661966512 9.618674625245784
2459390 zg 7.628558454393927 20.335760259899544
2459392 zg 3.6810352243358446 3.018171580041556
2459396 zg 3.1744144162203365 -0.06509998727514521
2459399 zg 2.665888232322777 4.478544224250117
2459405 zg 2.9502577527291254 2.9933189223596735
2459407 zg 3.2996176860882502 4.123024941942428
2459409 zg 3.038247740940509 -1.5190569192462577
2459412 zg 4.104738790710076 5.751763236246345
2459419 zg 12.738020073419435 26.653461424583842
2459423 zg 3.8842185053531044 2.2649242894372605
2459427 zg 3.944300306135504 10.57620329593582
2459429 zg 5.2807509855580355 -5.636548993352525
2459434 zg 3.2965800249989843 3.5659918098601917
2459438 zg 3.858068846603842 7.725690568921592
2459440 zg 5.730305795529408 5.401942731696377
2459443 zg 11.622129402423633 5.897492300341927
2459447 zg 10.340542436698719 11.280777225255363
2459450 zg 11.99624374174472 -11.948633314899837
2459454 zg 3.5824558425996527 2.2016338085097242
2459457 zg 4.644667243622457 2.3686163482148674
2459460 zg 3.602503651667487 -3.6366977345478193
2459462 zg 3.589061051890081 2.296456092336753
2459637 zg 5.497658999010317 -1.5312009017520931
2459675 zg 2.928599340786105 -0.8581318890821332
2459677 zg 4.034636654089415 7.250709796592921
2459694 zg 3.5758627893548205 -0.3476627923722635
2459696 zg 3.122220872876506 -5.197331066681998
2459698 zg 3.285664259507334 4.351007440733964
2459713 zg 8.259679435249316 4.923201705863088
2459717 zg 9.763949717791139 -3.079985314769558
2459723 zg 3.06071705596145 -3.9320692855550914
2459732 zg 2.9057998238239997 2.09825992274054
2459735 zg 2.5318731174504245 -4.808858017282142
2459741 zg 7.53662196363647 7.3336336956635515
2459743 zg 12.285427498828271 -20.872816944691465
2459747 zg 4.101724964259941 -0.6380124028923195
2459750 zg 3.0725568476681664 0.19168810071705278
2459752 zg 2.991575217573649 -2.849964039080156
2459755 zg 3.1239201674122317 2.0904082312261414
2459762 zg 2.8751463787464404 -3.4123243381478305
2459764 zg 3.1639031702994047 -0.4037090621097559
2459766 zg 3.3500547691572073 -1.2535869317672232
2459769 zg 5.0722399097948445 2.2404169887677083
2459771 zg 6.409612343225347 -0.8569360971408204
2459771 zg 8.031497557702396 -3.1453366257402595
2459781 zg 3.2288800172436236 -5.432334971742713
2459783 zg 3.175580918338861 -0.0664304477312021
2459790 zg 3.3209598325029344 1.2879688609645008
2459792 zg 7.553760176314127 -5.681031411467057
2459794 zg 3.7018248699663645 6.752834816140827
2459798 zg 7.040618973206603 -2.6422751118252203
2459806 zg 3.2055305987005527 4.922326867641909
2459808 zg 5.175391000782317 1.9667394032860863
2459810 zg 4.0114709638729 2.6075819512254323
2459815 zg 3.637607769655051 4.55594875201966
2459823 zg 4.810105539554646 3.5376338489728765
2459826 zg 7.551660869362731 14.97780341951334
2459828 zg 9.685360300168206 13.066620992167756
2459830 zg 9.709278260609226 14.963132720909837
2460016 zg 11.906397359228256 -1.270248759596681
2460043 zg 9.139359932065974 5.294242088583808
2460045 zg 4.606492670891167 0.5920281648817816
2460049 zg 3.2996176860882502 -0.1619533081498623
2460051 zg 2.6501209363259863 -9.162286093554041
2460055 zg 3.237599942422241 1.4361458813578216
2460057 zg 2.9529762922794447 -1.2341720420149067
2460059 zg 3.0076215203509253 -6.893313079513797
2460061 zg 3.0748446839932795 -4.463522074444639
2460067 zg 8.510420511095312 18.159067834531005
2458198 zr 4.059706285770577 5.634098916174196
2458198 zr 4.026193228634223 2.3262498738953354
2458219 zr 7.573928896424438 -3.4870916977689603
2458219 zr 5.147898371888235 4.160558114132584
2458230 zr 4.64991786028736 -6.719644903186918
2458244 zr 9.481252073294101 -13.807879206296889
2458247 zr 4.059706285770577 5.634098916174196
2458257 zr 3.9200771478275325 -8.147756566001362
2458257 zr 4.424693323095013 5.265204616558606
2458261 zr 5.991710897609437 -12.40065866514783
2458272 zr 5.460006855468538 0.13620137755930273
2458278 zr 4.432851420983452 6.0033331365119125
2458281 zr 3.967296088603277 -3.4870916977689603
2458284 zr 4.771394012588547 3.4258209866678158
2458290 zr 5.0539386374771915 -3.1262622744051782
2458296 zr 8.590723971729066 10.460771899362499
2458300 zr 5.759992415926711 -4.2077543007670215
2458303 zr 5.0446375077502665 -3.847588937953333
2458316 zr 4.675685388740598 -4.567588091739594
2458331 zr 5.081945047817097 -0.9542927264517971
2458337 zr 4.490380828243152 11.208479828189525
2458362 zr 6.008289500280932 -11.34183577428064
2458487 zr 9.58168606743664 21.0550652719409
2458487 zr 6.592581841259888 -18.34570558623962
2458487 zr 7.153719785057477 -6.719644903186878
2458488 zr 5.114815406022305 1.59488855688845
2458488 zr 5.219512771872789 9.714440031651165
2458488 zr 5.765300008857447 -3.8475889379532893
2458488 zr 7.477078231131802 10.834453697674277
2458568 zr 7.832936571087135 -8.503963151402978
2458573 zr 4.363984254777998 -0.22763150248249103
2458584 zr 4.732005941406066 0.13620137763877815
2458591 zr 7.92728751217899 -3.847588937821179
2458597 zr 5.1716599911473615 6.0033331367154
2458606 zr 4.029903197879848 2.6924360496008117
2458617 zr 5.035353495566798 -4.567588090905625
2458628 zr 4.327959369385393 -3.487091695990469
2458633 zr 4.007694551086542 0.5003695169698337
2458636 zr 3.923689335527679 -7.791221747993353
2458639 zr 4.078445038577566 7.483675497604869
2458642 zr 3.6467158859744053 0.8648732217188946
2458646 zr 6.521904483251833 -1.6796166170742752
2458651 zr 11.738588236843054 -8.859841801199945
2458654 zr 4.327959369385393 -3.487091687658075
2458660 zr 3.956349175088198 -4.567588076796675
2458665 zr 3.996636166568274 -0.5911294137725907
2458668 zr 3.9892808672417424 -1.3171216617319108
2458675 zr 6.53392934719341 -0.9542926874460008
2458678 zr 7.347370235840146 3.793020418055801
2458682 zr 5.561515961696681 7.483675554389782
2458685 zr 5.007603849540234 -6.719644830235382
2458692 zr 5.152641945669891 4.528434640386365
2458698 zr 5.035353495566798 -4.567587929757771
2458708 zr 7.8292691578091835 9.714440327134504
2458712 zr 6.667675169280935 7.113078830186654
2458715 zr 4.862168043631809 -17.99856730908169
2458718 zr 6.474025922871597 -4.567587558542906
2458726 zr 5.948697864647462 8.597517654541702
2458737 zr 8.983424819119632 -4.927089027655213
2458761 zr 7.679292742844784 1.96040677690683
2458764 zr 8.002575219681951 -17.303325177191812
2458764 zr 8.149380762454477 7.113085460746516
2458764 zr 7.213265615642322 -3.4870846925465333
2458764 zr 7.347370235840146 3.7930273761592854
2458766 zr 11.66315020642769 -11.341827979715099
2458766 zr 10.49687342317152 11.957574149831949
2458766 zr 10.429415272277566 9.34179712370338
2458768 zr 12.909328520708746 -16.25806594255816
2458768 zr 12.941063650676957 6.372916259882302
2458768 zr 10.410221263133058 8.597525475273713
2458768 zr 12.723436588830207 -11.341827105192849
2458770 zr 14.344512248248398 -15.209915256124159
2458770 zr 11.716984861766003 -9.570606913358088
2458770 zr 12.54209174469379 -6.003604000440558
2458770 zr 12.611593769375666 -3.847579300408907
2458850 zr 9.507485967692135 -12.752483198544892
2458850 zr 9.188185719779073 38.664971331296556
2458852 zr 10.016129404977821 -20.076097156236166
2458852 zr 16.23670906715758 -35.300684397636225
2458854 zr 4.975422486339842 -9.21483634837968
2458854 zr 5.330809806792688 -9.21483634837968
2458854 zr 5.791911424590361 -2.041221349139353
2458854 zr 7.832936571087135 -8.503406657681712
2458856 zr 5.267362262941167 -13.807271983654498
2458856 zr 6.1143578160453975 -4.566980869097204
2458856 zr 6.125631259411038 -3.8469817153109425
2458856 zr 7.963878208811746 -2.0411706202425925
2458893 zr 6.091873133136984 -6.000793502952979
2458912 zr 4.658491219457693 -5.997756662791135
2458916 zr 5.096006398437302 0.1429985371629748
2458944 zr 7.2465605369464825 -1.6612599272213626
2458966 zr 4.007694551086542 0.538116836811787
2458972 zr 4.833317015026062 8.643048768227539
2458975 zr 7.700540754532485 3.1088935282215386
2458978 zr 9.446594575525012 -0.5364215251757336
2458981 zr 5.138424321249206 3.485700852746186
2458986 zr 3.5604257141305165 -8.434505060004899
2458992 zr 3.6770702656344536 4.243256719343808
2458995 zr 4.0003189002131645 -0.13752633862965508
2458998 zr 3.887716735475897 -11.243756541192429
2459001 zr 4.692943020514535 -3.019607493970329
2459012 zr 3.553873204528459 -9.07156915521848
2459019 zr 3.586756788420953 -5.472323078898174
2459022 zr 3.6400045703123585 0.3228083810057976
2459028 zr 4.9026395526229525 -14.6428652082683
2459042 zr 3.636653545648332 0.07644705155342507
2459045 zr 3.593369927647853 -4.601127326177606
2459048 zr 3.570277137916583 -7.085276386229745
2459051 zr 3.952706920412638 -4.55361509030678
2459064 zr 10.628295551825703 -22.334667326953845
2459130 zr 6.5099017495392575 -0.8472557244480226
2459130 zr 5.781252150034189 -1.2087504327356027
2459130 zr 5.765300008857447 -2.291239008923189
2459130 zr 5.390054891471779 -3.370740687091772
2459130 zr 5.921366080657547 8.299172521561157
2459217 zr 20.08413719223993 -28.214436389550144
2459218 zr 9.846132892130894 4.302832325319744
2459218 zr 9.481461303533454 4.302832325319744
2459219 zr 7.266611211942317 2.8612218484833067
2459219 zr 9.22660519493313 9.086450199060675
2459219 zr 10.239999297348897 -8.242750575510616
2459220 zr 8.111937759007523 8.731632171604614
2459220 zr 9.485100516769656 20.32683565836103
2459222 zr 11.718273303528212 18.83919922618036
2459222 zr 11.051549765265193 8.390265008047653
2459231 zr 5.190308690204549 -15.785964635768941
2459233 zr 4.723297287762506 3.0276888944931613
2459254 zr 4.300145741037871 -2.2717443309652463
2459256 zr 4.35996672716539 3.1423599591146867
2459266 zr 4.304108146105143 -2.034263580328128
2459267 zr 6.789777299026252 -3.479724994039888
2459270 zr 5.021459503789334 -2.0875591295980844
2459271 zr 7.77914603841812 30.77709486692382
2459273 zr 9.139304992845316 21.898912335148275
2459275 zr 9.163793137520315 -8.908629304469947
2459280 zr 5.277074044937595 -9.67719572242279
2459291 zr 6.926788457769149 -15.7486413819813
2459291 zr 6.15957645640451 1.6107647996993975
2459291 zr 6.069471134458191 -4.143976981389171
2459291 zr 4.884610791619526 -12.967693188902542
2459291 zr 4.327959369385393 -0.19671027502555072
2459291 zr 4.3479363221678895 1.6107647996993975
2459291 zr 4.082203155688162 11.14499544466817
2459291 zr 4.316017281914398 -1.2772066689961847
2459291 zr 6.233771087002487 6.349341072574662
2459291 zr 4.280388366030196 -4.500840328309591
2459291 zr 7.173513576841906 -2.3547216619536884
2459291 zr 4.758228361113172 5.6166312966387455
2459291 zr 6.361718294415104 -8.05145435153723
2459291 zr 5.54617013600441 9.663289013537922
2459291 zr 5.128967706392534 5.982817471958258
2459291 zr 5.223879951648217 -13.664852426041405
2459291 zr 4.793417766686264 8.555586039302016
2459291 zr 4.984595999782723 -5.213581728683932
2459291 zr 6.103105120014988 -1.995880756134666
2459291 zr 6.291793118021541 -12.269248553458835
2459291 zr 6.103105120014988 -1.995880756134666
2459291 zr 5.063256916308312 0.8867757692652432
2459291 zr 5.058595631279916 0.525281060977663
2459291 zr 5.802590352351626 1.9732597360085307
2459291 zr 4.256799304781946 -6.635131814433107
2459291 zr 4.4003090025899905 6.349341072574662
2459291 zr 3.690642077973252 8.924480338917606
2459291 zr 5.035353495566798 -1.2772066689961847
2459291 zr 4.4124843187613445 7.450939536875994
2459291 zr 4.026193228634223 5.6166312966387455
2459291 zr 4.975422486339842 -5.925011419381901
2459291 zr 4.811109940534257 10.033204015274423
2459291 zr 4.36800548437483 3.4265828003027123
2459291 zr 3.5966810682619985 -1.2772066689961847
2459291 zr 3.981939104405873 1.2486035798584267
2459291 zr 4.022486674823458 5.250782235981335
2459291 zr 3.974610853148505 0.525281060977663
2459291 zr 4.007694551086542 3.790750937214811
2459291 zr 3.974610853148505 0.525281060977663
2459291 zr 4.363984254777998 3.0627499202255577
2459291 zr 4.376059063169286 4.155254639887135
2459291 zr 4.308074202363521 -1.995880756134666
2459291 zr 4.323975006643085 -0.5572075152099232
2459291 zr 4.351942764263719 1.9732597360085307
2459291 zr 4.029903197879848 5.982817471958258
2459291 zr 3.959994785949614 -0.9173728780236119
2459291 zr 3.9929568232848616 2.3360886962916125
2459291 zr 4.284332565499899 -4.143976981389171
2459291 zr 5.086627848359622 2.699251988340238
2459291 zr 4.082203155688162 11.14499544466817
2459291 zr 4.052234913930571 8.187031347471718
2459291 zr 5.128967706392534 5.982817471958258
2459291 zr 4.35595289812894 2.3360886962916125
2459291 zr 5.325902209893637 -6.280235128159104
2459291 zr 4.966265855578937 -6.635131814433107
2459291 zr 5.385092752954401 -1.995880756134666
2459291 zr 4.998387993083217 -4.143976981389171
2459291 zr 4.679993837940453 -0.9173728780236119
2459291 zr 5.0399933639358725 -0.9173728780236119
2459291 zr 5.439928455329649 1.9732597360085307
2459291 zr 6.667675169280935 10.4034598782675
2459291 zr 5.385092752954401 -1.995880756134666
2459291 zr 4.718948972973019 2.3360886962916125
2459291 zr 4.784596092407756 7.818815950782055
2459291 zr 4.654202565783773 -3.071412720121812
2459291 zr 5.5257748826325965 8.187031347471718
2459291 zr 5.0446375077502665 -0.5572075152099232
2459291 zr 4.740730651766727 4.155254639887135
2459291 zr 4.3120439131774235 -1.6367091933785063
2459291 zr 4.815543177814009 10.4034598782675
2459291 zr 4.714604661285695 1.9732597360085307
2459291 zr 4.9480031178784145 -8.05145435153723
2459291 zr 4.762612870221639 5.982817471958258
2459291 zr 4.723297287762506 2.699251988340238
2459291 zr 6.125631259411038 -0.5572075152099232
2459291 zr 5.200318754587136 11.516275777124024
2459291 zr 4.4533125334779955 11.14499544466817
2459291 zr 5.0539386374771915 0.16411914833823138
2459291 zr 5.733527654717161 -2.713232215241574
2459291 zr 5.162142210277516 8.555586039302016
2459291 zr 6.109728497335227 22.81519747794279
2459291 zr 6.789777299026252 -3.786784799770358
2459291 zr 5.759992415926711 -0.9173728780236119
2459291 zr 5.350485457537744 -4.500840328309591
2459291 zr 4.692943020514535 0.16411914833823138
2459291 zr 4.762612870221639 5.982817471958258
2459291 zr 4.718948972973019 2.3360886962916125
2459291 zr 4.966265855578937 -6.635131814433107
2459291 zr 4.980007130781901 -5.569460386761348
2459291 zr 5.375182176297338 -2.713232215241574
2459291 zr 5.110106655731891 4.520094217527019
2459291 zr 4.797834701365227 8.924480338917606
2459291 zr 5.016836697877515 -2.713232215241574
2459291 zr 4.482116854815165 13.751153322105909
2459291 zr 6.580449034880691 -15.7486413819813
2459291 zr 5.546536963695649 -15.402142414916325
2459291 zr 5.257668354241301 -11.219166292957807
2459291 zr 4.004005027343594 3.4265828003027123
2459291 zr 4.697267371902778 0.525281060977663
2459291 zr 4.667080385893814 -1.995880756134666
2459291 zr 4.327959369385393 -0.19671027502555072
2459291 zr 4.316017281914398 -1.2772066689961847
2459291 zr 5.0913149639076645 3.0627499202255577
2459291 zr 4.624292335726051 -5.569460386761348
2459291 zr 4.436936108803528 9.663289013537922
2459300 zr 7.890864934526096 -2.4629875345192285
2459302 zr 7.442724177229772 12.128026124651091
2459307 zr 4.3479363221678895 1.420761062507078
2459309 zr 4.957126076429541 -7.556914715858422
2459316 zr 3.721362088614886 11.967845340168976
2459322 zr 5.566640666847494 10.786840006645807
2459324 zr 5.0446375077502665 -0.9370830460280408
2459328 zr 7.280009140624717 3.0037485586429975
2459334 zr 6.165252249373602 1.4871733705314227
2459336 zr 4.319994311945034 -1.424231704145937
2459339 zr 3.934545881781612 -3.966992848967889
2459341 zr 4.256799304781946 -7.193251104595043
2459343 zr 3.941800262618048 -3.2915903912776625
2459345 zr 3.927304851708241 -4.742424126314311
2459349 zr 4.052234913930571 7.54885158198525
2459352 zr 4.316017281914398 -1.94480056743007
2459358 zr 8.377696243441541 20.945757463568633
2459361 zr 8.71190579625788 1.5821952649492816
2459363 zr 5.181195320575354 9.260521870225979
2459365 zr 4.771394012588547 5.924870725675012
2459368 zr 3.869854299620903 -10.633582853463414
2459370 zr 3.956349175088198 -2.1145600553889814
2459376 zr 3.5999952599541944 -1.8088349584620804
2459378 zr 3.8984737483154994 -7.898933551055061
2459382 zr 5.195531289057661 10.200618195381436
2459384 zr 6.170933272349332 1.3743337180671293
2459386 zr 7.21991233925313 -0.8148848354967146
2459390 zr 6.945954348045441 -15.721305965529726
2459392 zr 6.28021387493939 -13.997681349360283
2459394 zr 5.465038024208921 2.7440191998064645
2459401 zr 3.956349175088198 -2.3815702338344256
2459405 zr 4.327959369385393 -1.3333391959700442
2459407 zr 4.351942764263719 0.8206771660472438
2459409 zr 4.213889810352934 -11.685915827896016
2459412 zr 5.51052767688011 5.891450202123833
2459425 zr 5.072592375862538 0.31981355318929916
2459434 zr 3.934545881781612 -4.786003468394799
2459438 zr 4.428770493567902 7.539200039984976
2459440 zr 6.41432336656229 16.481251729389477
2459449 zr 6.131275773295974 -1.6583230007632856
2459450 zr 7.898136037666455 -3.464279257734535
2459452 zr 5.959665869872896 11.15027614243508
2459465 zr 5.429916960553463 -0.3186117621868414
2459467 zr 5.200318754587136 9.93629630046898
2459470 zr 5.867078670119988 4.750392453773843
2459491 zr 5.883312425015126 5.7249686024231226
2459491 zr 5.770612492513858 -1.9226812094784222
2459491 zr 5.744098936484694 -3.7218516905875374
2459491 zr 5.5923351127208445 11.27885051994166
2459491 zr 5.654860706146759 -9.777425285990102
2459504 zr 13.943182771436472 -15.116209976362736
2459504 zr 12.365293516105906 -20.65258934192948
2459504 zr 11.02105535376022 5.283625151624084
2459504 zr 11.398917823466807 5.65116289481981
2459505 zr 11.541224985027716 -2.002017911765388
2459505 zr 10.940871247176476 -22.37157381323288
2459505 zr 10.140647655791525 14.193107808411474
2459505 zr 8.703885528527438 0.1679520992686936
2459637 zr 6.2280322149052205 3.6015890683059997
2459641 zr 4.376059063169286 1.7606072489150923
2459675 zr 3.996636166568274 0.19825186816494422
2459677 zr 5.030717898706994 -4.143556555625985
2459679 zr 4.284332565499899 -6.656628273003378
2459683 zr 5.434920402709862 -0.9133656934888954
2459694 zr 5.0539386374771915 -2.390713018511149
2459696 zr 4.3479363221678895 -0.9495158551509468
2459700 zr 4.284332565499899 -6.715033834240063
2459709 zr 5.495322542563429 3.3880921466078124
2459709 zr 4.736366287647732 1.196025611864366
2459713 zr 9.09163386412083 0.45775679599657115
2459719 zr 5.176425460270782 7.04317764964871
2459719 zr 5.813288969553853 0.07914062445102621
2459725 zr 3.859176256090046 -13.503389730030829
2459730 zr 3.88413766451165 -11.051687770371784
2459732 zr 4.044777292197899 4.799206193749667
2459735 zr 3.967296088603277 -2.8555265183035567
2459737 zr 4.3479363221678895 -1.052729682696615
2459741 zr 7.049071644246396 -11.783024499335427
2459747 zr 5.224322335339102 10.691444557587218
2459750 zr 5.311206510460222 -10.037015057698758
2459752 zr 3.9092605249813044 -8.622505664367749
2459760 zr 3.9381714018170393 -5.786279686670155
2459762 zr 3.9892808672417424 -0.7458702810205703
2459766 zr 3.9200771478275325 -7.584936761138308
2459773 zr 7.483783645852562 -7.599393712274666
2459775 zr 6.15957645640451 -1.135315697739869
2459775 zr 6.808564089976628 -5.45931271268084
2459777 zr 3.927304851708241 -6.894089319030395
2459779 zr 3.974610853148505 -2.228833251519606
2459783 zr 4.308074202363521 -4.757910305562682
2459786 zr 4.376059063169286 1.3873654258283417
2459798 zr 5.845503321168349 2.0945848033268666
2459806 zr 5.0913149639076645 0.257422693829335
2459808 zr 4.701595708000575 -1.922144434688142
2459810 zr 4.688622650167509 -3.0091968420096733
2459817 zr 4.920734856537817 -12.990940617012031
2459828 zr 7.186739855295706 -4.480127425722465
2459856 zr 7.793296933586492 8.257392618888808
2459856 zr 6.877894816701054 -1.6389992459209353
2459856 zr 7.233224166154732 -2.000827056514119
2459856 zr 6.941535193887414 1.9976671538524542
2459856 zr 7.490679640552842 -7.388443154088954
2459862 zr 11.626577939107706 -0.19723529515763227
2459862 zr 11.568142313965154 10.48132825550082
2459862 zr 10.786079643919152 -16.9094380431687
2459862 zr 10.706896950148705 -19.682712798550902
2459862 zr 11.189633673511942 -26.527155069525257
2459937 zr 7.84370449592654 10.75882503620344
2459937 zr 9.377245300335018 -3.1890385609280187
2459937 zr 15.622646482354668 -9.272563414061572
2459952 zr 10.192950774256907 -13.174671994682638
2459952 zr 8.29525545798867 -3.2052037340071258
2459952 zr 9.644061257518462 -20.829440113390046
2459952 zr 11.791524923474201 -29.005084871032533
2460016 zr 7.016684101981903 -13.936672002513681
2460021 zr 4.343933568442771 -1.823666839253817
2460032 zr 4.679993837940453 -3.9983824354482413
2460043 zr 6.456162219157715 -5.444120203241035
2460045 zr 5.181195320575354 6.942316718734809
2460051 zr 4.319994311945034 -4.012660599865631
2460055 zr 4.339934499692839 -2.2113915117308367
2460057 zr 6.877894816701054 -1.8509875030605483
2460061 zr 4.316017281914398 -4.379613793986274
2460063 zr 3.985608295320565 -1.4930347211059167
2460067 zr 9.595669402730454 5.817926892069444
