jd filt fluxerr adjflux
2458207 zg 9.205864451325455 -3.276872552175476
2458207 zg 9.130394304440747 20.928067632022476
2458223 zg 2.2503282098564283 -2.8699747111992835
2458233 zg 5.055696739158355 -0.1126372545999601
2458246 zg 2.3795232684005203 6.245437563624783
2458249 zg 2.664470042228511 2.6537093232219817
2458262 zg 5.149994050260011 1.8387648979522595
2458267 zg 11.51259209252146 1.9157013201002968
2458273 zg 2.33997297497548 -2.5274408864022817
2458279 zg 2.3272469960163122 0.21845245412973924
2458282 zg 2.475008710049094 0.21845245412973924
2458294 zg 8.806999314053062 -16.337191914360872
2458300 zg 4.669879237355756 0.03417495189181352
2458303 zg 2.5094395109162297 0.7764042012979004
2458333 zg 4.197877707196556 8.597996163612699
2458336 zg 3.279602294304985 1.0394314372353648
2458488 zg 3.0691866657951583 -6.895770748827154
2458488 zg 3.0402953923941856 0.36648668986470767
2458492 zg 3.380207190481638 0.4407085759166165
2458493 zg 2.556911999664479 -6.033840752396998
2458494 zg 2.3705721577261185 3.007825430750053
2458495 zg 2.338201328467339 -0.22239200383260993
2458495 zg 2.6105598158838306 -1.5866851317434367
2458502 zg 12.777951410421059 -13.463423493765287
2458508 zg 6.187506986110504 -8.496583187086017
2458508 zg 6.353522858542753 -0.6945070869619698
2458539 zg 15.431087420100608 -18.409505259585902
2458544 zg 4.49057473861961 8.866687542418475
2458568 zg 6.707265795246272 8.020900414257262
2458582 zg 2.6567520213511067 1.9157013201002968
2458585 zg 3.349447399967675 -2.007688320686043
2458588 zg 5.908451260626566 -5.213327398059143
2458591 zg 18.057143928183304 0.70156451024598
2458594 zg 12.07720530729042 -10.019725384601617
2458597 zg 3.326791124994146 -1.8678706167692525
2458606 zg 2.166157127017228 2.1086635534572338
2458617 zg 6.409898863853813 0.10778413295138733
2458628 zg 2.412210955633914 0.4035805426710297
2458633 zg 2.5070343107302473 -1.5513910453611572
2458634 zg 2.449063066774117 -1.9028733488883063
2458634 zg 2.4661801001180987 -3.2093681670145244
2458635 zg 1.9812073135893795 -2.801720101745957
2458637 zg 2.306990809941232 -1.9378438571416723
2458640 zg 2.4159815779862432 2.419257436540377
2458643 zg 3.864576680483682 2.069999984153853
2458649 zg 10.412745741219492 14.464233352459487
2458652 zg 5.794098489235284 -1.762668780151138
2458667 zg 2.6467658421684304 -2.077404244399929
2458670 zg 3.4941732803600125 2.263674427784217
2458673 zg 5.2581135992993095 0.8889225427193423
2458677 zg 7.431451663390415 3.724924910816121
2458680 zg 9.658756636916682 10.04832882087554
2458683 zg 4.731759358807297 -6.529092300002603
2458683 zg 3.325844416060047 -3.7792112574068497
2458686 zg 3.0760722484675966 2.928879093413059
2458686 zg 3.0833993927634666 -4.274657617215169
2458692 zg 4.031994691148698 -0.802656289598147
2458853 zg 3.2016449005995904 -3.6792979531617718
2458856 zg 3.3180871656321513 -9.097934125812671
2458874 zg 2.230544241573572 -4.274657617215169
2458877 zg 2.282201258821722 2.1086635534572338
2458896 zg 3.3769795204354573 -6.251411608758644
2458900 zg 2.5784765872264335 -2.5618364115250856
2458914 zg 6.4478137303703935 -17.664902454911
2458937 zg 2.2760234465103566 -3.006107319561984
2458940 zg 3.6040697554251566 -13.801981410238248
2458944 zg 7.010792593807495 -1.4453135341390393
2458963 zg 2.4380682815408985 0.21845245412974032
2458969 zg 3.8665927018436 -1.3744321832390862
2458972 zg 5.038729469277374 -1.089597481772782
2458980 zg 1.868377456090591 -3.006107319560591
2458986 zg 2.324521934885437 -5.7834646362186675
2458992 zg 2.149481188467913 -8.351681875191861
2458995 zg 2.434222529611693 -2.6648331138571946
2458998 zg 2.9807737997554167 1.0771453818220136
2459012 zg 2.1940295796922515 -2.07740410410509
2459018 zg 2.178672320983136 -10.320814566712416
2459024 zg 2.21807757783971 -3.9451157112755446
2459027 zg 4.334346370192618 -1.9378309891762309
2459032 zg 8.036172663813986 -10.211629742840744
2459036 zg 5.064761694485095 -5.085193667181015
2459040 zg 2.5644363010051117 -5.084931554682625
2459045 zg 3.1204936468813242 -6.342840928425095
2459218 zg 8.187137728054369 66.44548627688474
2459227 zg 3.131699055439235 59.90297779571505
2459227 zg 2.7401933939886387 54.35490488402735
2459229 zg 2.7924599160631343 55.5269230503264
2459230 zg 3.182734268353431 57.86221445390733
2459250 zg 4.31443185756766 47.74252004806773
2459253 zg 2.5061090738835707 47.7722008352067
2459255 zg 3.8026625767438498 43.49209645498449
2459257 zg 2.4718446997309416 38.365071967013236
2459264 zg 2.505017946793444 45.185771161402
2459268 zg 3.4426425768666653 45.907929430327954
2459270 zg 7.137269508884568 41.270699447297446
2459272 zg 12.08458355055482 27.997188371803457
2459290 zg 2.4043626281317043 34.7915708330236
2459292 zg 2.5164751962585465 32.44804453411334
2459301 zg 13.390014056499622 20.430599554580674
2459305 zg 7.88074217077143 36.88826158126943
2459307 zg 3.7904539781078928 32.38921947629399
2459311 zg 2.547787440123533 29.139137653936643
2459313 zg 3.9602592233388876 26.47270765595399
2459321 zg 2.596718003907706 28.64600017255237
2459325 zg 4.462921661843845 22.139157905058617
2459329 zg 10.012546762982115 24.22953965890585
2459335 zg 3.015726247636768 28.087150208337395
2459340 zg 2.76496575175452 18.833651382221014
2459344 zg 2.102976527802165 17.17500282349844
2459346 zg 2.4074153187267666 22.98206758959014
2459348 zg 2.1050052305945703 22.834997150059866
2459356 zg 7.179246845033495 16.117097125552718
2459361 zg 8.30395104902653 13.420693830435788
2459363 zg 2.58175793932518 19.106851730617823
2459365 zg 2.5819689762398124 22.53603216945306
2459366 zg 2.660602662292803 16.555472868794162
2459368 zg 2.317351513797632 12.892962434498159
2459370 zg 2.7364333675804247 13.084542164301894
2459374 zg 2.873324004558872 15.99217301185509
2459376 zg 2.6778189772229406 14.861461639473696
2459378 zg 2.523068376159453 14.637588558285895
2459387 zg 14.150650378542071 4.281073034818515
2459391 zg 5.520901730659678 14.299317364288296
2459393 zg 6.2652726847089255 16.802208077056175
2459395 zg 2.9824970399477175 16.69110752814439
2459397 zg 3.0731559614611337 15.341981041369902
2459400 zg 3.466009769757759 17.0897067656576
2459408 zg 3.683725829340523 9.162406889610809
2459419 zg 9.625057055199905 3.6005984068778893
2459423 zg 3.6786608999799126 17.88543529579465
2459600 zg 7.58491730658513 12.572739197022013
2459641 zg 2.4833953550654595 3.956771254345279
2459673 zg 2.4797494020166213 -12.112286306981181
2459677 zg 3.9399190536342665 -2.2262869113475303
2459679 zg 3.81108723970251 -2.8405558270088562
2459682 zg 7.067370346877333 -4.728278066746146
2459687 zg 11.322709805992018 -15.981258023202653
2459694 zg 3.5793711003683315 -8.843303059619089
2459697 zg 2.1119985633398075 -0.9037769956907673
2459699 zg 2.8887870012773833 3.351813678125147
2459699 zg 3.4103612119819853 5.137858040896681
2459701 zg 2.7796164774482035 -5.494709059704064
2459710 zg 5.764050869932213 0.8036229853511805
2459711 zg 7.518981493475525 13.588063485102387
2459715 zg 12.309294244824535 -3.328021843161155
2459722 zg 2.7013878848809045 -2.008284992055266
2459722 zg 2.961556016984586 -9.50855425271724
2459724 zg 2.914001401340827 -3.8524357646673097
2459730 zg 2.4366689636191126 -4.393864777165156
2459730 zg 2.640710879192765 -4.580783898977209
2459732 zg 2.704172708211073 2.443941225232626
2459734 zg 3.934914210357933 2.7233003600985226
2459738 zg 5.382615525836346 -0.2030489054682989
2459747 zg 4.1929879479964525 -1.7796211247149338
2459749 zg 3.1621655363301095 0.5014164941407362
2459759 zg 3.1245312850569595 -2.1310186740860537
2459759 zg 2.9133759556298577 1.944686507817689
2459761 zg 2.7362783715919927 3.216420483531097
2459763 zg 2.978519036840734 -1.0416164539927575
2459770 zg 6.474574175034576 3.1372850317882803
2459770 zg 8.281106395103386 -6.935384995816818
2459951 zg 17.685870492810146 -28.63219335120844
2459957 zg 9.118180866596008 1.1595168189408063
2460016 zg 6.820601084827152 8.39929098476403
2460021 zg 3.59054123077921 -6.087942208658453
2460045 zg 3.9283216489571227 -5.049724149961673
2460049 zg 2.978061407698851 3.9643013070669935
2460055 zg 2.6496989377284743 -2.8538606804078746
2460061 zg 2.708898009734632 -1.5465578978329737
2460063 zg 3.4409127713654057 -1.2307005539889095
2460065 zg 7.770693478765488 5.1298214673043905
2458198 zr 3.3885608242861385 1.376793988155221
2458217 zr 4.302191682295122 -4.452254346396543
2458217 zr 3.2933848123513823 1.533405370101832
2458218 zr 3.4388662557221052 2.2170774990168667
2458219 zr 5.9227811351114035 4.317902532928372
2458243 zr 4.3055192393401365 -6.017557971725104
2458246 zr 3.847658610585424 -1.6662514692942239
2458256 zr 3.3145516357269216 -5.926831925300711
2458256 zr 3.186617394867 4.427684747173288
2458256 zr 3.253523444704712 4.6478567869155185
2458262 zr 6.086578458114533 -4.778542060329563
2458270 zr 6.153740150264973 9.642878308686704
2458279 zr 3.168339880699027 1.1686508175136012
2458282 zr 3.12269754989338 3.23113147320111
2458288 zr 3.708451931503574 -2.933569616806089
2458294 zr 6.895553769335709 -18.88102738261746
2458300 zr 4.612020489220379 -7.534603417687599
2458303 zr 4.389351697809188 0.19037555566936248
2458306 zr 5.635106141201131 4.758247359504438
2458325 zr 9.76570629936426 -0.56994484215857
2458336 zr 4.509227020040737 -7.226142091722068
2458458 zr 7.752811735320812 -11.610452426877593
2458462 zr 5.61316481430911 2.2700075051470634
2458462 zr 5.468789762024152 1.3246862833347848
2458462 zr 5.6460318179141025 12.139263454003412
2458462 zr 12.804158373630024 -5.926831925300711
2458465 zr 5.675534660773193 -1.170683231023503
2458466 zr 8.903341233665152 -2.4010979893486635
2458466 zr 5.543360999110309 7.469553348915774
2458466 zr 5.6247814141107035 -7.137644391272829
2458466 zr 4.387540936753432 -0.4691746733681157
2458477 zr 5.980010257593429 9.702650880750639
2458487 zr 3.65692051827285 -2.9817091577214043
2458488 zr 3.697716819021177 -0.971174380753844
2458492 zr 4.450276016969431 4.427684747173288
2458494 zr 3.385140756334946 -0.3682187079945507
2458509 zr 7.112450611401343 -2.692205715466379
2458539 zr 8.523279441300373 13.835462769469032
2458557 zr 4.432306476826277 -4.029638592975793
2458573 zr 4.0784198848256885 -5.470686352609853
2458582 zr 3.9821797048679985 -4.358642246800173
2458585 zr 3.3631870312853223 -2.3037040379666607
2458591 zr 13.977876736137704 -10.056965182789007
2458594 zr 12.078207171209945 -28.94443179801492
2458597 zr 4.069260766528473 2.9089847397797044
2458606 zr 3.320590228594009 0.24143804043335138
2458617 zr 4.903828442446093 -4.029638592975793
2458628 zr 3.667881409782814 6.04246279443182
2458633 zr 3.208930252806445 -6.153334069182428
2458634 zr 3.0119875981351396 -0.7207524745610812
2458635 zr 2.518287284256914 -2.6437994091957364
2458637 zr 2.846398414067118 2.005844305045791
2458640 zr 3.014074207493023 0.24143804043335138
2458643 zr 3.46756642382952 -3.651027880007767
2458649 zr 9.732280034978116 4.813518947743312
2458652 zr 6.948202610725318 4.6478567869155185
2458655 zr 3.3146866441246483 1.9005191793701144
2458658 zr 3.9354274988294464 -1.814034075692824
2458661 zr 3.2006026755462136 1.7428948246000715
2458667 zr 3.3881316549109615 -3.4129756155444966
2458670 zr 4.182440607835619 -6.915685617406737
2458673 zr 4.504281601940906 -3.7459422536312346
2458677 zr 6.1281364511717475 5.817162289067312
2458680 zr 6.902217389761381 -10.881365337888816
2458680 zr 8.484644044336676 4.208322358852577
2458681 zr 7.560176324856913 -14.182699782929056
2458686 zr 5.110832398940459 -12.208859394807376
2458828 zr 5.470310045914245 -7.709976189381479
2458828 zr 5.62708110703903 -4.311771492335012
2458828 zr 6.6822637621662615 3.2849958878022605
2458828 zr 9.11278611706174 1.6380536239191628
2458856 zr 7.5453410766513205 -0.971174380753844
2458874 zr 3.5058758405353263 -6.423763361677729
2458881 zr 3.4287328525910543 -4.917736959843438
2458887 zr 4.501070147657974 4.372768361763562
2458895 zr 4.103861109139767 2.641885705963432
2458900 zr 3.1768768517048067 -15.116924883563975
2458905 zr 3.3580093645075033 1.7428948246000715
2458911 zr 3.5115748419607784 -17.098046117844852
2458954 zr 4.979203980587906 -8.620157666948984
2458972 zr 4.614260410210713 -6.108117048426402
2458986 zr 2.7637173085660693 -6.8266155076913115
2458995 zr 2.800850678554087 -0.9211822097097689
2458998 zr 2.9466592860732863 -0.06423258674585895
2459001 zr 5.8718266349048305 -6.558418576286453
2459009 zr 5.943271008930114 12.699983542844095
2459012 zr 3.1087937914651276 -13.032859494254513
2459015 zr 2.992339335877617 -7.446671108189426
2459018 zr 2.989802346429618 -3.6984990398169817
2459021 zr 2.6799699383350433 -5.056529591600445
2459024 zr 3.2748163335409535 -11.328312922497338
2459027 zr 4.0150590379598485 -6.243552725472872
2459032 zr 6.459277401495018 4.208644362152119
2459036 zr 7.441763434270668 5.986909254998964
2459040 zr 3.317533259972061 0.19252843574016235
2459043 zr 3.9842907181105347 7.4737658498334865
2459045 zr 3.093319569255856 -9.210730126190104
2459186 zr 9.886795014145795 46.632042402258456
2459186 zr 12.503678254768646 54.17123302551432
2459189 zr 7.881460935335653 53.02604714807448
2459189 zr 7.045759339137548 36.680948404221496
2459189 zr 8.300950134485097 45.145582506010236
2459189 zr 9.051651088427995 50.20808688267029
2459190 zr 6.654445899206185 45.29332619010658
2459190 zr 5.48860225381269 37.69391591770631
2459190 zr 6.090790521382733 57.02339895152116
2459190 zr 7.985848034510914 50.34130631634854
2459193 zr 6.793469645594064 45.084850739243116
2459194 zr 5.71774664489729 43.52562976487307
2459194 zr 5.730687509302465 34.03096834559335
2459194 zr 6.960212451586901 42.75827420902225
2459194 zr 9.371618408000701 45.41112015762065
2459195 zr 8.71621202622181 28.980509219188654
2459195 zr 5.621125772459753 47.7173855063851
2459195 zr 5.138371902658995 46.01648709872944
2459195 zr 5.73090623267247 48.89751045913713
2459196 zr 9.344053066046826 40.10239010458065
2459205 zr 4.023387996839703 38.94403716085667
2459217 zr 7.287541070633069 38.40332251664454
2459219 zr 6.953130370237752 47.3566839063451
2459227 zr 4.109527736010978 34.321535274983425
2459228 zr 3.642194987388081 31.032322614570475
2459231 zr 3.124587234433486 21.648369808346608
2459231 zr 3.3758795891632056 22.841019325228658
2459233 zr 3.076676985783321 29.31612831403875
2459250 zr 4.743739747952819 33.99134354468484
2459253 zr 2.90825018204937 24.550497131475627
2459260 zr 6.897066621561001 23.413724276422
2459265 zr 3.099430503700817 23.050584872190836
2459272 zr 8.973162173179176 33.3032880923478
2459292 zr 3.2118402818642457 25.03899704974716
2459295 zr 3.895650807519096 16.44158983229532
2459297 zr 4.847322655818008 17.815297557842737
2459305 zr 6.077075250314945 24.0273453706739
2459307 zr 3.7255204170964342 13.706781380713885
2459309 zr 3.3599564526546875 12.79566219286001
2459311 zr 3.1034579439367658 14.284134564779933
2459316 zr 2.5157334158942115 12.240730326069684
2459316 zr 2.635906023295488 11.921576010614434
2459316 zr 2.516701824442201 7.373157117499826
2459316 zr 2.61308742860261 10.66533781160275
2459316 zr 2.724289015665963 11.876150277574869
2459316 zr 2.685923372775147 9.614049072362594
2459316 zr 2.697005939762265 8.33219968817846
2459316 zr 2.6891515967004453 7.49710049361995
2459316 zr 2.726561421866542 8.121980518181541
2459316 zr 2.5968877595005235 9.570747671733496
2459316 zr 2.6647298036958325 10.798390398194304
2459316 zr 2.818589073076511 12.74643442237014
2459316 zr 2.7662639588722238 11.020963314896203
2459316 zr 2.5778235049237654 9.225768481554962
2459316 zr 2.6745651373220025 10.976366694924426
2459316 zr 2.7029988721288785 7.044310863998323
2459316 zr 2.59102799292651 17.73874959931395
2459316 zr 2.521679895353802 11.469195940047232
2459316 zr 2.623331531374976 10.049263680307792
2459316 zr 2.630460374628057 9.397940339427333
2459316 zr 2.5401138314623 8.543389185776302
2459316 zr 2.6662054905659947 9.268751998239484
2459316 zr 2.555672928158085 15.93977793063554
2459316 zr 2.4822937815696413 7.49710049361995
2459316 zr 2.61368460206184 9.874696673307565
2459316 zr 2.4304682714310504 9.700771611695206
2459316 zr 2.515224673217352 10.488505279439128
2459316 zr 2.6308128589449007 13.585081827608068
2459316 zr 2.50930782312172 8.755553489804146
2459316 zr 2.6132245627226895 4.9258476972106955
2459316 zr 2.5977656445288306 2.871185407852895
2459316 zr 2.6709429907512594 15.304669503295404
2459316 zr 2.7802375390166176 9.744192823965488
2459316 zr 2.7774258829489034 10.444398845667646
2459316 zr 3.076676985783321 14.773177821982369
2459316 zr 2.9537703834535955 10.444398845667646
2459316 zr 2.913243134465314 9.78765404707325
2459316 zr 2.928504289424827 10.753998681078638
2459316 zr 2.743809406120446 13.07092397683483
2459316 zr 2.83149165223366 9.874696673307565
2459316 zr 2.651512131169797 9.011443735885056
2459316 zr 2.898677963796533 7.538491114805492
2459316 zr 2.9753197745400297 6.232718289642673
2459316 zr 3.03640905343638 9.011443735885056
2459316 zr 3.1611555348821256 14.581239291306812
2459316 zr 2.894748527237102 8.798103722972659
2459316 zr 2.701733316884829 9.139920124924597
2459316 zr 2.8247289738500068 16.38394430970609
2459316 zr 2.4857910409064017 11.649648133693152
2459316 zr 2.836889882273027 11.469195940047232
2459316 zr 2.8286338331310885 8.416558797552963
2459316 zr 2.75221211929393 9.268751998239484
2459316 zr 2.8525401371739396 13.350727856479036
2459316 zr 3.0144999818267117 12.931600815022701
2459316 zr 2.884313604380066 12.286492004428194
2459316 zr 2.9277225819005634 17.384262266225686
2459316 zr 3.0279661768634676 10.224475002071795
2459316 zr 2.930893035736206 8.03816354257393
2459316 zr 2.911001829570823 12.74643442237014
2459316 zr 2.9277225819005634 17.384262266225686
2459316 zr 2.9595914495793743 15.256129260502863
2459316 zr 2.9479188301955457 4.692473019099449
2459316 zr 3.191177929416944 12.792662085975184
2459316 zr 2.7192083074770816 9.441082505302635
2459316 zr 2.711772044625165 11.649648133693152
2459316 zr 2.6539553890817777 9.054229761249555
2459316 zr 2.5695946444010827 13.303986431936242
2459316 zr 2.6096170706295836 12.286492004428194
2459316 zr 2.5005282416443317 7.085284258412944
2459316 zr 2.4361569959192457 13.444339956075407
2459316 zr 2.496759923128517 10.136788653417039
2459316 zr 2.567757110875734 9.831155317886509
2459316 zr 2.4685531273587675 5.121314188403847
2459316 zr 2.4733749383048007 10.532652355451038
2459316 zr 2.4026786470545045 10.887296585468842
2459316 zr 2.521679895353802 11.469195940047232
2459316 zr 2.5863999830853754 14.581239291306812
2459316 zr 2.4620108127301035 10.312323023810567
2459316 zr 2.5036682655767777 10.26837878518798
2459316 zr 2.5338318947044187 14.48553487342932
2459316 zr 2.345657604328249 8.883321850237198
2459316 zr 2.4489323296775773 9.225768481554962
2459316 zr 2.462237393141976 8.670570503917578
2459316 zr 2.4413596586181967 6.032145360450446
2459316 zr 2.4225464056891166 14.151954322867812
2459316 zr 2.3718962515990523 10.26837878518798
2459316 zr 2.485294155608905 13.491210710540567
2459316 zr 2.47225701823272 5.87235073582389
2459316 zr 2.408672745425187 11.921576010614434
2459316 zr 2.3673617069160136 9.311775122443034
2459316 zr 2.5549228976044236 14.917596485565053
2459316 zr 2.4351735754640655 8.16394694026447
2459316 zr 2.506997729207691 8.713042428806649
2459316 zr 2.489601990293953 9.182824535926596
2459316 zr 2.430691948962903 8.080052730807292
2459316 zr 2.558773026674755 8.121980518181541
2459316 zr 2.4338605354765486 11.514246681627018
2459316 zr 2.4616809450253605 6.393843006016301
2459316 zr 2.1951521048649747 5.912244217828427
2459316 zr 2.311560542323174 10.842823020426923
2459316 zr 2.5135972280459495 13.117450644039362
2459316 zr 2.547592270236019 10.26837878518798
2459316 zr 2.659217992465118 11.514246681627018
2459316 zr 2.7025752707412396 17.94234228241596
2459316 zr 2.4802185763007825 10.66533781160275
2459316 zr 2.53565378917425 11.740123840802706
2459316 zr 2.5405627287974384 10.136788653417039
2459316 zr 2.6165553281086655 11.559338935587316
2459316 zr 2.685936176867825 16.582536500073974
2459316 zr 2.462237393141976 8.670570503917578
2459316 zr 2.4908865097721526 8.416558797552963
2459316 zr 2.4995660565733075 11.921576010614434
2459316 zr 2.3478190300419817 8.925989816624377
2459316 zr 2.427013013716783 14.247043696359984
2459316 zr 2.399809590588789 8.290078370930662
2459316 zr 2.3841299446377975 7.2084311124991665
2459316 zr 2.45770595913479 8.585743918381812
2459316 zr 2.5261153585145144 8.290078370930662
2459316 zr 2.4921649548062272 10.049263680307792
2459316 zr 2.3953986394188957 11.649648133693152
2459316 zr 2.435436354598297 8.968697099763947
2459316 zr 2.5121940306310333 8.03816354257393
2459316 zr 2.3871082022088093 13.39751235129614
2459316 zr 2.693355115922348 9.744192823965488
2459316 zr 2.559627601013178 11.33429240760034
2459316 zr 2.550774725111758 16.881799987033528
2459316 zr 2.3953930469931732 8.20595203265606
2459316 zr 2.613620202184058 7.621386811517727
2459316 zr 2.4239849692082194 7.95450082142386
2459316 zr 2.6189663747836542 11.604472740180373
2459316 zr 2.453182864654168 8.501073445361936
2459316 zr 2.5059811421263953 13.914995809208175
2459316 zr 2.5415887096065037 15.645705892228275
2459317 zr 2.7492566586641534 8.373454049716681
2459323 zr 3.6604039912796393 12.010893024794576
2459325 zr 3.5842354558470837 11.353775134329833
2459329 zr 9.461536362594792 8.32874040577973
2459335 zr 9.995349096767006 13.763654875816565
2459338 zr 3.320098891589825 12.215208193707385
2459342 zr 2.9431394607672603 6.533593924417891
2459344 zr 3.1286947421255307 4.62290153017838
2459346 zr 3.0087953838544372 1.5479122886678418
2459348 zr 2.8830081127024267 6.3445944359700945
2459352 zr 3.0412061809927335 8.545874815599968
2459353 zr 4.548097669875689 10.950144385854934
2459354 zr 4.429807738619342 10.03622780321181
2459356 zr 6.966920219448085 13.745973535761395
2459361 zr 7.573850514828787 16.814599830418018
2459363 zr 4.407792905555357 12.47892326605893
2459364 zr 3.3558301296421624 9.430528590175918
2459368 zr 2.8315990891188125 7.42182406265648
2459370 zr 2.637803732162585 2.307037112194392
2459372 zr 3.912838613088914 4.408744464915641
2459387 zr 9.128730124574128 -0.6866099289147041
2459391 zr 6.474523241751572 21.471860770356134
2459393 zr 3.3880594298925995 8.318535967633263
2459400 zr 3.469888513183391 4.074751047422593
2459402 zr 3.7948667553326882 7.188327183003457
2459404 zr 4.568567240965603 13.990105104782609
2459406 zr 5.438602265445827 2.8936398858346664
2459410 zr 5.318997455218531 15.26508145445847
2459415 zr 5.854157749922612 -2.3518693031452855
2459419 zr 13.799972174518668 -10.894178627549119
2459427 zr 4.257816570516467 9.858843085457346
2459551 zr 8.222300781812882 6.406422875883832
2459551 zr 6.621920099851063 8.987694431730963
2459551 zr 5.278198350418466 1.6166200438831932
2459551 zr 4.828065596207644 2.6626111534632297
2459551 zr 6.184839399616823 9.664845215486492
2459600 zr 6.31735479256121 13.034835760799442
2459637 zr 4.565642780504462 -3.8853580254311577
2459670 zr 2.561426527074829 -10.376242759673286
2459673 zr 3.7887149841779713 -7.640061063229639
2459675 zr 2.850243099593994 -5.525850712854654
2459677 zr 3.934737653616118 -1.799760211267345
2459679 zr 3.575865827763479 -7.697720641309624
2459684 zr 9.802977374939305 0.3397911916897731
2459687 zr 11.04467697857714 11.537464019675356
2459690 zr 4.6879219499491835 -8.973894453652496
2459694 zr 3.882536267279149 1.4148802892391332
2459699 zr 3.263487119385648 1.2713423293739572
2459699 zr 3.369852109154394 -0.28705564333591216
2459702 zr 2.9294942783304485 -12.809426047421764
2459707 zr 4.124582751873171 -0.2014908048432369
2459709 zr 5.464217836890756 6.3666658364039765
2459709 zr 5.8831773694655 -3.0704510989859473
2459709 zr 4.3160973135684255 -9.541146007510369
2459719 zr 2.9890213713295837 -13.164599095091397
2459719 zr 4.509121478096859 0.7638467511121538
2459724 zr 3.093251880227273 -2.610291398839588
2459726 zr 3.0174106952642927 -8.790791377390489
2459730 zr 3.1391411330940753 -4.197036626842809
2459730 zr 3.063697375112158 -3.9192868415172986
2459732 zr 3.393484457988648 1.4929532824212084
2459734 zr 3.200075889237684 -5.408731024738185
2459736 zr 3.364830502904779 -5.646141650110428
2459742 zr 9.176044898215215 -1.9580979980766156
2459747 zr 2.904648725903716 -3.557208876553188
2459752 zr 3.774282690886049 2.4635672528209893
2459754 zr 3.9709272958004496 -6.019946060649289
2459756 zr 3.138583221078512 -8.42365826463673
2459759 zr 3.249719410771539 -1.029671260033934
2459759 zr 3.136351930990581 -7.8420664104955025
2459761 zr 2.7072597252811503 -3.8210487785852507
2459765 zr 3.7811576850774222 1.717135367285519
2459772 zr 6.5022214975980726 3.3113954519691826
2459772 zr 7.79483142415058 8.60271590723746
2459774 zr 6.762196563549144 8.18726877750494
2459774 zr 7.490169387754703 8.476917966639263
2459776 zr 3.205907737480174 -4.128024206594115
2459776 zr 5.948490608779785 2.079467561789433
2459778 zr 3.966435351707366 -4.507650573225102
2459778 zr 3.9835811000180037 -9.99441295429919
2459929 zr 7.693175677754978 10.76165608463489
2459929 zr 9.752634113881385 4.479470069933196
2459929 zr 7.842200947416025 4.534285388736716
2459937 zr 4.549884584493862 2.421358267248873
2459952 zr 7.421281002920593 -1.6798203862359555
2460032 zr 3.7825198430307028 -6.230650920894703
2460043 zr 6.6980880197822374 -12.350628764545705
2460045 zr 2.9645602263815745 -9.796328073596609
2460051 zr 2.773171859666195 -2.3111392172519465
2460055 zr 3.0372595265316753 -3.611099997865392
2460057 zr 5.239932402533974 -2.4606946675295687
2460059 zr 4.130442033170855 2.354934968575137
2460061 zr 3.457804062303278 -11.486549678500868
2460063 zr 4.135995154740655 -1.038356567623922
