jd filt fluxerr adjflux
2458206 zg 5.237007248289093 1.5671817261915137
2458206 zg 5.579849638954997 -1.595456645475366
2458230 zg 4.5995987958970765 -1.2273737117041392
2458233 zg 5.003085979267124 -7.8299865432678715
2458236 zg 9.882536443111444 -10.168953579821384
2458236 zg 9.297403144239285 0.7023371525915394
2458244 zg 3.9573090564064213 15.563688837089941
2458247 zg 2.1462086123223734 0.7881064763651651
2458261 zg 5.69955353549922 -0.31466532875413833
2458269 zg 9.892317328519784 16.993410612223336
2458272 zg 4.776623837091348 -9.034991345197689
2458275 zg 1.7169668898578985 0.7881064763651651
2458278 zg 2.167065833721902 0.318324369245218
2458281 zg 2.2901536374459135 -0.6070810520850998
2458284 zg 2.159059537383509 -3.1949648824112415
2458287 zg 2.388783467084232 -0.31466532875413833
2458290 zg 4.0582343593899814 -1.3094338011484865
2458296 zg 8.118287382840728 15.394323971493193
2458300 zg 2.873271940179104 0.7452020653631664
2458303 zg 1.9938753715410018 -1.6361667243946485
2458306 zg 2.498226230300933 -1.3504071955631076
2458316 zg 5.0148134815318395 -8.523313466162683
2458331 zg 5.857410344963204 4.259388669369947
2458334 zg 2.8057771841055144 4.956009796917606
2458337 zg 2.337031781464797 0.318324369245218
2458345 zg 2.923114750640208 2.27061975204132
2458494 zg 2.871008150205739 -2.522367323737541
2458560 zg 4.350053658797625 -2.8797600272664923
2458568 zg 5.837687425516855 0.7881064763651651
2458577 zg 4.380635552886293 2.22635052446946
2458581 zg 2.979888189802899 0.4033856634112283
2458584 zg 2.347349723998955 2.27061975204132
2458587 zg 8.179684265599626 -0.2727375413798896
2458591 zg 17.700616973920766 -22.800412175137946
2458598 zg 7.6982708692838875 9.905721254565428
2458606 zg 1.8143223173795702 -2.0412119002176325
2458617 zg 3.9745663952799792 1.0895463653239759
2458636 zg 1.7993450054249571 -2.402576563308301
2458639 zg 2.1021906737764104 -1.062799355113512
2458642 zg 1.9640076103965194 -1.3913428694602814
2458646 zg 4.734805034264244 4.5832810421793795
2458651 zg 13.07847035051298 -10.755063952833275
2458654 zg 5.078361517333044 -1.3504071955631076
2458657 zg 2.3753626452041656 -1.3504071955631076
2458660 zg 6.494496945595459 0.5739790402025164
2458665 zg 2.0497363783771214 -0.39840514161472385
2458672 zg 2.755788379453295 -0.48199084202578035
2458675 zg 8.17246404698904 2.6708829692331335
2458682 zg 4.299127966900529 -4.508974642628161
2458685 zg 2.0049244356131135 -1.3913428694602814
2458692 zg 2.4466778180475055 0.7881064763651651
2458705 zg 9.881137923787643 -12.394697440519252
2458708 zg 6.360455190477368 0.5312717570629459
2458715 zg 3.3887101648121276 5.284407961462158
2458718 zg 2.6740943822900602 -2.482473841733004
2458723 zg 3.604017970581757 2.492578525907412
2458728 zg 3.4131885311033714 6.378459762420938
2458729 zg 6.170491408370761 -9.405754416870877
2458734 zg 7.8295228549847105 -1.3094338011484865
2458761 zg 9.212022824736298 4.444214286884112
2458893 zg 5.204430634894723 -2.681574326315584
2458901 zg 7.678900730611681 6.6193794642724555
2458913 zg 1.9785323988483865 -1.062799355113512
2458915 zg 5.013995458415382 0.318324369245218
2458944 zg 4.735949255451972 -4.011411874279268
2458963 zg 2.2744266386461565 3.5723255420124005
2458963 zg 2.4495912296503226 -2.9192877636295123
2458972 zg 4.7095990613466725 -2.482473841733004
2458975 zg 9.41760321881809 1.7420705938556083
2458986 zg 1.876526083462599 0.48860379067576787
2458995 zg 2.099287565055229 -0.2307711192969606
2459009 zg 4.403248156862725 3.9834238428768387
2459016 zg 2.8006135089115345 4.8625699784556815
2459019 zg 1.874130320273191 -2.522367323737541
2459022 zg 2.119803909431081 -3.1949648824112415
2459025 zg 2.1690626945628426 0.3608354302427159
2459028 zg 3.75077363549956 2.0937872198776972
2459033 zg 8.255443108536074 -4.126763394325252
2459036 zg 5.183243137319213 -9.971414179083425
2459039 zg 1.865152912320792 -0.8147981838380716
2459042 zg 1.938074130101696 3.1195286220655873
2459051 zg 3.8705542770764167 -2.0412119002176325
2459064 zg 10.212261599340255 16.474914288139203
2459233 zg 2.731588562360636 72.59491313861064
2459254 zg 2.3695431320556293 115.64245046546515
2459268 zg 2.784936425693795 110.92537250250491
2459275 zg 7.6131385431476755 105.97732678597313
2459291 zg 2.1219891859015236 105.45245066130755
2459302 zg 10.309429254900598 94.98865852496803
2459307 zg 3.630074358490922 104.73704709411005
2459309 zg 2.8655981332012495 100.18610537985512
2459311 zg 2.1452213227027976 97.43526076733576
2459313 zg 3.3142628425441267 95.63933095865661
2459316 zg 1.6809775768373145 96.02077867038552
2459319 zg 2.275435966438838 94.49774686548429
2459322 zg 2.8575422089817133 89.06454157353802
2459324 zg 2.810950379906822 99.1033016476674
2459334 zg 6.620480844774121 89.70918073882277
2459339 zg 2.1105701271512167 93.08036265729635
2459341 zg 1.7822572273287567 88.81672149343353
2459343 zg 2.2380233762194917 87.4889615371257
2459345 zg 2.101348135354867 89.36679987195132
2459349 zg 1.70903603274943 85.98688849179626
2459352 zg 2.027961755803961 88.93121952785273
2459358 zg 10.459829605299497 91.22203715517733
2459361 zg 8.605080944612725 91.07288793742768
2459363 zg 4.479458673388258 89.59455540751888
2459368 zg 2.0317008421789433 85.16941222925058
2459370 zg 2.2620281694354363 86.86790604643257
2459376 zg 2.3115095324260646 81.83041901011026
2459378 zg 2.5043538310560374 85.24919859050746
2459386 zg 8.885331948985831 85.234121846
2459390 zg 7.330705571823962 80.73022838257283
2459392 zg 3.37999284803266 76.51110756018495
2459396 zg 2.850054594928373 82.45708028789178
2459399 zg 2.1632428282117875 75.40206497942789
2459405 zg 2.635614589474581 73.66504232947975
2459407 zg 2.917426805449684 73.78119657948638
2459409 zg 2.5485526994404037 72.74029606933632
2459412 zg 4.417119549827578 74.04617599896054
2459419 zg 11.862513523020544 49.21018643030608
2459423 zg 3.4514404147680184 68.80968999505896
2459427 zg 3.8029520943539645 73.01173389143713
2459429 zg 4.763116763847609 73.29060056510446
2459434 zg 2.942734085429985 69.3606892075228
2459438 zg 3.4161241742494344 72.40160143271765
2459440 zg 5.51209544727321 64.95038949685892
2459443 zg 11.090469894994222 75.07802785630935
2459447 zg 10.294570896402158 60.342104753346725
2459450 zg 12.147968385220047 55.65114034728729
2459454 zg 3.232931714689373 64.26366877290604
2459457 zg 4.074042303239028 65.27293776466658
2459460 zg 3.188545760176186 63.12543810040773
2459462 zg 3.4737337776301795 66.15728074729347
2459601 zg 6.887942822587262 42.97657740443131
2459637 zg 5.138162015167088 45.564828866769815
2459675 zg 2.3430242559371455 33.61072094040435
2459677 zg 3.739253230165173 32.43841537705336
2459694 zg 3.0762050840444735 38.541175564085
2459696 zg 2.709039176488992 32.221879665569624
2459698 zg 2.9306448544036727 29.211272108786822
2459713 zg 7.608500145550458 37.384375448134364
2459717 zg 9.375094421321721 25.630750797933995
2459723 zg 2.5709282471301274 34.402312439652846
2459732 zg 2.370991093094748 28.17616536508999
2459735 zg 2.0379793861768287 30.62051524650746
2459741 zg 7.045828960743021 20.54640489097478
2459743 zg 12.335775277649999 13.392649439194273
2459747 zg 3.940804382750611 28.567641048703234
2459750 zg 2.689253632696557 30.186156807132747
2459752 zg 2.381715899912141 28.33834873393678
2459755 zg 2.4630011716583 30.545794616886983
2459762 zg 2.403974864769021 26.38127186394888
2459764 zg 2.830387284355535 27.7876224097427
2459766 zg 2.970026180913788 26.49123357446221
2459769 zg 5.01618129734925 22.420286567448297
2459771 zg 6.689944210945272 33.71358398551057
2459771 zg 7.674209079125466 34.45114277330718
2459781 zg 2.844997590551599 28.21906084086209
2459783 zg 2.7262160963072617 21.498594253260215
2459790 zg 3.136351930990581 25.953261692532124
2459792 zg 7.749592675079113 34.88599950669827
2459794 zg 3.4333318418624126 24.482592596060513
2459798 zg 6.709990900991809 19.671590619774
2459806 zg 2.9281948262530304 23.61054268500414
2459808 zg 4.964644976056732 14.233558153900518
2459810 zg 3.4577734206900677 26.05335712097938
2459812 zg 4.331414863838136 27.817600859329083
2459815 zg 3.1530366597151454 20.92208524766532
2459823 zg 4.505075780483744 25.0180436679611
2459826 zg 7.462589166888107 26.578258728128596
2459828 zg 10.142511688872172 49.190066160386436
2459830 zg 9.589739103164787 23.30489907793476
2459994 zg 3.411307386689321 11.8530627417293
2460016 zg 10.574698973521983 14.290114367362724
2460043 zg 8.540714463868937 8.411429522637413
2460045 zg 4.2007653873736235 8.22633863224128
2460049 zg 2.6966945904165196 14.243896528364374
2460051 zg 2.022620677231919 14.978129821672203
2460055 zg 2.816934732359152 19.69925250596856
2460057 zg 2.5126379938864276 13.010825062984747
2460059 zg 2.4995660565733075 15.251733568486655
2460061 zg 2.592044650406943 10.513471236326632
2460067 zg 8.644657731035586 1.0641037001377196
2458198 zr 2.876640069449954 -3.499299751411286
2458198 zr 3.0066683471461793 0.21586889956596167
2458219 zr 7.125000144596924 -2.5092708441439555
2458219 zr 4.266678858898546 -2.9676804736014475
2458230 zr 3.432031137157722 3.030288052176232
2458244 zr 8.719782450982382 -11.144348507904269
2458247 zr 2.792350774073692 0.9309341637496118
2458257 zr 3.0297335051150807 5.684084608085897
2458257 zr 3.110896236767237 3.193868723437461
2458272 zr 3.8761429648387993 3.851213018837072
2458278 zr 3.5883765422778273 -6.179852290512542
2458281 zr 2.9011256308031763 -4.925107831147457
2458284 zr 3.770507308009552 1.4109479734558192
2458290 zr 4.073800778879668 8.417260781763034
2458296 zr 8.182494209165597 -2.6623556141339577
2458300 zr 5.068193403647948 6.02134253480682
2458303 zr 3.9872374984665715 -0.8065947464476864
2458316 zr 3.2987637945702883 -0.4147876325638151
2458331 zr 4.436746531255988 1.8936217805796218
2458337 zr 3.472639977710435 -3.7260894489529193
2458362 zr 5.257935879493046 2.1359607863564207
2458487 zr 5.286603408581121 -0.021172019212471582
2458487 zr 6.20857477323806 -1.4297451754847401
2458487 zr 8.203741021353874 -14.433886185394996
2458488 zr 3.9985752414267535 -2.2022540264011923
2458488 zr 4.360677214608227 -5.444147703192726
2458488 zr 4.732216641119433 7.7263962478997
2458488 zr 6.300745180902474 -0.17883581787759795
2458558 zr 8.436850867075918 -4.62700770083778
2458568 zr 7.30682030351273 -12.908296002512742
2458573 zr 3.162000398055159 0.13678247456088855
2458584 zr 3.4289560626769275 7.382868228188968
2458591 zr 6.886927866641449 -6.981339270138662
2458597 zr 4.483871720440376 -4.552310909921033
2458606 zr 2.671873353727705 2.2168893708490174
2458617 zr 3.9920850653274864 6.52956485194926
2458628 zr 3.3741966081435915 -0.49329346884921677
2458633 zr 2.6449402693659323 1.3307613466859607
2458636 zr 2.2338806192589535 0.9309341637496118
2458639 zr 2.685226014496638 0.05776885731059167
2458642 zr 2.6498169195766854 1.4912084888603658
2458646 zr 5.804969857001964 4.3474095592390825
2458651 zr 10.59834289478618 -5.2221117405442214
2458654 zr 2.877427763712402 1.0906441182687558
2458660 zr 2.4650355314816315 3.5219354353518355
2458665 zr 2.7744057334627903 0.37426044126073066
2458668 zr 3.2671598583372523 -3.1959370619743197
2458675 zr 6.053084430469239 12.399666722935848
2458678 zr 5.797415474068814 1.732434048046187
2458682 zr 4.773678640061684 0.6919201737836858
2458685 zr 4.031858413127732 -1.507316631690955
2458692 zr 3.6341243772458998 -1.7396027848658662
2458698 zr 4.38305363002548 -2.2022540264011923
2458708 zr 7.832997801217095 1.0906441182687558
2458712 zr 5.71163278316194 1.6519514579760255
2458715 zr 3.5006976693785683 0.6919201737836858
2458718 zr 5.229157995582314 7.382868228188968
2458726 zr 4.851696420413589 -0.7283776042311558
2458737 zr 8.670128500508321 13.39850797761828
2458761 zr 7.226380988348798 6.614541959459785
2458764 zr 8.029203663026921 -16.503396646896277
2458764 zr 7.49330936801722 -1.816888983053488
2458764 zr 6.435466313261572 -1.507316631690955
2458764 zr 6.8801891843848875 1.1706094870208688
2458766 zr 10.603169339690211 -0.4147876325638151
2458766 zr 11.701342662739473 8.417260781763034
2458766 zr 10.599558855681837 12.671075146067025
2458768 zr 13.161308020863679 4.181705943136663
2458768 zr 12.570296361698599 4.098968528829104
2458768 zr 10.631627927299022 14.684484302868555
2458768 zr 13.105249129215633 23.761966622045705
2458770 zr 12.758177309414425 -3.7260894489529193
2458770 zr 12.713794730968159 -7.702950800462176
2458770 zr 11.893006034379487 14.407520303491765
2458770 zr 13.721239970176113 11.67956657794042
2458850 zr 8.34311878487354 -2.5858484782072253
2458852 zr 5.925894843981268 23.359470068603912
2458852 zr 8.770144061603903 -14.630504206978486
2458852 zr 15.847769834970453 1.6519514579760255
2458854 zr 6.882454061236137 -3.574965954947203
2458854 zr 4.872779782876069 7.126051492314559
2458854 zr 3.9929880362613823 2.7854813396756413
2458854 zr 4.0545547229183585 6.02134253480682
2458856 zr 4.236203206487037 -4.999461421484597
2458856 zr 5.081021348790741 -5.739242917140373
2458856 zr 4.7983687324675195 -1.662245370668117
2458856 zr 7.471226725678977 15.706591559185796
2458893 zr 5.207148568108265 -4.925107831147457
2458912 zr 3.3416573848052495 5.013284848369025
2458916 zr 4.1944218302651075 3.6041411377149046
2458944 zr 5.9582060921007605 -0.5717270318752838
2458966 zr 2.762999752300632 2.541350119462436
2458972 zr 3.684199729366311 -2.355903821701986
2458975 zr 6.771325066847161 -9.898172437149697
2458978 zr 7.4970387619601455 2.7854813396756413
2458981 zr 3.6535448475737744 2.4601228331553955
2458986 zr 2.480068194371297 1.1706094870208688
2458992 zr 2.3780620572538202 0.37426044126073066
2458995 zr 2.643509320504998 -1.2743877606170315
2458998 zr 2.531931239702046 0.21586889956596167
2459001 zr 4.004036326684009 3.030288052176232
2459012 zr 2.1324324214765613 3.3577509991333017
2459019 zr 2.3780620572538202 0.37426044126073066
2459022 zr 2.408924472342441 1.4912084888603658
2459028 zr 3.8308752436247455 -0.8065947464476864
2459036 zr 5.443094376156612 3.851213018837072
2459042 zr 2.63136349844993 -1.662245370668117
2459045 zr 2.5073552401192867 -3.1959370619743197
2459048 zr 2.531931239702046 0.21586889956596167
2459051 zr 2.9086102185797666 -2.5858484782072253
2459064 zr 10.330943291489183 -21.59536582543926
2459130 zr 4.647746991205677 -5.591831206496167
2459130 zr 5.096278806801046 6.52956485194926
2459130 zr 4.9653965778274936 5.684084608085897
2459130 zr 5.829412515757564 1.010752366435824
2459130 zr 5.016857483258266 3.6041411377149046
2459217 zr 18.356501487839832 2.121775502166208
2459218 zr 8.506373313358429 20.07027207844001
2459218 zr 10.583333849673807 1.3254197726213546
2459219 zr 6.717327639235358 12.790125738341718
2459219 zr 8.826334299394107 4.092909671504818
2459219 zr 9.970594214392941 -3.9368901498514175
2459220 zr 8.666221451408308 21.98331156002047
2459220 zr 7.220711965518102 16.34039792946216
2459220 zr 7.5359698740822365 1.3227405059952453
2459222 zr 10.564641996564903 8.437763385975972
2459231 zr 4.121588394199299 51.49178593479415
2459233 zr 3.5507037818828424 55.483057126797824
2459254 zr 3.071040370774308 54.35368221003642
2459256 zr 3.397519204534031 58.53266896662773
2459266 zr 3.2103664298958883 44.07835716536317
2459267 zr 5.8954339941085525 42.776510672552156
2459270 zr 3.7944004776661906 50.11780353884557
2459271 zr 6.943727261530927 62.058776085770006
2459273 zr 8.399412115051383 40.50221664839275
2459275 zr 8.416647788743937 52.308352839014916
2459280 zr 4.356078412505879 50.47861699331447
2459291 zr 3.1643592685247843 45.20025696008956
2459291 zr 3.2312486911293807 42.991678477914675
2459291 zr 3.2188715990863823 55.858967663815676
2459291 zr 3.2000879927371573 48.26497047790309
2459291 zr 2.9519136754493314 48.025295154631834
2459291 zr 3.7248984964708525 51.276066934018885
2459291 zr 4.742883731926712 43.14210762253707
2459291 zr 5.147919700273853 53.031272523510054
2459291 zr 5.439516239423457 44.58509014673827
2459291 zr 5.7168958147067475 48.82679503892841
2459291 zr 5.335938822180564 46.601067522033006
2459291 zr 5.152580541165975 38.03852459907114
2459291 zr 4.7750486262785135 59.22336818476228
2459291 zr 4.193048854227888 39.8958399739614
2459291 zr 4.517227186917342 59.49402771381807
2459291 zr 4.254729292487588 53.793958360714825
2459291 zr 3.6020903794146952 50.288229714319684
2459291 zr 4.009638991215848 45.1231129972965
2459291 zr 3.939781214112146 45.277472007828734
2459291 zr 4.692202911055868 50.780783580088695
2459291 zr 4.661116479789912 51.774094901573946
2459291 zr 4.8579515522321906 49.31125036173124
2459291 zr 4.048292960193492 49.31125036173124
2459291 zr 5.89919366810713 44.58509014673827
2459291 zr 4.161711142669564 51.774094901573946
2459291 zr 2.932820785461995 45.20025696008956
2459291 zr 2.7507549760488272 54.73475654707782
2459291 zr 3.9324187721456 54.22041248319678
2459291 zr 2.809340820840302 46.13154791616381
2459291 zr 2.9874706891916243 49.068688050661294
2459291 zr 3.801396463210139 47.38938919029788
2459291 zr 3.3033501100872464 42.916567754592265
2459291 zr 2.634219178136628 50.780783580088695
2459291 zr 2.8442644508977097 49.63571111034466
2459291 zr 2.9464810546742317 47.86587912592246
2459291 zr 3.7780868159867556 43.44379849146425
2459291 zr 2.6630593535331903 46.44427260270419
2459291 zr 2.8555220991375925 42.991678477914675
2459291 zr 3.0374116406019933 50.53416640326411
2459291 zr 3.1373757541312064 48.74631244885825
2459291 zr 3.2015960536075068 50.53416640326411
2459291 zr 3.1547615276958276 49.23032177723864
2459291 zr 3.0044607580513762 45.046040054008074
2459291 zr 3.226724750004355 48.987982771461844
2459291 zr 2.7504542769121807 44.355568674057125
2459291 zr 2.6642193197549795 44.050524899713594
2459291 zr 2.9078364307266478 51.607779684871275
2459291 zr 3.0513043316337587 48.58556947974259
2459291 zr 4.088303854262881 53.87909214610332
2459291 zr 2.9374465526662896 52.52631629679048
2459291 zr 2.6557112051274303 46.20962110970214
2459291 zr 3.020546497673305 47.70675648208987
2459291 zr 3.894681371148952 45.97561708780957
2459291 zr 3.388060987504573 48.987982771461844
2459291 zr 4.691177902622671 40.98777460972087
2459291 zr 3.8813052396066294 40.91450870036968
2459291 zr 4.20595496732811 44.432005376748265
2459291 zr 4.264539143073461 52.1912257579379
2459291 zr 3.7450684564945114 49.798390294604374
2459291 zr 3.5542765754498222 53.28479900068366
2459291 zr 4.206027472484654 50.945574009719294
2459291 zr 5.161238647016169 56.38239178427136
2459291 zr 4.464058965138495 44.9690380648435
2459291 zr 3.9048089212614983 51.607779684871275
2459291 zr 3.3662876155566415 48.42512233756818
2459291 zr 3.630305438893787 43.51939503593502
2459291 zr 3.4400945921924437 48.26497047790309
2459291 zr 3.734734733075414 49.55448382403762
2459291 zr 3.2128135706615746 53.20021232751719
2459291 zr 3.9228327003192462 52.02414286507464
2459291 zr 4.161711142669564 51.774094901573946
2459291 zr 3.455973347367858 48.66590395186677
2459291 zr 3.613781749533874 59.49402771381807
2459291 zr 3.813273970701924 45.89775932071747
2459291 zr 3.829509633015349 48.025295154631834
2459291 zr 4.567619895207145 49.96136942116787
2459291 zr 4.117865004020888 49.068688050661294
2459291 zr 3.9270997554408194 46.67957335831841
2459291 zr 3.177499753662579 52.1912257579379
2459291 zr 3.4879510750351 49.47333131638351
2459291 zr 4.334887175534778 50.20640171285031
2459291 zr 3.0653885125041374 48.987982771461844
2459291 zr 5.587717295914253 45.66461581539748
2459291 zr 4.063478899901375 51.441770550121305
2459291 zr 5.419965618831472 36.84795363512039
2459291 zr 4.51415830006204 47.38938919029788
2459291 zr 4.159724982065797 43.51939503593502
2459291 zr 3.9854001542631288 47.94555043338279
2459291 zr 4.338871463600967 44.050524899713594
2459291 zr 3.7955256723829196 43.822478446642094
2459291 zr 3.687662944705525 56.73295162740159
2459291 zr 3.587565069844621 44.279202339760374
2459291 zr 3.8243233524528493 55.772011185196064
2459291 zr 3.9597879825105617 47.38938919029788
2459291 zr 3.57366996984688 47.62730501073277
2459291 zr 3.475124630086717 49.14946769641149
2459291 zr 3.128718830050479 48.50530896433804
2459291 zr 5.03321943020543 44.20290630907566
2459291 zr 4.507084379090197 52.02414286507464
2459291 zr 3.2716129626677573 50.20640171285031
2459291 zr 3.676713253632514 48.18500510915098
2459291 zr 3.708512838855413 47.07318897166975
2459291 zr 3.6963269990656116 54.73475654707782
2459291 zr 3.3432321611100044 54.47722921907119
2459291 zr 3.217742000785708 44.58509014673827
2459291 zr 3.9280479861566384 36.22515782557426
2459291 zr 3.262585639433675 49.96136942116787
2459291 zr 3.450757517058942 44.6617383438997
2459300 zr 7.310332379957665 40.39080863638627
2459302 zr 7.596784075073289 47.70456756125845
2459307 zr 3.537201175108282 42.80517162501939
2459309 zr 3.9490988887305845 46.56613788820245
2459316 zr 2.426739636689098 46.01039296586606
2459322 zr 4.534088115416711 45.35188248035139
2459324 zr 4.068853985078808 43.82222739727321
2459328 zr 6.237078570044415 37.334269637068545
2459334 zr 5.495413549290737 25.381330639850177
2459336 zr 3.6450039976757855 36.53262889278932
2459339 zr 2.6376421167363686 42.19754173144719
2459341 zr 3.2054262242574403 40.06806112683356
2459343 zr 2.813001561811048 42.21526919109403
2459345 zr 2.864051651688695 46.18238391149879
2459349 zr 2.8320678444066147 37.372887482347096
2459352 zr 2.9436456243821527 38.03576557788692
2459358 zr 8.845083333338362 49.296432346084075
2459361 zr 8.165970265472971 36.57487343160849
2459363 zr 4.382177411986468 37.676607208645216
2459365 zr 4.278563766436881 47.30124267012324
2459368 zr 2.6863956359962686 35.50893546023963
2459370 zr 2.9275454959054903 37.86678310648692
2459376 zr 2.480068194371297 38.186972872356705
2459378 zr 2.925529149494787 39.34858206612407
2459382 zr 4.035573602604739 34.9627618097337
2459384 zr 5.227494907835959 42.03945840804794
2459386 zr 6.763078655852193 31.879772418400776
2459390 zr 6.268000468110054 36.03058882550546
2459392 zr 5.749664163494993 48.774531516275495
2459394 zr 4.729680061553686 33.66884290033231
2459401 zr 3.1301267228474767 33.75710835865158
2459405 zr 3.3201004179579168 34.233703715786966
2459407 zr 3.0625664851380043 35.71727458143597
2459409 zr 3.059747055758541 35.445168715079696
2459412 zr 4.617992032901891 31.30211527315879
2459425 zr 4.478119603972943 36.56620108985023
2459434 zr 2.7403398717479783 28.36389637643899
2459438 zr 3.7844239900171432 32.786280337646104
2459440 zr 5.4753368366205475 32.61083534637817
2459449 zr 5.618785828563064 41.244047312951494
2459450 zr 6.631208054116956 37.82840918003882
2459452 zr 6.80302283854229 18.01855856427051
2459465 zr 5.030862856064748 29.777940094869845
2459467 zr 4.156284547584581 29.695305795895706
2459470 zr 5.071000092135024 31.474633370758557
2459491 zr 4.767554745974661 36.8913655317527
2459491 zr 4.966859818590447 25.29476241553674
2459491 zr 4.849011111748908 28.77961429655075
2459491 zr 4.870351182414602 15.511530988036132
2459491 zr 5.728287264987958 26.231214122172265
2459504 zr 14.171584154812496 32.20288692240163
2459504 zr 11.82600249817697 29.857189476015744
2459504 zr 11.071908705160007 27.81332765271591
2459505 zr 8.959653781703565 32.64058888138845
2459505 zr 9.44682144109794 35.85221268213134
2459505 zr 11.904898155234712 59.67596591689353
2459505 zr 10.963770048328643 42.613318064165284
2459601 zr 7.118694904366517 23.751089877946896
2459637 zr 5.34374670745541 19.888921743872007
2459641 zr 3.209855822310367 23.49425553489936
2459675 zr 2.7834334750022647 19.06234588349521
2459677 zr 3.9554854094558003 21.462909593955025
2459679 zr 3.5040507256987636 18.47516065946374
2459683 zr 4.878582105132267 15.255337207868802
2459694 zr 3.8259841480926036 15.888135003238286
2459696 zr 2.961842224942409 9.655799386549706
2459700 zr 2.9929788852498875 16.919480730195225
2459709 zr 4.085996675767168 19.257723092805605
2459709 zr 4.4655206809927455 23.786917031404784
2459713 zr 8.568164396867466 8.069135152701378
2459719 zr 4.271464335806546 9.6810343987458
2459719 zr 4.778482016908569 20.964075842273992
2459725 zr 2.54692331369068 11.878639234074246
2459730 zr 2.731303575816961 12.61622393666404
2459732 zr 2.6476685867217196 20.54292297680187
2459735 zr 2.9282249026679312 16.010707385878366
2459737 zr 2.9274233027167256 11.264095667877362
2459741 zr 5.996930562365013 9.890536596123896
2459747 zr 4.237133084773115 17.454004605187272
2459752 zr 2.9383508640963236 13.291527524807286
2459760 zr 2.697620454629644 12.92625466334212
2459762 zr 2.640072594008155 13.572831476690267
2459766 zr 2.5119782157689805 9.218644038968131
2459773 zr 7.172853083612694 13.834700730962858
2459775 zr 4.925858168428684 9.828467921478648
2459775 zr 6.511663289255525 5.700740096983907
2459777 zr 2.89845482549113 6.886794064670342
2459779 zr 3.127245096836527 11.012506933040942
2459783 zr 3.0575004946306534 11.114203087866002
2459786 zr 3.313490926361754 13.642143792134307
2459798 zr 5.581501164384926 13.335724112016806
2459806 zr 4.695074397142257 6.172603811966717
2459808 zr 3.5285785266841043 6.7091481661497685
2459810 zr 3.9964274496005587 11.916077541262943
2459817 zr 4.071718999800298 8.33376491148956
2459828 zr 6.842028478221069 4.474418901394374
2459856 zr 6.527353353370097 -4.602177838889494
2459856 zr 5.778298443222078 13.43652408873532
2459856 zr 6.54070842041882 21.092728510003703
2459856 zr 6.886528991947183 10.753450492493991
2459856 zr 6.221792473534474 12.696670675403803
2459857 zr 10.36362997809534 11.69280929847058
2459857 zr 11.010891827660387 11.047462888606107
2459857 zr 10.731214858729615 21.695063881741547
2459857 zr 10.26693558627433 5.749830478668644
2459857 zr 8.77259347830615 20.976288989255778
2459859 zr 9.344249766732935 36.4582671284493
2459859 zr 9.009222219365945 4.571698072574769
2459859 zr 10.326660947189461 20.38713662683177
2459859 zr 12.7352280797732 26.919008498897618
2459859 zr 11.628399709712099 36.4582671284493
2459860 zr 9.647322133363803 15.586167276192223
2459860 zr 9.16835092807903 18.50896386018436
2459860 zr 10.029420960477147 6.199792204416463
2459860 zr 9.85088377945917 -15.868611766002763
2459860 zr 10.36477593938082 20.71723060190174
2459862 zr 11.07015163950104 14.022380102486045
2459862 zr 11.92229649751339 35.242220455060625
2459862 zr 10.07775147998915 -2.4170855812457237
2459862 zr 10.592145460561591 21.111935389179685
2459862 zr 11.426729095110018 -6.6490769865718224
2459937 zr 7.054917436519666 7.928620902323173
2459937 zr 8.203985946127343 2.110212757869716
2459937 zr 12.75730726735883 9.528687520841514
2459937 zr 14.698886859368274 -7.206920931258567
2459952 zr 10.492877775786624 25.11756020958679
2459952 zr 8.760435258227695 9.619048639652554
2459952 zr 7.856114313617728 2.0179665736070476
2459952 zr 8.476631480551292 12.67203362005953
2459977 zr 8.615644895775603 1.0058178138050655
2460016 zr 6.450489224929712 11.30380210516985
2460021 zr 3.371090288951746 5.382876368251735
2460032 zr 3.349304287691974 2.728074369154153
2460043 zr 6.391965545931032 16.29287535421299
2460045 zr 3.7296831051628625 0.8615779063170965
2460051 zr 2.8563040107843283 5.923019534538163
2460055 zr 2.8476428905376974 1.080019545458783
2460057 zr 5.439400284909194 5.2772340144612375
2460061 zr 3.2973905163007666 2.8840632286213346
2460063 zr 2.7733483920474242 3.238327245546044
2460067 zr 8.901206785657314 0.7495356603362975
