jd filt fluxerr adjflux
2458344 zg 3.8160314205070796 58.019519914269765
2458350 zg 3.6329695651248213 59.72855244446845
2458361 zg 6.7076406996486115 63.08577095010328
2458364 zg 6.829020596206359 67.40143694635361
2458367 zg 2.8537845443661873 70.30317284168268
2458370 zg 3.0207922238491896 74.57690232423948
2458374 zg 3.929493188606167 59.611299084514094
2458376 zg 1.9626482816430513 72.42847723874695
2458380 zg 2.2449715499216976 76.19501300408808
2458382 zg 2.4377654407616403 74.30819949769648
2458384 zg 7.658751886174932 84.52236766509489
2458384 zg 6.735665380392944 72.52802952705059
2458385 zg 6.816536006781993 81.69206753683491
2458388 zg 5.731380449902224 76.08506656132244
2458422 zg 4.169926757375428 99.90883111874967
2458425 zg 4.135224128894159 87.8419091815044
2458428 zg 2.3395570971976247 95.15036916519276
2458430 zg 1.8747985347557488 97.91928213969753
2458430 zg 1.785573774126093 98.20869971889472
2458438 zg 4.339336233288339 101.46606917954972
2458438 zg 4.359202464025513 103.27110040487807
2458439 zg 2.822149532862014 102.09652253987011
2458439 zg 2.5944331115140407 99.91867308072
2458440 zg 4.349206385394119 94.01173253107966
2458443 zg 6.821426362982856 98.582203608423
2458443 zg 6.5556898680553815 109.333213232199
2458443 zg 6.315227664961899 88.4102836767057
2458450 zg 6.36514422876402 93.91255950483162
2458462 zg 2.7771320570218028 112.19484934450077
2458466 zg 3.9325338905461416 108.75336199739019
2458469 zg 5.763917902138466 102.58012232694759
2458472 zg 6.962629998553467 118.31713299444777
2458487 zg 2.700108493718621 116.01343459927577
2458493 zg 2.830088189479836 126.5463464684461
2458495 zg 2.837918825573677 117.18058501094234
2458495 zg 3.550601473262424 121.68624592725148
2458534 zg 9.787832274567313 106.74762111592482
2458542 zg 2.3164599132482593 124.79163777847867
2458547 zg 3.83084529787536 128.4068664071754
2458713 zg 8.34775221122603 42.67729187860222
2458717 zg 6.829258173959337 30.396067875826226
2458720 zg 8.168407798507621 48.437729510982976
2458722 zg 3.275934941089814 43.34475107585235
2458725 zg 2.826779516042333 42.795391498215224
2458730 zg 3.538961680317224 36.06429779117323
2458732 zg 3.3891103254724833 40.81465774508039
2458736 zg 2.2020867581426016 38.59131204267452
2458740 zg 6.360858026493021 36.642055789615355
2458745 zg 6.485145912706685 41.404602088709105
2458746 zg 6.434536887555127 31.764204256024048
2458746 zg 6.377358587977568 43.83519931914125
2458749 zg 3.3604429872788923 38.98233007218082
2458749 zg 3.869854299620903 40.37580851014798
2458750 zg 3.9941401776232746 44.879709379783655
2458758 zg 2.2939121653896555 33.83079378763475
2458758 zg 2.296490316211079 35.47057716984262
2458760 zg 3.112640903310569 32.47078627124609
2458760 zg 2.9825787267844506 40.14397301084451
2458760 zg 2.997757730748364 31.42009074372948
2458763 zg 2.3584668839209626 26.25076170967514
2458766 zg 2.131948608538965 32.914418823598645
2458768 zg 6.822535073591022 33.13838837103746
2458768 zg 6.461760397594148 29.240086902813324
2458768 zg 6.305407669241578 26.46899117545547
2458770 zg 7.591578660774367 37.93123693871436
2458775 zg 6.050666556642141 21.581784333564283
2458779 zg 4.421257168621932 24.985239026375805
2458779 zg 3.0604967026608647 27.278068263826526
2458779 zg 3.2747986379810996 26.146092837289437
2458779 zg 2.861019742400436 32.259856844853594
2458790 zg 2.937702373905468 23.726233521902834
2458804 zg 10.610712746033961 29.212094720056285
2458806 zg 3.7121880180420836 19.64788806645845
2458812 zg 2.36982087773781 23.743178865325298
2458820 zg 10.42566228847421 19.242589905664307
2458836 zg 2.7778072092534978 15.920796927341478
2458846 zg 2.876749860475296 15.652220897274756
2458852 zg 6.0097966627709685 18.984643779833583
2458855 zg 7.87678240329815 1.257672762147969
2458860 zg 8.708568834446154 16.49149339368259
2458863 zg 3.0013981748096854 9.247150143405289
2458867 zg 2.82711400007696 16.243730175631658
2458871 zg 2.4546234421067537 10.72688246341886
2458876 zg 2.4170292322601696 12.563150491806994
2458876 zg 2.4464138259798958 17.35501136934284
2458876 zg 2.4017115943871974 12.210176139969647
2458877 zg 2.7063557097744773 13.022244877648404
2458879 zg 6.843026393206374 16.766448831338547
2458879 zg 8.729429726063806 28.686021119584122
2458879 zg 7.129739418936883 13.087788992489482
2458880 zg 3.3668588347784714 14.046583634198821
2458885 zg 11.351422147985813 32.608549424298346
2458893 zg 2.296148483972795 15.439921307725383
2458896 zg 2.87559688595359 11.401449588033069
2458899 zg 2.1890005187248263 15.275867065917057
2458903 zg 3.0056170706336496 13.029667229222486
2458903 zg 2.824640568608512 9.821780730987346
2458904 zg 3.177863715025965 11.991194944692504
2458917 zg 20.12387115463722 28.99734848954779
2459092 zg 6.157756284017176 7.89233967956607
2459092 zg 4.574671549003092 1.9096047969631433
2459095 zg 8.48367114863746 1.0786808323032053
2459097 zg 8.447297436926162 8.126478888522477
2459099 zg 17.444875745966325 -21.392025732500567
2459109 zg 3.3626936149950453 -1.1967240905086416
2459111 zg 4.70278321997601 -2.8933870633170122
2459113 zg 3.141376218377229 -1.0132524277335166
2459113 zg 2.961998794922638 3.114116707874195
2459119 zg 1.971292273434967 -0.5862069505549381
2459121 zg 5.817652854554722 -7.81469727833097
2459121 zg 5.440389135063974 0.5682345608915056
2459121 zg 5.813155521441623 8.869037212529557
2459122 zg 7.291389924501104 -17.611371985289455
2459125 zg 7.457501678067453 21.181755475707185
2459126 zg 7.501769798184848 11.334079603176365
2459128 zg 11.780843885283897 -10.52143068584148
2459129 zg 5.418651596116041 14.232113787455798
2459129 zg 5.0921606988657055 12.404752905234705
2459130 zg 5.005584356666298 5.377461496832568
2459134 zg 3.349081254691137 1.7380712200859878
2459136 zg 2.0335729698222935 6.053523517716272
2459136 zg 2.1859613473651214 5.700920875022838
2459136 zg 2.0959349446934015 0.9916414388576986
2459137 zg 2.1443217759660915 -0.3907582166477024
2459137 zg 2.252043549839813 0.9317506459990756
2459139 zg 3.5409512822450537 2.2938006647097042
2459140 zg 2.3444581158273783 -1.6213290429087879
2459140 zg 2.3904623225680885 -1.4722000222317293
2459141 zg 1.969477482024486 -1.081941104363958
2459142 zg 1.88482890477298 -1.1365476678176676
2459142 zg 1.8399235868795898 0.4385648742710857
2459143 zg 2.015630130012266 0.07137196844158922
2459144 zg 1.5351633916518508 -4.222752288495161
2459144 zg 1.779718108338986 3.903075085390829
2459145 zg 1.7928791623269005 -3.9389412273437254
2459152 zg 7.343551285392082 -3.7049401514808564
2459155 zg 7.219123093600231 2.4984058818920167
2459156 zg 7.8080473129450025 0.12527807827658188
2459158 zg 7.4650655764032985 19.89965838213507
2459165 zg 2.202499311500657 -3.350347965572004
2459169 zg 2.555178129495485 -0.6921793255337922
2459171 zg 2.08878441501543 3.9654812162887367
2459172 zg 2.4497909177833317 1.0393265543181989
2459173 zg 8.666431414990146 -1.995878278187257
2459175 zg 2.850308943979188 2.094024529942739
2459175 zg 3.8652111581418267 -0.6425893202260196
2459176 zg 2.0633038679881124 -2.8242277017152255
2459177 zg 2.1765226566462106 -1.2010265206883384
2459185 zg 8.110363220608091 -4.149239504424354
2459185 zg 9.01322620333043 -12.18681008931236
2459188 zg 5.549028348102581 4.313137905894671
2459189 zg 3.4856782720050354 -1.6144371429063504
2459193 zg 1.9599539362359935 -0.7068944202308414
2459193 zg 2.062213609647731 -2.6921850887373564
2459195 zg 28.983553494744523 28.007937944762915
2459198 zg 2.8417417057904744 2.041855450725305
2459200 zg 3.712682326712964 1.4062140433295944
2459200 zg 3.7176823055498898 -13.547098343953042
2459205 zg 3.305102080211466 5.471912490894402
2459211 zg 11.91552468341746 20.71316480804326
2459216 zg 5.2335115624494914 4.627389141249699
2459218 zg 4.093568864027184 10.295382497899462
2459220 zg 2.6756529541696725 -2.3978375117260793
2459222 zg 2.287599649411553 -3.4020614051703175
2459228 zg 2.542982205778923 -3.055555386874865
2459230 zg 2.755043287269513 -5.976317022193253
2459232 zg 2.3567608829308 0.22731896848379352
2459251 zg 2.5821686322848563 -1.781984741902515
2459253 zg 2.7421152662028954 -5.835730861847457
2459255 zg 2.139915042565616 -3.892554425459963
2459257 zg 1.8881760227815534 -1.1579834894450762
2459262 zg 3.42452049171602 -1.4138515288665774
2459264 zg 4.749049838857063 4.71555014553431
2459268 zg 5.711562847234222 0.8443003932734585
2459270 zg 7.25200091077576 -0.024202871311457708
2459276 zg 3.297959220405594 -6.324714030696471
2459280 zg 2.5569418691105334 -1.2411724731921618
2459290 zg 3.006130252624 -3.190322570088324
2459292 zg 3.786894228055786 0.26625345145025436
2459453 zg 7.908083017702346 -3.0822483745023996
2459456 zg 5.334846540557405 -2.2327565908165683
2459460 zg 2.910309343786839 -4.106111082958317
2459464 zg 2.8420095583516294 -2.313670371347791
2459466 zg 2.8086132191413746 -0.5364597368307349
2459468 zg 2.362195192598454 -3.527472742579899
2459474 zg 2.099728738357208 -4.422578261606365
2459477 zg 10.890461059828047 2.9504814263233037
2459478 zg 7.226699189315 10.007171631618013
2459479 zg 6.722763026211403 -7.28715117527749
2459484 zg 7.015697143737749 -6.838173524168289
2459487 zg 3.994254171531012 -2.725530416887707
2459489 zg 2.774144125149015 3.2727555663886214
2459498 zg 2.147588252547328 -1.079859003130931
2459503 zg 2.7811293067078418 -0.1752566578861317
2459509 zg 6.242233033794033 3.833329180682241
2459517 zg 2.4644547851680456 -3.430424923373538
2459521 zg 1.8985925131215509 -1.124086121486888
2459523 zg 2.06835361195656 -4.157770044499777
2459525 zg 2.109560164457274 -6.293779902548787
2459532 zg 3.769166142021717 -3.4566430268638135
2459537 zg 2.338639024083365 -1.0889619375387163
2459540 zg 7.325770319843926 4.42648853038068
2459640 zg 2.694764730813421 -0.6451705953800272
2459823 zg 4.363318781881588 -5.91426327639319
2459825 zg 3.216502818159523 -5.562540794058748
2459839 zg 3.772670623138789 -0.7403548196752097
2459839 zg 4.106283125019829 2.303470152191886
2459841 zg 3.372111520632035 1.4501872075190703
2459841 zg 2.225256208078254 -6.053117955196205
2459843 zg 2.414276170553306 -2.8011953280965316
2459846 zg 2.380016792670746 -4.029830238947674
2459850 zg 2.55259089036429 -2.170773117484831
2459853 zg 1.731622336922945 -3.830021178854259
2459856 zg 2.131867837586401 -2.5647722605786196
2459858 zg 1.9246467012686652 -4.88094019559933
2459861 zg 11.42360854382093 -1.0922309645069483
2459861 zg 10.02382848859078 25.07484913052406
2459863 zg 9.87349323575893 4.244908780195518
2459864 zg 6.5494009935161115 0.15231766943558683
2459873 zg 2.65761419985477 -2.7478882233865787
2459878 zg 2.6613496054136228 -6.274587699316369
2459880 zg 2.6471868762556108 -2.5094373667771768
2459881 zg 2.0603602678294783 1.460865719875404
2459881 zg 2.145430462167568 6.6203495763287386
2459882 zg 4.850181606486753 -8.303122940467858
2459905 zg 3.045900984829608 5.155364093744286
2459909 zg 2.389490303898056 4.743306484879636
2459910 zg 3.2758470337309555 -6.492115705933579
2459922 zg 9.490210347981868 -7.403765482899846
2459933 zg 4.8408758514670085 -17.361828230573728
2459935 zg 2.960941196754255 -0.9787368902878977
2459935 zg 2.7845243476516375 -1.3364858241239541
2459935 zg 2.857567722132983 -5.375361219558349
2459956 zg 4.094741851062987 -6.68252616407381
2460031 zg 6.388730917255778 4.223695878155608
2458351 zr 6.234632249305578 36.258939174168944
2458355 zr 5.541590439482269 21.063056814184282
2458358 zr 6.930948216773827 35.82058274760405
2458362 zr 6.019128966595193 27.20042872480944
2458365 zr 5.593477596230652 34.37896674871819
2458368 zr 3.725305728749295 41.20843855975886
2458371 zr 3.865447569067845 29.99138253369496
2458373 zr 2.7464390996517607 26.298840522917367
2458377 zr 2.8288887517084653 34.98712516988324
2458380 zr 3.018592090234083 33.563077974860065
2458383 zr 2.914094646167394 28.647980387987907
2458386 zr 4.96171441840955 32.061980763304135
2458386 zr 7.020000184401601 20.737222462657925
2458386 zr 6.8488126402640415 35.78719807387591
2458425 zr 5.35359932447248 39.67793942020163
2458429 zr 3.1225086706579104 44.012259743720335
2458429 zr 3.1239201674122317 46.98016646126649
2458432 zr 3.729955521392141 40.052060578565154
2458432 zr 4.2237480956016125 46.550243644193394
2458437 zr 3.598905014514243 44.77987507698459
2458439 zr 5.075421382849019 39.97183454535177
2458439 zr 4.932471884703832 51.65322304221259
2458441 zr 4.61226702598992 43.57518789544096
2458441 zr 4.560125389650449 41.51564702980333
2458443 zr 5.248259318850151 42.68770251088301
2458447 zr 9.545116095414203 56.762988284480414
2458448 zr 6.594075882889382 54.91414287209716
2458448 zr 6.995752323264452 61.423071096148306
2458449 zr 9.06401998989744 49.524787549527936
2458449 zr 9.478445636529045 60.05866705322057
2458450 zr 4.051350214148486 49.875485283597676
2458456 zr 3.589928390602011 52.40062455426618
2458456 zr 4.215974825724587 50.75147108987617
2458462 zr 5.741164211667666 47.39559216174409
2458472 zr 6.800107546773729 49.98589846477538
2458493 zr 3.2367089820270887 57.87740638115731
2458514 zr 2.612300801432523 59.74070657277819
2458523 zr 2.897449456554341 61.28943867281067
2458534 zr 8.77125545464931 44.75574901708688
2458547 zr 2.9040522750039193 54.86282456091052
2458714 zr 7.6135092110356055 20.30419442506387
2458716 zr 5.953559956609983 27.610253173589093
2458719 zr 7.912963339234542 14.120606224810789
2458722 zr 2.9401532872297307 21.499948052467158
2458725 zr 3.015813144122982 20.840407728193597
2458730 zr 3.978822868670202 27.40338936464894
2458731 zr 3.2569858278385686 13.889489319503333
2458733 zr 3.8154979041965693 27.46883376260899
2458737 zr 3.8883950762004247 26.509989443404567
2458739 zr 5.798049288578099 26.44294064596156
2458740 zr 6.668234154613838 12.066566585257803
2458740 zr 6.3685780899819795 15.35230197503526
2458740 zr 6.892661453829892 20.34859993599177
2458744 zr 7.126720985346265 11.580436983621805
2458748 zr 4.6974239813720455 15.514523180282776
2458748 zr 4.586271499179723 12.890995481044992
2458748 zr 6.932913494585503 18.799449172273125
2458751 zr 3.7132535542958935 18.284521443101315
2458757 zr 3.479251199684505 18.11969989109877
2458758 zr 3.134487454589453 13.13694312046167
2458761 zr 3.5752272598480035 8.10070358088224
2458761 zr 3.3053379412419694 11.93768665947519
2458761 zr 3.76010339146616 12.41124110882015
2458761 zr 4.122871383986697 20.791461181308932
2458767 zr 3.417461675943173 25.20138253755662
2458769 zr 6.540974836713055 37.44001734343402
2458769 zr 5.847588247894974 13.736826405197817
2458769 zr 5.814734939345123 11.201396948464122
2458770 zr 10.020414958936623 3.9281542709623274
2458770 zr 8.915474011464129 9.804250264202015
2458770 zr 8.346452553870737 15.232300401646146
2458771 zr 10.680224271216696 4.767993222893235
2458771 zr 9.706745950326285 10.798483539229732
2458775 zr 7.270433017794964 35.29319411389075
2458776 zr 5.707097414425217 19.344738768086167
2458776 zr 5.066574613417791 23.897591723486634
2458776 zr 5.236783485997674 5.031511792551564
2458777 zr 4.2255747200727924 13.455757971991689
2458777 zr 4.860401039073946 27.391072338770343
2458777 zr 4.246193555702302 -0.3529111960948921
2458783 zr 3.3882072958482707 6.0919162571769085
2458783 zr 3.657379053626841 14.441902620564893
2458784 zr 5.38536676192515 13.209931298035338
2458793 zr 4.20990315149037 12.06810720700936
2458805 zr 4.540912843634699 1.7834450009639777
2458805 zr 4.8180569962819115 3.6930259127980047
2458805 zr 4.906369790609603 -3.539740788279575
2458806 zr 3.911498484500946 9.827007620929951
2458833 zr 5.460491858945665 16.540115643989076
2458833 zr 9.413007980302568 13.110938788155346
2458833 zr 5.384606121368326 -3.9232596852124484
2458833 zr 5.402288814893516 7.656624094419664
2458836 zr 3.9171516429266213 18.05386092652021
2458846 zr 3.9352323933990396 17.863996577496557
2458852 zr 4.063234929853871 6.364015989171008
2458859 zr 8.780514240990595 2.8381721874799073
2458859 zr 8.366873296928427 16.48060644601737
2458859 zr 8.444641457001717 4.50834020645892
2458860 zr 8.400942353558472 10.735279477847257
2458860 zr 7.48450688675087 3.649556377757307
2458860 zr 7.151489933026987 17.208294116217758
2458860 zr 7.690437016006734 16.31161152442644
2458861 zr 6.1550902520539825 10.421337471193297
2458861 zr 6.233815444153913 9.959691697183388
2458871 zr 3.514911889139246 1.858745476191002
2458873 zr 2.9600813932818704 3.807864056994207
2458873 zr 2.8569321533082963 1.5462606425915784
2458873 zr 2.7018777387506154 3.234193963889412
2458874 zr 4.756006925994726 -1.1414481352485186
2458877 zr 3.43692760665648 3.5194289616579866
2458880 zr 4.516809393037174 -3.0203321506124405
2458882 zr 5.500874843550474 -7.966859317970926
2458882 zr 4.697557503173486 -5.870634370023677
2458885 zr 12.113673394174254 15.9749603860423
2458890 zr 6.012372289143187 15.002727359978557
2458896 zr 2.97717545408651 5.6065052556034995
2458899 zr 3.165814949378613 6.134945150093648
2458904 zr 3.4797109220925218 -5.8297536142745905
2458913 zr 7.088919119287185 7.812707118852622
2459094 zr 9.706192277315182 -0.7759326251536263
2459096 zr 7.243158763247565 -9.112988204201642
2459107 zr 7.9086453488274735 -5.312889526639832
2459108 zr 3.754521584713875 3.1376966072297714
2459110 zr 3.4953106935481015 3.028702562480887
2459112 zr 2.3499572421330313 1.5673093386081272
2459114 zr 2.4496268117631748 2.1335858259646936
2459116 zr 3.0803809555863833 3.3010014843124296
2459123 zr 4.582428409340568 2.4564559308800327
2459123 zr 4.202287734790816 -0.7580596916764575
2459123 zr 4.358834548756397 -1.9812256490253828
2459124 zr 7.553414563200932 0.43135350047597454
2459124 zr 6.686523575394994 -5.27341016174184
2459124 zr 7.740990449278619 -4.298986430802135
2459124 zr 8.333449137059882 11.892999525442516
2459126 zr 7.863835595267661 6.511409404961613
2459126 zr 7.181248725485056 -0.6877505049233554
2459126 zr 8.235730008041775 -2.046115835706997
2459126 zr 6.519003511899963 -5.450188070970809
2459128 zr 13.356665178729136 -4.926333834421797
2459130 zr 4.029692743602637 -2.2494881640181372
2459134 zr 3.2867140419755088 -0.5815287498588257
2459137 zr 2.773197793518624 -1.266520881105244
2459141 zr 4.893401397255651 -11.731898075201297
2459143 zr 2.474133807343914 -0.3407607661102683
2459145 zr 2.4892219547538557 -2.719758761219656
2459150 zr 3.6131482859412536 5.73303211959536
2459152 zr 5.830179189472181 8.940564365918227
2459155 zr 5.497939657617147 -4.71719812097502
2459156 zr 6.0466596107448005 -3.61932034082719
2459165 zr 3.324326357637892 7.470848965815524
2459167 zr 3.766545050950986 -4.8980636664686035
2459169 zr 3.192166426135136 1.0948339981398754
2459176 zr 2.8299635770153033 0.20313744510761955
2459179 zr 4.674948000929385 -1.1418926394758528
2459179 zr 5.3807458375312365 2.5409598453962614
2459181 zr 7.898216247423758 18.343663068767096
2459181 zr 7.3253020031828 -6.486015087624613
2459185 zr 6.515288461528713 5.3579136658986055
2459185 zr 6.683150096086359 -3.8525255350492404
2459188 zr 4.786887041269186 -3.635282594771467
2459189 zr 3.3416573848052495 0.4399024509812033
2459193 zr 2.741674348970839 -0.08817701289228874
2459193 zr 2.637932161342304 2.098001662951261
2459194 zr 3.263514341617764 2.9459359021296505
2459195 zr 4.605639656761688 -1.0112956256586365
2459195 zr 7.191587834189849 16.655083554430288
2459198 zr 3.353403286734451 -1.5238318758860023
2459198 zr 3.3140718534923996 -0.371353001331328
2459205 zr 3.560917567996366 6.28267887998014
2459216 zr 4.867768572989851 0.681290980263724
2459218 zr 3.2943257123711662 1.2587122047564412
2459220 zr 3.825249443333066 -0.17790781382521625
2459222 zr 3.0549522728937117 1.6585532844677031
2459224 zr 3.5309029898544835 3.0148433759723803
2459226 zr 3.630305438893787 -8.383973978335037
2459228 zr 3.84905932997816 4.4677906388485145
2459230 zr 3.310440493428557 -2.8570039431203758
2459251 zr 3.1225086706579104 0.9972225884161829
2459253 zr 3.356493308090966 -1.7554085885697366
2459255 zr 3.0701664411385923 -7.314648894705066
2459257 zr 2.551899828819858 -1.2816711550393558
2459262 zr 3.9179578603352607 1.7937769664574867
2459264 zr 4.181940009773125 -5.021069738484262
2459266 zr 7.1503783150041045 7.571793579411927
2459268 zr 5.440205254498275 0.16307299308266143
2459270 zr 5.3981613884018 -1.9140182566390602
2459272 zr 8.546414185692562 -12.088360818509635
2459276 zr 3.63651836910625 5.558070811707453
2459280 zr 2.7040571666712423 -1.7917406376460856
2459294 zr 9.067799920829271 7.640399237680185
2459298 zr 9.70254591528732 7.625883449857825
2459301 zr 8.284975491059965 -5.167648172455539
2459453 zr 4.971528757946358 5.2083442874838966
2459462 zr 3.935089418357785 5.909432483008167
2459468 zr 2.6792662215541014 -3.048810340991653
2459471 zr 3.334007219862574 1.6134875586830408
2459477 zr 4.975565850390828 -5.461853015323339
2459478 zr 4.957268913279561 -5.778331231062168
2459479 zr 5.876936790502892 1.2628155718187473
2459484 zr 5.206870597526686 7.96229010153507
2459487 zr 4.406278397489333 4.459638852305142
2459489 zr 5.044782866193867 -4.282310016813051
2459496 zr 2.993510914756436 4.362076229794977
2459509 zr 6.138106583791787 1.31688913793082
2459511 zr 7.100938990652537 2.7756966400358314
2459517 zr 2.7030364819455723 0.46093574038675345
2459521 zr 2.9744346365454573 -1.547638511947822
2459523 zr 3.2045461909261213 -2.0437465445563916
2459525 zr 2.5931233967382377 2.5901935327156695
2459530 zr 3.071168558664115 -1.141212540149136
2459532 zr 4.308293409540119 -1.30870889713263
2459537 zr 2.460498947857571 -2.219487937783785
2459540 zr 8.134295618913784 -12.41580268092235
2459640 zr 3.3828716895965476 5.32777257388481
2459825 zr 3.337108940615457 -7.111565336807258
2459827 zr 3.756152067416972 -6.410451273346224
2459843 zr 3.1484996764408146 1.0156071264265836
2459846 zr 2.917775728294647 7.622956991622065
2459848 zr 3.0910330809448556 -0.671265599944402
2459851 zr 2.343688704011972 -3.6297714543465696
2459856 zr 2.7875063720063715 0.3359318287005664
2459861 zr 6.836509558882086 11.71570277390228
2459863 zr 6.115000989261307 -6.257855549712318
2459873 zr 2.7255359028419206 1.097630818051636
2459878 zr 4.3205910961706975 6.351389752064994
2459882 zr 5.729040638893813 5.812445152358228
2459883 zr 2.763757453591068 -10.267390787538277
2459883 zr 2.9380800399133125 -10.837625606260191
2459888 zr 6.699666417547513 7.493869463052168
2459897 zr 5.587413871358366 -2.1672610107465675
2459903 zr 3.8456555679405624 5.721221429564901
2459906 zr 2.7970480482907005 -9.022909639329688
2459906 zr 2.8537977003661488 -10.459710706422547
2459910 zr 3.9774047391938487 0.5002323106438715
2459922 zr 6.8416409347203135 13.24103661528949
2459933 zr 4.857477992540833 -13.824538247465798
2459935 zr 4.165796099165778 0.9226139876827805
2460013 zr 7.402730107339347 9.081133623682822
2460021 zr 6.187762678185022 -0.5992801943465165
