jd filt fluxerr adjflux
2458203 zg 5.868183055381442 3.710086664864235
2458206 zg 6.378439531582861 -7.64127980733889
2458206 zg 6.618249969468231 -11.835362597525403
2458206 zg 7.808683106102959 -8.52170724390146
2458206 zg 7.893542166671776 2.9189120996788347
2458210 zg 16.11120429351689 10.007901446725555
2458210 zg 15.62170480371538 -5.930928257695598
2458229 zg 3.326823533463474 -4.4911239651940775
2458237 zg 15.439071609564166 31.13849495561732
2458242 zg 2.7941873997619746 -1.8658211297658334
2458248 zg 2.974784636627202 8.45422931991081
2458267 zg 9.316278834142361 -7.931285741063726
2458267 zg 8.111397578222011 1.552696983458396
2458270 zg 5.697515633970067 1.252551380120005
2458270 zg 5.900701602674435 4.664318127624833
2458275 zg 3.021729120391502 4.18654323692148
2458277 zg 3.359886523090611 4.279033167739459
2458278 zg 3.6417755065327597 -3.7368649729643084
2458280 zg 3.0348129221106332 3.213417196160912
2458283 zg 3.0487458606732942 -3.9114788692683353
2458284 zg 3.174913698095655 3.8687592671180693
2458286 zg 3.5786001075797493 0.35542478393919535
2458292 zg 6.891966635266063 -5.644027307892276
2458293 zg 6.7165022769608145 -16.563226278197913
2458295 zg 6.905574053381764 -2.012815920496247
2458298 zg 8.216220860652065 13.377779568326906
2458322 zg 8.89719643837254 -0.5367577809019952
2458466 zg 3.0940065137389086 -1.571424973620138
2458472 zg 7.5521730582933575 -4.493823749119153
2458472 zg 3.3514270063749123 -3.329694189085027
2458488 zg 2.9931737278062243 0.9529586212354861
2458488 zg 2.955667184905661 0.41149974832335556
2458491 zg 3.3855541537212956 -1.7186903200154229
2458492 zg 3.628383394073616 -4.342710253560342
2458495 zg 2.8026859348631956 0.56713312038375
2458495 zg 2.843515041415913 0.952958901826128
2458502 zg 7.980924076352847 -17.117257874013198
2458502 zg 7.654964241307376 4.664319315581772
2458508 zg 7.004391051454417 8.371450483071756
2458511 zg 4.070668093174333 2.1546515486301967
2458511 zg 4.161743183822169 5.303410482850692
2458512 zg 3.887457849135508 -5.2126814569749005
2458539 zg 9.854061889552554 3.061759005149048
2458539 zg 7.215389176764352 1.8173835584580103
2458547 zg 3.409766265519472 6.740701060333219
2458547 zg 3.4334594655615387 17.904404801445036
2458560 zg 8.76955989351334 11.16246403804548
2458573 zg 3.1545101170780327 2.7612086549850754
2458575 zg 4.410254205542887 -7.073155549297438
2458580 zg 3.055311747441278 6.105730152590115
2458580 zg 3.105502796078894 7.051085883642304
2458586 zg 3.9963700271909754 -0.8328609092167876
2458596 zg 3.3115381677820994 -5.2123424028127365
2458600 zg 3.3893875017289186 6.750422779515824
2458600 zg 3.128392410919211 0.20680878882033338
2458606 zg 5.8844198660255564 4.18712696327758
2458609 zg 3.1140954831813286 0.5678163593932997
2458609 zg 3.001381654665551 -6.3596059931322255
2458612 zg 3.192428826463007 3.5179787286987003
2458617 zg 6.9019273649986586 5.7853115127783425
2458633 zg 3.208666719424871 -3.1815796686255577
2458634 zg 2.763474935336043 -3.6184026619380725
2458634 zg 2.791615042856458 -2.010364054532753
2458634 zg 3.1690706742095323 3.554012004160105
2458635 zg 3.0571815057059406 -3.4727653820964584
2458637 zg 3.001381654665551 -6.35744729725382
2458637 zg 3.0031320857238244 12.660621893815865
2458640 zg 3.046881261610671 5.6271295113523525
2458640 zg 2.914284353369489 -3.3264022977914873
2458643 zg 3.772610226068401 2.3092924576708476
2458643 zg 5.814140542479219 -2.361715158315564
2458650 zg 12.353553942216063 6.12718915491536
2458651 zg 9.164946254653161 3.082439719236656
2458653 zg 8.059447536682388 6.746817610482725
2458654 zg 6.162636274680574 3.0832882368167533
2458658 zg 2.874298873024343 -5.492624447317358
2458658 zg 3.213156838785262 5.952611468423437
2458661 zg 3.818052867148422 4.287941859124119
2458662 zg 3.884303629659195 7.244195078891398
2458668 zg 3.4207491181521577 8.38371059217132
2458668 zg 3.3731042589153484 -2.2941377800464173
2458676 zg 7.7964282913130845 -4.762614731643501
2458676 zg 8.118200265973917 23.143917820642525
2458679 zg 9.093978865856428 5.833314747978575
2458806 zg 7.741048471928635 19.1718755226664
2458831 zg 6.139974054593871 6.073709507785287
2458838 zg 28.26271843487082 -27.21537655477171
2458854 zg 2.7533126485488157 1.9791745454160345
2458854 zg 2.860055323862236 10.208320978565316
2458857 zg 3.119760274471936 6.3531228691894555
2458857 zg 3.0665886920404497 13.343033196323908
2458872 zg 3.192428826463007 12.468903177486075
2458872 zg 3.2338600680417016 7.660687626935575
2458881 zg 2.5940266530076648 5.540452357972288
2458881 zg 2.7898087626977497 10.399488229649979
2458884 zg 4.990922728368865 9.041966511904555
2458887 zg 7.228692664013976 13.94523176900502
2458894 zg 4.121544187138969 11.598001637188727
2458894 zg 3.827482120653688 17.981010654276385
2458898 zg 2.6740802352616595 13.980333026321194
2458898 zg 2.6058586248406286 12.161010409461955
2458908 zg 3.4516739503804406 18.01164324637837
2458936 zg 2.7898087626977497 30.72932032053069
2458939 zg 4.875463043806712 23.677517271727375
2458940 zg 43.8337118970086 32.907819335994695
2458954 zg 2.8883879858474826 32.353854025354536
2458955 zg 3.0404084061552448 32.615330612655654
2458955 zg 3.505295293755861 33.603065561891455
2458962 zg 2.8928900290986728 26.395593658812462
2458963 zg 2.9940257412966216 33.738782276465386
2458963 zg 2.886519089946951 36.75915869890183
2458965 zg 2.748245527643739 27.13544302019766
2458966 zg 6.385014976492855 36.6929231975533
2458968 zg 2.8019187011351496 30.92334025694585
2458969 zg 4.19799519941298 46.41247048152778
2458971 zg 4.406194081350204 25.83155571723387
2458972 zg 5.663069705030078 56.931746247027554
2458978 zg 2.943960133670692 32.86711182944278
2458980 zg 2.7036523708766076 39.18522722003488
2458981 zg 3.04033349201694 30.853889956508205
2458985 zg 2.630113158388883 33.08106925686326
2458986 zg 2.7515311514829786 33.63896064117362
2458992 zg 2.6325366980393694 34.439364512316246
2458992 zg 2.8495378764062163 40.57830655586113
2458995 zg 2.983015636648179 39.61996877011312
2458995 zg 2.874298873024343 32.14529073832087
2458998 zg 3.186632085232601 42.5735495894521
2458998 zg 3.182949622439627 26.785811884484033
2459005 zg 8.01844133142703 32.827679153070875
2459014 zg 2.81226038950476 38.80499901484585
2459014 zg 3.010617140499056 43.18961716217849
2459017 zg 2.935836899040509 37.63632694580874
2459017 zg 3.1083643874659304 40.05201180165698
2459020 zg 2.7744342302612828 38.77223248860917
2459020 zg 2.817445538817971 39.37244780667418
2459023 zg 3.245796022158102 39.30335408223799
2459023 zg 3.111151956577407 39.292305929611345
2459026 zg 5.432558725538497 75.35520217219786
2459026 zg 6.3929014406588545 60.116258018111324
2459032 zg 7.999532707551703 35.72698612478767
2459033 zg 8.930035375809082 32.34738632746483
2459039 zg 4.630881018405868 39.254330834712654
2459042 zg 6.013830998570273 32.21027044603062
2459185 zg 8.460125092346615 25.486228786457886
2459185 zg 8.758972832910924 15.886352153852343
2459186 zg 8.051413010005211 28.72275136862146
2459189 zg 5.895961044702144 9.543416293069772
2459190 zg 12.077033685903478 41.71813748042574
2459200 zg 3.834539100997071 29.81641276070767
2459200 zg 3.6410761754079433 35.1763055608839
2459203 zg 3.9199026082419497 26.784224174974923
2459204 zg 3.7121863114173865 31.312187917255205
2459204 zg 3.27434630446333 24.619671442027215
2459217 zg 7.527869903897215 22.426280552392782
2459217 zg 11.427494466847733 35.03072587183466
2459218 zg 6.212773568571668 32.662138259071654
2459218 zg 6.476712294075522 21.919225674775713
2459222 zg 4.2900829857933545 27.407863240150483
2459224 zg 3.3878534046151154 28.911769153535268
2459227 zg 3.3785053404944105 28.26009343022803
2459250 zg 3.4618892539300723 16.729338563179976
2459252 zg 2.6228559180325397 18.205776275121547
2459253 zg 3.7231726069218425 21.42200922499897
2459255 zg 2.698676643381307 25.227951441810845
2459256 zg 2.9035674863555183 17.389275059644334
2459264 zg 2.966576348307938 21.873859886240638
2459265 zg 2.8751170485256567 23.540775920307468
2459268 zg 4.2468379843735935 22.90043233839002
2459269 zg 4.465017687904541 20.612930898514758
2459270 zg 7.696712644960397 12.715868891332043
2459291 zg 3.4302140675527335 28.21389215206716
2459291 zg 3.0166478099020075 6.692727043779371
2459293 zg 3.3637968919391943 16.501572416848354
2459293 zg 3.86048560694252 18.418916380831384
2459298 zg 9.307472547831315 23.1118518352975
2459298 zg 10.773585873492747 15.248605499734566
2459303 zg 10.21793633359763 5.110051620405269
2459304 zg 9.468138854665286 44.04632922493818
2459304 zg 9.521287712022797 41.625916171398416
2459305 zg 5.348160470523319 18.38492351907592
2459305 zg 6.479645096782905 17.64206790328432
2459306 zg 4.24521731419658 15.974434575224024
2459306 zg 3.986960542347592 23.238195782740746
2459307 zg 2.836445439123115 21.126521007508043
2459307 zg 2.7013100481238226 19.92561503485123
2459307 zg 2.6716184502147207 18.134657100016025
2459307 zg 2.933969061276315 17.694641437212223
2459308 zg 4.131191023356564 22.49995938872281
2459308 zg 3.0488209820932575 22.44625139939971
2459309 zg 2.9393786128668418 24.85282842637636
2459309 zg 3.4239011958852954 26.95625788319759
2459309 zg 3.119760274471936 18.181930065323737
2459309 zg 3.3413703132977397 14.83678688353896
2459311 zg 3.1880462246354706 14.119607407875026
2459311 zg 3.275909719751867 27.672686891014667
2459313 zg 3.324460855807253 28.5645220184891
2459313 zg 4.016446048481577 24.165917685362757
2459317 zg 2.6396773766670596 18.123130411690543
2459317 zg 2.6325366980393694 15.276705119890867
2459323 zg 4.1673498420442385 17.78611220038974
2459323 zg 4.1046419266693235 20.64754169262756
2459325 zg 4.3098851091326775 22.4556220917371
2459334 zg 3.1573390695006145 18.905290007519014
2459334 zg 3.1169649923713814 17.92522163773465
2459336 zg 2.9720460200966605 18.4557629055247
2459336 zg 2.8252411936709567 17.017028491301524
2459338 zg 3.5687257183212084 16.923540684750705
2459339 zg 3.046014206961566 13.839488377335062
2459340 zg 2.8637290469382255 10.847665865139003
2459341 zg 2.870611590490266 21.53986689003515
2459342 zg 2.835668963749407 17.333979468974483
2459343 zg 3.0637655597770213 23.37200686123467
2459345 zg 2.9995460233352746 19.610533006044456
2459346 zg 3.3475310173526753 20.315221651912626
2459348 zg 2.683804336668404 19.473903860138336
2459348 zg 2.756604330308678 21.292824835852315
2459354 zg 5.15304129485442 28.276723792028736
2459358 zg 10.385604117084696 39.42358291754478
2459361 zg 6.343288188313906 7.486345785669892
2459362 zg 2.8130304550394967 17.123129529158216
2459363 zg 2.8408972729894586 16.691808084997582
2459366 zg 3.0807434223130046 23.317242145676865
2459367 zg 2.8910495149864017 19.38453906072615
2459370 zg 3.1414099123039887 9.083486083122953
2459370 zg 3.5312186518597786 21.370906707945668
2459372 zg 5.304011166409556 6.979753307901387
2459372 zg 5.016673870156154 19.018638728482795
2459374 zg 2.926674570443482 23.462716293959193
2459374 zg 2.9959318126388093 16.519439112879343
2459376 zg 3.3398058699063973 19.519052221874794
2459376 zg 3.3855541537212956 13.613818095490494
2459378 zg 2.9466728702275318 13.677299917130956
2459386 zg 17.068051171682168 10.427018453424132
2459390 zg 6.5881263590882 25.092553035767192
2459390 zg 7.534676634287136 1.958129065137424
2459392 zg 6.084213280229607 29.683590079792282
2459392 zg 8.380886437857427 15.627875424546005
2459394 zg 4.295779069187556 32.67086300262928
2459394 zg 3.905487722847635 16.147423646854058
2459396 zg 5.131589493239025 20.138811723483286
2459396 zg 5.0812431011221575 10.603495388407142
2459636 zg 3.3336593830004384 11.389364196035523
2459641 zg 3.884303629659195 21.603434390003564
2459641 zg 2.8104407510285725 8.45317799718662
2459672 zg 2.4657602680897703 2.7576625413965417
2459672 zg 2.661649411719076 8.318200099177318
2459675 zg 3.091158140354227 5.039784039193735
2459677 zg 3.80605690238314 4.122100383928702
2459678 zg 3.465143493343684 17.369867934727765
2459679 zg 3.945169737583325 3.792866610956815
2459683 zg 10.221005416542027 17.113739116194466
2459697 zg 2.728070126459483 0.719121113866108
2459697 zg 3.1169649923713814 7.086057297690544
2459699 zg 3.0656404915188236 3.2903798780672906
2459699 zg 3.1895684338780734 10.99269533329312
2459701 zg 3.4548545240575232 7.846492979207727
2459701 zg 3.08546925789398 4.280980075253001
2459702 zg 3.1836984398190946 10.622231192466185
2459715 zg 5.566931389593007 20.727933286560233
2459717 zg 7.215594270399653 -1.9006419401976604
2459722 zg 2.990344499689899 -0.9890228384042059
2459722 zg 3.088312389210604 4.0760859499945825
2459722 zg 3.489189924821398 9.65199374462465
2459722 zg 3.08642359143959 13.825351867449502
2459724 zg 3.674766638455526 10.893006644769859
2459724 zg 3.1298578232885004 -1.163823995831219
2459726 zg 2.894505865997 11.982735033307057
2459726 zg 2.71053818539274 -0.7687269428056656
2459730 zg 3.2428878129610577 13.371947488876156
2459730 zg 3.219001830685482 3.753856485645695
2459730 zg 2.87694741963304 0.45649296701840214
2459730 zg 2.8374742212237107 -1.6863810645120516
2459734 zg 4.3098851091326775 10.573603059063359
2459734 zg 3.601432479307697 -5.394638670256042
2459736 zg 4.020147036106945 11.82390305577212
2459736 zg 4.070668093174333 7.872963221805605
2459741 zg 8.175793664937924 -2.848877993153346
2459741 zg 8.06625792934305 8.875459610972646
2459743 zg 8.563762578748653 13.127106972780807
2459743 zg 9.367673898643593 3.8573127065361046
2459747 zg 6.392717684988362 19.71413793397028
2459747 zg 5.099997618396606 2.218857631937543
2459749 zg 4.684895702388171 12.429704932289438
2459749 zg 4.55302386646301 14.442813768591519
2459751 zg 3.700342617769422 4.6550198871411315
2459751 zg 4.068571359825409 13.69670879332501
2459753 zg 4.28622807790472 15.959872061736762
2459753 zg 3.8110262276165723 9.431958564644605
2459756 zg 4.6163627377376875 9.759066203511907
2459756 zg 4.2024245688376665 1.2118429758771745
2459758 zg 3.9707749818343587 2.71258091921546
2459758 zg 3.9780083748071675 3.8124048458249913
2459761 zg 5.149966804732489 -0.8775405843460851
2459924 zg 8.37332617307825 20.464454738124658
2459932 zg 4.779948127848901 7.847308317782733
2459932 zg 3.7622005069679005 5.195791176839066
2459937 zg 3.2713319084611077 3.2056383376498276
2459951 zg 10.271956683517027 20.562934613583238
2459951 zg 8.202645459628119 -7.416424916814394
2459969 zg 3.6901323058319684 1.7436979394365588
2459996 zg 4.608610163849089 -15.768205100133066
2460043 zg 7.704477058603154 8.25022586578707
2460045 zg 3.501401694719013 -7.020475279424444
2460050 zg 2.8849077116083937 -2.505347798840551
2460051 zg 2.9995460233352746 5.331404191036084
2460052 zg 2.9849146986835864 2.9104933796906933
2460053 zg 4.235213193902671 10.770757827668069
2460054 zg 3.364442966822215 -6.940087279634447
2460055 zg 3.891465375553269 9.945055303250122
2460056 zg 3.059998571037964 -0.9500247638543677
2460057 zg 3.4223514772591863 2.7846581432509683
2460058 zg 2.799339226716155 0.7952408782477662
2460059 zg 3.260858281795519 10.894607384230827
2460060 zg 3.29552499390269 3.456419168881821
2460061 zg 4.0115588769709305 15.339061702585685
2460062 zg 3.421700061597175 -10.59347898055105
2460063 zg 5.642244570087583 25.284451415836422
2460065 zg 8.475743368936456 7.46512528301539
2458217 zr 4.811109940534257 -0.3061118573769477
2458217 zr 4.662783824947239 1.648931338823047
2458217 zr 4.916204778745089 -6.513844782776744
2458217 zr 4.11997531642963 4.533916158285535
2458218 zr 6.188007769531009 -6.912733072348658
2458219 zr 5.915914811738038 -0.6760268591134491
2458224 zr 5.200318754587136 1.1769599044726533
2458224 zr 5.143159165088103 11.087054794457003
2458224 zr 5.660071424588908 -3.694209746670367
2458231 zr 4.864579230596748 4.159545378281564
2458233 zr 6.309202025089561 -7.215513292181072
2458233 zr 6.6309298591591155 -2.1522845251796525
2458248 zr 3.762720234947666 6.410950926202304
2458249 zr 5.291675302467223 -4.754008298699773
2458256 zr 4.044777292197899 -2.888376335775376
2458267 zr 8.782734714919389 12.47588160529142
2458267 zr 8.865702841966904 13.297367560032058
2458270 zr 5.100702155928326 -6.548564935436558
2458274 zr 4.0485043858834855 -2.5204999218693147
2458277 zr 4.465634506337864 1.9205472426839967
2458278 zr 5.252828092096021 -7.565863148957871
2458280 zr 4.1275715857018955 5.283692937375522
2458281 zr 4.573464172279249 -5.810882561027424
2458283 zr 4.688622650167509 -10.536026147676917
2458286 zr 4.900555152409748 7.164188517660198
2458287 zr 5.380135182631429 1.6489313388230524
2458292 zr 7.644009597655953 -6.912733072348649
2458293 zr 9.01312256600543 -11.398489414139581
2458295 zr 6.980001724048139 -3.2559140789710908
2458298 zr 9.012178084008198 23.306967377526306
2458301 zr 6.414671696445053 -15.196691015909304
2458438 zr 8.111937759007523 -1.7837298311836365
2458438 zr 7.850932142688393 3.7855192499319927
2458438 zr 7.8292691578091835 2.6655055839088804
2458438 zr 7.746840418119517 -19.80188443404849
2458439 zr 7.08160868061363 -17.683261193747306
2458439 zr 6.692285097728394 1.5485823586145444
2458439 zr 6.802296057683977 0.9322402829915064
2458439 zr 7.133980610050326 -0.49718732519627323
2458439 zr 7.173513576841906 1.64893134115963
2458439 zr 6.337979794416959 2.6655055840797446
2458439 zr 6.637039984642519 -1.783729831012772
2458439 zr 6.941535193887414 8.888922982745134
2458440 zr 7.658103360546251 -6.184061230243627
2458440 zr 7.546076848060491 -11.976025063509267
2458440 zr 9.464011882812132 7.430235803600057
2458440 zr 8.706466586080364 -9.66119942274406
2458440 zr 7.4288437447729425 -3.6942097441497577
2458440 zr 9.223065160360882 -16.97444768456387
2458442 zr 9.746881657991725 4.167772152047141
2458443 zr 6.349665544321484 3.411837452616449
2458443 zr 6.898813968554381 14.006130825194813
2458443 zr 6.450218611556806 1.2904207886970727
2458444 zr 5.807937197505254 6.339741700477566
2458444 zr 5.649654784744219 -4.401067431467732
2458444 zr 5.7388108614735245 1.6489313422322647
2458444 zr 8.052386457268446 -4.7226845726034075
2458444 zr 5.51560539845168 -2.888376332366159
2458444 zr 5.582043132922329 1.9205472460932123
2458444 zr 5.229136330617693 3.411837452863755
2458444 zr 7.861847398872501 0.21686820441559515
2458449 zr 8.310549965674147 -9.814034806715124
2458449 zr 8.663894807103757 -10.175196719354556
2458450 zr 7.075089280736136 -3.694209741328002
2458466 zr 5.243604948183166 4.53391617559542
2458469 zr 4.469749402404672 2.2928549007310264
2458474 zr 8.262749941756057 5.659099603282939
2458475 zr 7.532189255684002 1.6489313718840704
2458476 zr 6.468065869766135 -11.976025030526731
2458476 zr 6.649277131475178 13.297367595535203
2458488 zr 4.684306257196676 3.446445568246099
2458488 zr 4.578077865066281 12.094199455033982
2458492 zr 5.326353233328088 10.951259771969289
2458493 zr 4.022486674823458 -5.088533519710049
2458503 zr 5.633693142106403 5.659099804349547
2458503 zr 5.893195523926628 -11.398489182289984
2458512 zr 5.898625857969375 -11.051670738128598
2458524 zr 4.4003090025899905 -3.989973863777213
2458524 zr 4.556645907009127 -7.215512355881575
2458539 zr 8.48642172357057 16.697672547717712
2458543 zr 5.306766325411887 9.432247456514094
2458543 zr 4.615781915241152 -2.2765789719828957
2458547 zr 4.871132742415101 -10.009293707408842
2458547 zr 4.150444531305011 7.541332002566734
2458560 zr 6.420582549045292 -0.49717832477725893
2458567 zr 6.735571242364728 4.159559095152483
2458573 zr 5.510892147153407 -13.817274071016717
2458580 zr 4.927711587882466 9.432273796964065
2458580 zr 4.598808032478488 -3.6941802508209247
2458583 zr 5.209465761034081 -10.70449824323727
2458587 zr 6.3893330965232416 -22.66607546887001
2458589 zr 8.387446537741132 -6.184011741417249
2458593 zr 9.868700301944955 -5.106562154611121
2458593 zr 10.042919007578668 -12.693975447588494
2458596 zr 5.644080352421499 6.41102442474582
2458600 zr 4.641360279291558 -0.14023210186631552
2458600 zr 4.173444227378648 9.811565532153184
2458606 zr 4.531534400716853 -9.3126524028515
2458606 zr 4.052234913930571 -2.1521565945013363
2458612 zr 4.4533125334779955 0.8058568931625996
2458633 zr 4.063447135901498 -1.0450649401403225
2458634 zr 4.085964735747035 1.1775245225702864
2458634 zr 4.436936108803528 -0.675462241015816
2458634 zr 4.2922318710344864 0.5749541384308603
2458635 zr 3.6974467573362735 -0.6754325838607637
2458637 zr 4.26464784543415 -1.920700323193926
2458637 zr 4.108607116913901 3.412495544865778
2458640 zr 4.380091419198764 -5.81845547747887
2458640 zr 4.645637099333751 0.21763437865185972
2458643 zr 4.887033108117807 6.035743127000299
2458643 zr 5.597858438340838 -7.914999472338795
2458647 zr 8.947736180353353 2.6665932720398073
2458648 zr 8.947736180353353 17.00961740018691
2458651 zr 9.180689025209356 -4.399742310570752
2458653 zr 4.896043652254753 6.788857797770087
2458654 zr 6.303393710515224 -7.56432855159312
2458658 zr 4.10104574932862 2.667368572170447
2458658 zr 4.857691883033603 -11.049808172292229
2458661 zr 4.8690617375986545 4.536067934280602
2458676 zr 7.636972445861497 -7.2722175731159115
2458676 zr 8.000637800426329 7.070751300312194
2458679 zr 8.947736180353353 2.6704938882475977
2458679 zr 8.852010850767037 -3.3353040161513485
2458798 zr 9.063859620975636 8.38131103715337
2458798 zr 8.236092653915303 24.16147784320494
2458798 zr 7.62310540121963 12.175364654283914
2458798 zr 9.432828480238662 8.003824085462742
2458800 zr 12.19616197900544 39.764126187279835
2458800 zr 11.969158628706023 17.57510758475849
2458800 zr 11.053502831768464 12.204381870157597
2458800 zr 13.934893471801988 7.2789096328343765
2458804 zr 9.489988651894361 -5.608242224559409
2458804 zr 9.22660519493313 13.48241665005926
2458804 zr 8.4029110241795 9.443206290773471
2458804 zr 9.22660519493313 13.48241665005926
2458804 zr 8.686198803434985 8.473098213137032
2458804 zr 8.49629855688495 -0.4913180030311295
2458804 zr 8.559132803814238 2.474830553048913
2458804 zr 10.070706991133596 -11.062239231282636
2458806 zr 10.920938471079898 21.940470034842946
2458806 zr 10.424981114884618 33.80463014765772
2458806 zr 9.65294785799602 -12.8845366602512
2458806 zr 8.889457888330886 -15.974445606468151
2458812 zr 7.010051743906499 -24.645841291854452
2458812 zr 6.894962755711443 -12.772067317359843
2458829 zr 6.210847278741371 -4.331808880651739
2458860 zr 10.972356932728852 11.086798361955745
2458873 zr 4.363984254777998 -4.070029182847581
2458873 zr 4.688622650167509 7.013479495329416
2458876 zr 4.50280536622025 8.697653068849366
2458885 zr 5.292123427399838 12.388920658006471
2458887 zr 7.029621223625453 -1.9079966164412863
2458887 zr 5.948697864647462 5.803111274761003
2458894 zr 4.749471448449283 13.744370139788469
2458894 zr 4.432851420983452 3.809845845983868
2458898 zr 3.818580310834517 17.697562139548467
2458901 zr 4.167572608827265 -5.197465819860031
2458901 zr 4.142806167292483 12.294463795454316
2458904 zr 4.842228519271727 8.09431150070657
2458908 zr 3.7110937778983293 7.013297596115603
2458908 zr 4.233340241973779 1.4536097253990299
2458911 zr 4.882534056492216 12.181241437822116
2458911 zr 5.475476402003755 -9.698411583776071
2458914 zr 6.5215503304079245 21.23439498794413
2458936 zr 4.055968879503761 7.636846814539831
2458954 zr 4.2237150787859 26.463890721162684
2458955 zr 4.89361686957231 3.551795053950837
2458955 zr 4.531929810487818 19.73620550940505
2458962 zr 4.052234913930571 10.547638864320158
2458965 zr 4.029903197879848 8.716770134380065
2458968 zr 4.078445038577566 13.877048012825114
2458971 zr 5.205110631566529 15.354649503957521
2458972 zr 7.166909568396451 15.216399136206672
2458975 zr 11.685939209592476 21.44536379391119
2458976 zr 9.024890424066413 18.565712526900633
2458978 zr 5.195531289057661 15.43448046500131
2458992 zr 3.811552700609815 27.83514902657651
2458992 zr 4.2255493189742825 10.66336494388775
2458995 zr 4.10104574932862 19.074237224870117
2458995 zr 4.106607301502816 0.1881781940287084
2458998 zr 4.241145529610069 12.633506512687806
2458998 zr 4.10104574932862 19.34681344519146
2459005 zr 7.704147868407496 9.69276644703157
2459009 zr 5.597858438340838 9.632756432497864
2459009 zr 6.297248770987551 17.612790908262433
2459017 zr 3.8984737483154994 15.047721586653626
2459017 zr 3.7145133961336683 19.210730269613595
2459020 zr 4.080216192089659 -0.4271514314140674
2459020 zr 4.138992258442432 24.592168191686262
2459032 zr 8.377696243441541 29.902837874270876
2459033 zr 9.03320648442842 23.117475444760423
2459039 zr 4.789004898281584 16.49266407130133
2459042 zr 6.92876018335137 12.360173190056798
2459164 zr 14.378171285526214 33.07043415365425
2459164 zr 8.914832150720803 14.4523553126713
2459164 zr 8.543380811107436 14.4523553126713
2459164 zr 7.215318887578144 23.466447857938903
2459164 zr 7.360917065242701 10.75489548632933
2459166 zr 10.400637509174272 14.37981234937308
2459166 zr 7.268679668819553 26.44315395295524
2459166 zr 7.186739855295706 1.2268273788705493
2459166 zr 7.527582603090599 41.23790601907035
2459166 zr 8.449475771216168 9.946938365929324
2459168 zr 7.226565187542737 17.659639952002994
2459168 zr 7.58109475058841 22.562950191363218
2459170 zr 7.58109475058841 22.49119787919572
2459170 zr 7.887170398948966 18.71805315058104
2459172 zr 6.9370437589656175 29.299694595538732
2459172 zr 9.960930887974202 -1.8615663450237694
2459172 zr 6.091873133136984 14.278014139607953
2459174 zr 12.86131945497631 -7.387927101413762
2459174 zr 12.02440575474499 31.935178760153125
2459178 zr 7.090151740817353 30.157312383725003
2459178 zr 5.409949211731741 16.58278656970076
2459185 zr 8.849386646190027 10.74943234983369
2459185 zr 9.206091284797719 9.19286986052726
2459186 zr 6.568338557384789 0.061842109451232474
2459189 zr 6.461760397594149 22.96754333224682
2459195 zr 4.339934499692839 2.7419088669585463
2459195 zr 4.884610791619526 3.2304087822188663
2459200 zr 5.987174437657536 16.18808605504926
2459205 zr 4.396258034050743 7.508391203135011
2459216 zr 7.629941772539433 3.8725880541381823
2459217 zr 7.753978808671035 6.37452935278046
2459217 zr 8.87216816555105 28.178823689579733
2459218 zr 5.883312425015126 8.561365093317633
2459218 zr 6.086264893717243 12.381981709747933
2459221 zr 5.970654097530402 14.394519317245242
2459222 zr 10.565740180137249 19.11935378709101
2459223 zr 5.281936648717853 5.83504949075947
2459223 zr 5.282383948933651 18.835293004627058
2459227 zr 5.267808328926733 17.581822218010807
2459228 zr 5.0913149639076645 18.206710972553886
2459231 zr 3.985608295320565 2.3205680651469986
2459249 zr 5.400450187726727 27.215118599529298
2459250 zr 4.749471448449283 5.034627120408983
2459251 zr 4.190667220174274 1.8449975583507587
2459252 zr 4.482116854815165 13.843195452816385
2459253 zr 4.284332565499899 10.262494073399498
2459255 zr 3.593369927647853 12.712916002956547
2459256 zr 3.7179361654046637 11.866248216041681
2459260 zr 7.175555533272378 18.12402775803271
2459262 zr 4.594574323744242 6.101645453181398
2459265 zr 4.248965208368178 6.7260762556289855
2459265 zr 4.376059063169286 3.882307345520534
2459267 zr 5.267808328926733 16.422312163171284
2459268 zr 4.514870326229536 -0.7205629438735954
2459269 zr 4.9480031178784145 -8.434115742720865
2459270 zr 7.594885374462468 14.819842079794192
2459272 zr 11.293170079132745 -6.345399093083666
2459276 zr 7.0425821982904715 4.308608754384464
2459276 zr 6.297248770987551 9.831668322786696
2459278 zr 5.654860706146759 5.666348649768823
2459281 zr 4.860100850235671 13.42015414157099
2459291 zr 3.905661620588667 7.0976732954071196
2459291 zr 4.0934982974763745 11.294802665473483
2459298 zr 10.602863824025173 -9.19458209012303
2459298 zr 12.421694557482741 18.085111114474124
2459303 zr 10.06620320289752 11.736577453118551
2459304 zr 10.420772790178773 11.413197440182342
2459304 zr 8.308537985894333 16.965068535556227
2459305 zr 6.013825888625716 5.327293549637622
2459305 zr 5.480159363595327 3.5674574032884347
2459306 zr 5.321449739195181 19.567801688280703
2459307 zr 4.54825998115193 1.056315116946708
2459307 zr 3.852073934203748 1.4063424381372744
2459307 zr 4.477990573147802 12.010705253442469
2459307 zr 3.9709517865892217 -1.2029911372179907
2459308 zr 4.052234913930571 6.795373319145078
2459308 zr 4.190667220174274 0.3326791511119538
2459309 zr 5.587186753005839 11.216032142829159
2459309 zr 4.229442986547838 3.816553021971595
2459309 zr 3.956349175088198 11.64962359537983
2459309 zr 4.026193228634223 4.200492687586655
2459311 zr 6.665849896882808 2.009576251158512
2459313 zr 6.6248253587184305 6.305422971735405
2459313 zr 7.387903662912634 3.0150403325772945
2459321 zr 3.704263982933853 8.698726554151571
2459321 zr 3.8343752621450298 -0.6781977849943726
2459323 zr 4.033616585707492 4.597424354996342
2459323 zr 4.556645907009127 1.371885862891979
2459325 zr 4.059706285770577 7.125638059984713
2459325 zr 4.620035165886996 6.619115175113311
2459334 zr 5.607808673348852 12.117980891319371
2459334 zr 5.409949211731741 12.139404369304282
2459336 zr 4.173444227378648 18.098402833285384
2459336 zr 3.894884774337496 4.946636857222536
2459338 zr 4.074690381227239 8.305789532475753
2459339 zr 4.396258034050743 18.20556705191008
2459340 zr 3.721362088614886 10.117156567563324
2459341 zr 4.237241088558164 3.7731161603037453
2459342 zr 4.131374970878029 13.810918794249282
2459344 zr 3.7350973790126374 11.519111322125095
2459345 zr 4.2255493189742825 2.626176999875028
2459346 zr 4.052234913930571 5.910687415012829
2459348 zr 3.7145133961336683 9.19587199864573
2459348 zr 3.8273185833261505 -1.9903856647210159
2459350 zr 4.896043652254753 14.762489294318252
2459350 zr 5.035353495566798 10.701539343519366
2459354 zr 5.829373892489516 1.3396069467995781
2459354 zr 6.131275773295974 11.695114607987321
2459358 zr 14.20704162864348 22.57557025841242
2459361 zr 5.51560539845168 4.849956938837238
2459362 zr 4.952562496515295 4.022951630703268
2459363 zr 4.063447135901498 6.650446092549864
2459364 zr 5.829373892489516 15.469395139837339
2459368 zr 4.210010461189142 0.7265003015872127
2459370 zr 4.662783824947239 9.198789609348568
2459370 zr 4.184991826186354 18.501117933346038
2459376 zr 4.966265855578937 4.795286690819299
2459376 zr 4.441024560493161 7.120653647098723
2459378 zr 4.3881672816255906 2.2976485510117
2459378 zr 4.603045642398859 4.045889865025951
2459382 zr 8.181440286284552 5.739872254890352
2459386 zr 9.342761811884417 9.592998304687423
2459386 zr 10.357756407118467 21.615629317399875
2459392 zr 4.539889488522129 -1.5067376705381692
2459392 zr 4.620035165886996 -9.156086269358664
2459396 zr 4.175256636355801 -2.978529981679908
2459527 zr 8.525593266460586 23.541428941012494
2459527 zr 9.996361141249762 36.92581919677252
2459527 zr 11.123031923393363 5.3453197847070415
2459528 zr 8.346888454757297 14.708617166600002
2459528 zr 8.331527070715518 13.950507584356737
2459528 zr 11.279761755706275 25.080960494092047
2459528 zr 9.53400283894498 0.9071687131162296
2459528 zr 7.912698350176396 -6.719379028454616
2459529 zr 13.938127396218096 23.127246685684867
2459532 zr 7.062068480930273 0.44270174840198084
2459532 zr 7.995207968784634 -5.513306446430653
2459532 zr 5.997232009462854 0.08976088457915754
2459532 zr 6.438347806551729 5.418158703612158
2459537 zr 7.449398783368406 -12.196579101826241
2459537 zr 8.687867136885542 10.030125165893399
2459537 zr 8.1343828661398 18.444810599572893
2459537 zr 8.865702841966904 18.075236145290294
2459537 zr 9.960930887974202 -10.071291113838324
2459537 zr 8.42616123193059 0.42137018456512365
2459537 zr 8.164406311376323 5.583548157275036
2459537 zr 9.791871219593368 -3.5881875513846033
2459537 zr 7.7432133154162734 2.9941387519088813
2459537 zr 8.205653435382358 -11.784744590458072
2459551 zr 4.515264281937199 11.009028879833238
2459551 zr 6.896925422037489 10.937819650699282
2459670 zr 4.210010461189142 -3.5460150114403386
2459670 zr 3.6974467573362735 2.6427987320586586
2459675 zr 4.082203155688162 4.079351774802928
2459677 zr 4.860100850235671 7.041302576047735
2459678 zr 4.363984254777998 10.313278502923836
2459682 zr 7.233224166154732 -6.241052458949435
2459687 zr 10.449606266054124 6.614240099164
2459687 zr 9.334975246101743 23.351611594496298
2459699 zr 5.925852677860501 -20.59040787394513
2459699 zr 5.728249311733875 -10.34538725976039
2459699 zr 5.8347454175590485 -3.1187198997514445
2459699 zr 5.770612492513858 -7.470684814664129
2459699 zr 5.807937197505254 -4.937885843346966
2459702 zr 4.280388366030196 2.5430626754892964
2459707 zr 4.93225226872022 12.810360353234833
2459709 zr 6.355861632837246 -1.4185680531750697
2459709 zr 6.576191236314392 11.871422362110431
2459709 zr 5.829373892489516 -3.566065553734679
2459709 zr 7.354140531268907 0.09412304592650367
2459714 zr 7.967484434086511 12.753395442450522
2459717 zr 4.811109940534257 2.611728851487754
2459719 zr 4.284332565499899 2.7615722832888783
2459719 zr 3.9929568232848616 -5.101330912458444
2459724 zr 3.9929568232848616 -5.140811881090327
2459724 zr 4.5608446662882365 -4.002425307343016
2459726 zr 3.6033125055359045 -8.049749667198427
2459726 zr 3.963643756089495 6.293219206229678
2459730 zr 4.070939180452063 2.5096346656251094
2459730 zr 4.0150838009322 -3.0034751321222948
2459730 zr 4.323975006643085 6.262192008568869
2459730 zr 4.54825998115193 -5.100143947146384
2459732 zr 4.4243072696814085 -15.467834080351533
2459732 zr 4.27251085695662 -12.752537632962653
2459734 zr 8.37972497045368 -3.763507442369617
2459734 zr 7.892775771392982 -12.40742445147069
2459736 zr 4.004005027343594 -4.142894434712434
2459736 zr 4.714604661285695 8.746751374421489
2459741 zr 11.988641492814219 -13.146024185199991
2459741 zr 11.043326866354759 14.06404306795136
2459743 zr 7.7432133154162734 0.9334947422454634
2459743 zr 7.629941772539433 9.420129564711791
2459747 zr 3.7145133961336683 3.8645692481353184
2459749 zr 5.143159165088103 -0.5829910885191945
2459749 zr 5.475114273998455 11.196670208755663
2459751 zr 5.644453655965039 -2.0956914083626375
2459751 zr 5.55639597440078 2.7224608959532643
2459756 zr 4.063447135901498 1.576548561921776
2459756 zr 4.701595708000575 7.5125786453598025
2459761 zr 4.0485043858834855 0.06597499901842152
2459896 zr 9.90512499303059 -1.907397971508564
2459896 zr 12.412289811349668 20.805367459644152
2459896 zr 11.047490143877592 -13.40987924074752
2459896 zr 9.604299466507953 -14.121964484250915
2459896 zr 9.42920932257139 -6.579244361481036
2459896 zr 11.530600017714894 5.233257260728616
2459896 zr 12.627100963597282 -15.458976432865674
2459896 zr 13.840823173878798 -10.304356582688987
2459898 zr 12.623214827374065 5.583990526504637
2459899 zr 8.783655151105556 -19.2086528115073
2459899 zr 8.922268263313805 -13.420296104634295
2459899 zr 9.711038884307396 4.498632171683889
2459899 zr 8.74665380990756 -6.143704630245102
2459902 zr 6.199417006156489 -4.426381607628846
2459902 zr 6.297248770987551 1.8218236307515185
2459902 zr 8.136352672846556 -1.9365301215349773
2459902 zr 7.320170955004149 -7.555100708394425
2459902 zr 7.199813115752896 -13.777808498944117
2459902 zr 7.415171904976788 -2.6433878097415597
2459902 zr 7.049071644246396 -3.348944616492295
2459902 zr 5.948697864647462 3.3062619814133516
2459902 zr 6.143585569143127 16.53105177098508
2459902 zr 5.91046856131127 0.7120783117393417
2459904 zr 6.222298626071073 -2.9746097336061537
2459904 zr 7.012219948149179 0.33323930867270657
2459904 zr 6.852602334860205 -8.78795130527045
2459904 zr 6.791636505771836 9.289402793487955
2459904 zr 7.215318887578144 11.939127292146726
2459905 zr 6.8589167222904734 -8.431904573426415
2459905 zr 6.149246627176131 16.900815275715807
2459905 zr 5.566640666847494 2.5489717229035227
2459905 zr 6.04814105988553 10.039941843839777
2459905 zr 6.031452495273537 8.907480668546917
2459907 zr 6.7648088568479805 0.5238372601322976
2459910 zr 7.353959328934429 -5.846288890258253
2459910 zr 7.5530302433501975 4.446020590480171
2459910 zr 6.852602334860205 5.526516984450805
2459910 zr 6.610823007563351 -8.289723500194471
2459924 zr 5.55128070061645 1.3487550246787123
2459933 zr 5.597858438340838 -6.301329559842834
2459933 zr 4.50280536622025 6.898253847681126
2459935 zr 5.644080352421499 8.016689121307524
2459936 zr 5.077266558307672 7.578257670079056
2459937 zr 4.376059063169286 -4.587097541421226
2459951 zr 8.074666790534465 -2.086243327345335
2459969 zr 4.380091419198764 -4.356303904837523
2460016 zr 6.103105120014988 3.293938344138774
2460016 zr 5.765300008857447 -9.61035728836459
2460020 zr 3.762720234947666 7.683099006105788
2460020 zr 3.8984737483154994 -1.7139006985838314
2460030 zr 4.705928032479668 6.490024401426669
2460030 zr 4.158096978671301 9.534417513744561
2460036 zr 5.9816625849054414 5.0031065222045426
2460036 zr 6.947931529240519 10.47202251119634
2460043 zr 6.821117487075575 3.2022310192725683
2460043 zr 5.91046856131127 0.14885746123445065
2460045 zr 3.941800262618048 2.478352479322875
2460045 zr 3.6400045703123585 -5.724801378560945
2460049 zr 5.030717898706994 3.5419281456574154
2460050 zr 3.7247911686705595 3.4646244880655273
2460051 zr 4.26072176791491 -1.1080184525464118
2460054 zr 4.248965208368178 -16.524262791015644
2460055 zr 4.916204778745089 -5.358017369996042
2460056 zr 4.085964735747035 2.3296250007258834
2460057 zr 3.9929568232848616 7.489253128817506
2460058 zr 4.074690381227239 1.2105104012128802
2460059 zr 4.884610791619526 -7.820810223936762
2460060 zr 4.684306257196676 -9.756421273877633
2460061 zr 4.943447936651191 -3.2640846133743198
2460062 zr 4.037333395267233 -2.4892413999079217
2460063 zr 4.607287157100136 -1.85527896236455
2460064 zr 5.143159165088103 -2.1282380223826323
