jd filt fluxerr adjflux
2458384 zg 7.19073554510256 2.2787890236539576
2458430 zg 2.1467268321424693 0.2786790385240088
2458495 zg 7.558122593023465 -5.815292598231857
2458727 zg 2.711594779177578 1.0934189491231194
2458734 zg 2.7553781807673534 -3.4933128725189198
2458734 zg 2.6991960231012473 1.5952205207014398
2458746 zg 5.989473304230177 -0.3850157965109624
2458746 zg 5.95189868476701 -4.852698554844905
2458749 zg 2.9985809757774873 0.904703776893071
2458749 zg 2.9730374522899568 -1.264442710556929
2458758 zg 2.7512727623994504 1.7775742385793567
2458758 zg 2.782227597203953 0.6413125217841813
2458760 zg 3.1239345687424525 -4.622684754312812
2458760 zg 3.241433554676704 -2.9914666565655894
2458766 zg 6.243746774963017 13.759123469886603
2458766 zg 6.30076612796267 6.324714850023774
2458768 zg 7.498409414843459 1.1862605028059665
2458768 zg 7.4031567246445205 11.281927135760315
2458876 zg 2.437338122301064 -1.4465957314419047
2458876 zg 2.663127234452722 2.4245476235741474
2459084 zg 2.2631613684384133 15.689580469550553
2459084 zg 2.50128507859343 19.567861305997507
2459091 zg 4.606047654368169 29.764528256475728
2459091 zg 4.13892722923064 22.292631183874995
2459092 zg 6.193297343927771 21.734587597049195
2459092 zg 5.397139511242119 23.551408137004987
2459107 zg 5.089343447190863 30.296281743620536
2459107 zg 4.93152245929275 23.803297056183897
2459118 zg 1.9960746749964877 23.7191130437526
2459118 zg 2.093301400239008 22.956451164194625
2459120 zg 5.1427236541092105 23.04112492708403
2459120 zg 4.9028790221473315 16.410144453457107
2459121 zg 5.75465462279361 28.37912368697237
2459121 zg 5.988802314691606 23.031240060864967
2459122 zg 7.303879671659133 17.9096658613591
2459122 zg 7.447511983024762 34.06466140023733
2459128 zg 22.656565401625418 -4.011638232814654
2459128 zg 19.70371713249163 16.442796199731003
2459129 zg 4.607461973995948 27.32709680107727
2459129 zg 4.53976766385174 18.12303074711765
2459130 zg 3.723362052627019 25.24736262761335
2459130 zg 3.4066538301777998 24.118431036576894
2459131 zg 4.618170164126694 21.00901410227167
2459131 zg 4.728897690421363 30.690426115604936
2459135 zg 2.3747876901040854 21.953470647649517
2459135 zg 2.2595152955260915 24.3751352839609
2459136 zg 2.2122511287930218 20.042468715505294
2459136 zg 2.2001002905914935 24.598778844313152
2459881 zg 2.423038293014613 -1.7051511553277645
2459881 zg 2.414127913653048 -1.8414092042148222
2459904 zg 2.9818772134883638 -3.73350419439221
2459906 zg 2.890434899569007 2.9055703915836553
2459906 zg 2.8958763978887188 -1.0563406387183285
2459923 zg 5.3745954110818825 -3.4680978299774927
2459923 zg 5.61662198143756 -4.596824475872145
2459935 zg 3.888658177577356 -2.410767026821105
2459935 zg 3.647604931579424 -1.762638597808639
2458356 zr 6.913369292648908 23.612104737517274
2458386 zr 6.636224072757083 -6.873743791780005
2458423 zr 3.09502825726381 3.1271760948064276
2458425 zr 4.171853221594293 -0.6345887747063126
2458429 zr 2.8593322223151576 -1.5247427065086412
2458432 zr 3.688014790695813 -5.9666240203219685
2458739 zr 5.234733951153847 -5.254503769004252
2458740 zr 6.958517586680335 -2.5573081078304067
2458740 zr 6.9992078455592734 6.948958431875328
2458748 zr 3.9518143291185956 -1.7991254463565252
2458748 zr 3.6684440769548323 5.426614496889558
2458761 zr 3.620852566727544 1.1909259426648269
2458761 zr 3.5222103229713437 2.2115388853263775
2458773 zr 7.530421119550502 -0.8123904857736701
2458773 zr 7.589099962442557 1.5946990336042706
2458775 zr 3.8914887683687094 -4.872162938015236
2458775 zr 3.940175091582195 -0.10878957663861333
2458776 zr 5.041309041013715 3.767589469562462
2458776 zr 4.82716268422833 2.5068136079279837
2458777 zr 4.403822261854022 -5.498096899160565
2458777 zr 4.57927296031199 7.378142434995496
2458778 zr 4.63545036971571 0.20254337116544896
2458778 zr 4.8360628413298175 2.649871725743525
2458783 zr 3.620700934592893 -5.2043506369939765
2458783 zr 3.663815947453448 -2.5020224311184593
2458812 zr 2.9334371289547048 0.20569193083073722
2458812 zr 2.879320146172186 0.15425181423625967
2458833 zr 5.204022356753723 -0.30693500189473566
2458833 zr 5.174420986102412 -9.113560817667917
2458859 zr 5.925431086782704 3.0048903421791597
2458859 zr 6.170494245166143 5.380550552083406
2458860 zr 5.9372399507946 18.84658659470447
2458860 zr 6.422359529341811 8.984248388678957
2458861 zr 4.825352227343153 11.940934533534183
2458861 zr 4.920684658662399 1.8612556632497084
2459061 zr 3.2330382416380266 5.005858403130944
2459091 zr 3.116246214526685 9.793867362195341
2459091 zr 3.736237072452456 10.669164053142486
2459094 zr 10.007550837746503 21.897931525920953
2459094 zr 8.996131395029142 2.055957899687586
2459096 zr 8.984381757439962 19.93087779422278
2459096 zr 8.102271501315682 -6.0885819828525936
2459874 zr 2.3673352268757264 -1.3030735239661992
2459874 zr 2.4448924568166537 0.5275067475037063
2459879 zr 2.798831702954756 -3.883036755697064
2459879 zr 2.883182312524678 4.184717140290359
2459882 zr 5.220888741487156 5.778783477549212
2459882 zr 4.7031296155669065 5.8368200751928265
2459883 zr 3.2202798787432734 -0.8146244670856789
2459883 zr 3.474416692812454 1.734426584373459
2459896 zr 4.85897246931036 1.3701308208196061
2459896 zr 5.203576323234629 -0.7501162939697442
2459904 zr 4.683218690911166 -0.7733915166749087
2459904 zr 5.105350158641985 1.077533296642319
2459910 zr 3.410175513382365 -2.0255164066123252
2459910 zr 3.592906078017631 1.8178039760348814
2459913 zr 3.7635399603765904 -4.908474641595811
2459933 zr 3.620889617443841 3.1331853542980235
2459933 zr 3.6240696162819357 -6.902885804018771
