jd filt fluxerr adjflux
2458320 zg 9.120103917994088 32.16734862325026
2458327 zg 12.41683304356243 21.085246986423503
2458330 zg 8.629781242723775 22.775153661317542
2458333 zg 8.41007341356501 18.30038724924785
2458337 zg 5.129389672983417 31.102076616600115
2458340 zg 4.649882060690618 27.401230660555793
2458343 zg 3.7647134413296603 30.465868148408916
2458346 zg 3.938412704170212 30.35598706798224
2458349 zg 3.372674538848083 30.81973745025379
2458352 zg 3.2327672222173023 23.04146818096279
2458361 zg 6.152504035874207 38.83476762282026
2458364 zg 4.725799335672044 28.12896833630564
2458367 zg 3.19411722127909 35.49067582843145
2458370 zg 3.3976171021734305 37.150454982118774
2458373 zg 3.5121611454062376 44.787317709239694
2458376 zg 3.156100690993992 35.245816220105056
2458379 zg 3.2088605964971295 39.362189938797265
2458382 zg 3.214776983678128 40.49630432157961
2458384 zg 8.212434774225477 22.536658703895576
2458385 zg 6.806183487034958 35.66653998674929
2458388 zg 7.512256091263854 34.91937944499346
2458388 zg 8.46447032715512 32.255301259936736
2458388 zg 7.598908573917543 33.15785343475934
2458422 zg 5.574721599233358 47.90245689064296
2458425 zg 3.3664675613474255 50.093940556128736
2458428 zg 3.0145459742799443 52.49065960163595
2458430 zg 2.894822313873349 53.4855067815661
2458430 zg 3.1677496406213135 50.84350836984595
2458437 zg 4.241550184284642 59.990200761866824
2458441 zg 6.763422780699546 40.19100078524445
2458443 zg 7.876825408340424 64.66656511231243
2458443 zg 9.236454019173914 45.378964835804695
2458450 zg 10.04916373705136 42.85511032810723
2458474 zg 10.502433877787231 66.2408411528873
2458483 zg 3.6665324238083814 75.1968297416812
2458487 zg 3.61955791427159 73.88756883916442
2458493 zg 3.695999677085081 69.77479704270839
2458494 zg 3.412365401229375 72.99319506657196
2458494 zg 3.7543255117345695 73.28949961462055
2458503 zg 10.648537286635108 79.09147073507539
2458514 zg 3.214776983678128 81.85767064956522
2458538 zg 7.152955538526354 89.54480869173291
2458695 zg 4.114571463869075 137.64631777669157
2458698 zg 4.035753292616085 134.3971207354135
2458704 zg 3.757784966210694 140.4539400739819
2458707 zg 3.6824081629360843 136.9505837058897
2458712 zg 6.702000095806826 140.11356120302003
2458715 zg 6.490107752400452 158.73073873554358
2458720 zg 5.637673581636853 150.45588181944538
2458722 zg 3.573185228008444 143.90149140412606
2458723 zg 3.338677220916511 141.26147252791068
2458725 zg 3.1823713086168945 143.44155577182295
2458730 zg 3.573185228008444 145.13408639513895
2458732 zg 3.4312750304337825 137.311429864081
2458734 zg 3.393559982288922 143.9520037905373
2458734 zg 3.719905648552494 143.45438082020033
2458735 zg 3.4908559223567206 131.1556990815434
2458738 zg 6.211120762468344 134.71754911392918
2458742 zg 11.230918755868805 130.1334751779067
2458743 zg 12.38269812777123 149.4903365782813
2458746 zg 6.428411258168953 140.14921194173792
2458746 zg 6.182583254785525 143.30261444190492
2458749 zg 3.8169917711197283 149.17760682692114
2458749 zg 3.933006007371896 145.93287052545935
2458749 zg 3.942041787321298 147.12510143850622
2458750 zg 3.9620924935619706 138.95267541818336
2458756 zg 3.447113076361757 140.9636000460781
2458758 zg 3.5919635802414476 139.14785472164678
2458758 zg 3.459836132600377 150.37832952346974
2458758 zg 3.5853530292176434 147.30679580942805
2458759 zg 3.244522948870045 151.45049154067118
2458760 zg 3.5600453465618656 147.74749753146367
2458760 zg 3.513435010389137 143.56321439082683
2458760 zg 3.4439396295389733 149.63055800344443
2458763 zg 3.572168402409392 138.45735882250358
2458765 zg 3.2357460824685607 148.36680734896504
2458765 zg 3.4417112707842272 152.27254841408353
2458765 zg 3.2179140060315516 147.29120007153864
2458766 zg 6.513350206215035 149.69438263623374
2458766 zg 6.511567180190396 139.30457816325415
2458766 zg 5.217469996317457 147.0523842245136
2458769 zg 10.973721663229858 146.86147732223083
2458775 zg 5.261383116552155 142.20083667305545
2458787 zg 4.191067058630262 152.3978284343096
2458790 zg 3.3294648480620737 146.42286840439652
2458793 zg 3.520914912407642 295.803877494011
2458804 zg 6.473959426787366 140.61197143749914
2458811 zg 4.110783548169791 139.0713133989345
2458811 zg 4.202663418455024 143.60573620153258
2458814 zg 5.155845880202887 127.71892403185205
2458819 zg 7.306098542600621 140.9591795251489
2458831 zg 8.231135681361499 120.71894721441964
2458831 zg 9.698515686695181 137.45814927013961
2458836 zg 3.351000047903413 126.23675795970986
2458850 zg 4.219196624098634 116.97362249940792
2458856 zg 6.600395709133735 119.94735403260903
2458859 zg 7.760429996097144 119.42101769457712
2458861 zg 3.6688666296509864 112.23826312483833
2458862 zg 3.22070427929102 118.34218511101285
2458867 zg 15.838748203106567 112.87686932384483
2458867 zg 3.5231564145163947 110.34145441675471
2458867 zg 3.740519512608251 113.62359685881225
2458867 zg 3.7061349040315705 110.69409475224361
2458871 zg 3.940257549040677 103.38126267514158
2458874 zg 7.2637672576495405 104.87220464765599
2458876 zg 3.385122847586947 111.09276993250131
2458876 zg 3.226817726295879 110.0618211057054
2458876 zg 3.2357460824685607 110.60036774713075
2458877 zg 4.35023953204923 103.30823640967301
2458880 zg 4.084365600109871 106.88974770391975
2458893 zg 3.7786087385755596 105.44629297298171
2458896 zg 3.9711950974847463 104.51409980408441
2458899 zg 3.6654890342860638 97.07508485299265
2458904 zg 4.194928952238173 103.2921223485756
2458913 zg 7.69771663987819 102.01032246301514
2459064 zg 8.27474473854587 56.6069068176203
2459084 zg 3.412365401229375 52.03324779910823
2459084 zg 3.357178506932947 51.01976520989901
2459087 zg 3.463972487945185 56.900204431595064
2459090 zg 3.463972487945185 56.345039215129894
2459091 zg 4.199811176499057 53.99284523420872
2459091 zg 5.1222404366531595 45.840575958454544
2459091 zg 4.422961618287437 55.82728503302696
2459092 zg 6.001390787306989 50.658752907579995
2459092 zg 5.880047656911541 43.323851388723384
2459092 zg 6.022555986955176 47.87462943013496
2459093 zg 8.46447032715512 42.38941933619846
2459107 zg 5.741850852150458 47.7028766328062
2459107 zg 5.654782024902187 38.934679426292966
2459111 zg 3.2387276876153868 39.03687770913287
2459114 zg 3.394489221840206 47.92327817827763
2459118 zg 3.0201040908208276 47.441923487382454
2459118 zg 2.894822313873349 47.45829523989157
2459118 zg 2.8841770157469027 46.73592114074616
2459120 zg 5.826707051248191 53.04632313678804
2459120 zg 5.803147680419042 53.93655505445302
2459120 zg 5.412814996223209 46.58487698682095
2459121 zg 5.997496087017471 36.572306721999404
2459121 zg 6.565767888046378 38.12092963891404
2459121 zg 6.801126394211686 59.18917791465625
2459122 zg 7.150743818320612 35.21246615378352
2459122 zg 8.03636698135203 40.04163060552879
2459122 zg 7.441929055767727 54.472604644446285
2459123 zg 9.53392943690494 48.70480889568786
2459129 zg 5.136413281511381 48.397750488434184
2459129 zg 6.146839979038143 49.26658685011802
2459129 zg 4.9347561061335785 47.66532716454941
2459136 zg 3.173590228830999 42.29152350433577
2459140 zg 3.173590228830999 41.67283381832472
2459142 zg 3.0312510863915483 44.37586053359951
2459143 zg 2.902640081597017 48.62759517323547
2459144 zg 3.3141673466424755 38.282073823296116
2459144 zg 3.1970604671654503 42.56201584008292
2459145 zg 2.908184206567412 35.569864768823386
2459149 zg 5.393863190401117 39.56778120555587
2459150 zg 5.673135853549637 42.795243244575296
2459150 zg 5.681508003143398 36.465317854314755
2459152 zg 8.620872445944885 60.039484157470845
2459152 zg 9.933568079984601 44.590855983460905
2459156 zg 8.625224036796602 54.38279645807341
2459157 zg 6.934328788424041 45.5887859563189
2459158 zg 6.200345194247645 40.308052113827166
2459158 zg 6.109643487099405 37.32386643854799
2459164 zg 3.5830719563868842 40.207152902333775
2459165 zg 3.3664675613474255 38.37641224492758
2459165 zg 3.2355703747929625 41.961180387809364
2459166 zg 3.304843134062983 46.245409351095326
2459167 zg 3.3788929605611124 38.84639631337853
2459168 zg 3.253500294030227 42.68781588986598
2459169 zg 3.7716546909335626 39.50966062862433
2459169 zg 3.659784638334911 43.893330952575255
2459170 zg 3.274721974235915 32.14747001373434
2459176 zg 3.4290548661520326 40.63911182210979
2459184 zg 10.231844719519826 21.029881533831087
2459190 zg 4.6584553538548725 34.277383087099025
2459193 zg 3.244522948870045 38.79840038351072
2459195 zg 3.351000047903413 33.45634427527555
2459200 zg 4.011633263070705 38.11341699980498
2459204 zg 3.5371667172313805 32.3423096360173
2459211 zg 9.504175401743689 58.68443303620961
2459218 zg 3.394489221840206 33.303194122112075
2459220 zg 3.357178506932947 30.82199487989032
2459226 zg 4.171810854644095 33.525102472880675
2459228 zg 4.045025126580692 36.55006794942159
2459230 zg 3.8100609623911477 34.028893234981254
2459232 zg 3.5371667172313805 29.09987761290357
2459248 zg 3.7267642830838983 27.575761330441914
2459251 zg 3.159008906232237 26.70771658192209
2459251 zg 3.3664675613474255 28.01268716291273
2459253 zg 3.6891976608887704 25.021915964985055
2459255 zg 3.4385427969177464 31.952304713584297
2459255 zg 3.33253281114513 25.5579225125163
2459257 zg 3.2118174277892257 29.470837657569454
2459260 zg 5.681508003143398 23.03006732913625
2459268 zg 6.237073270406677 22.429546536409788
2459270 zg 9.956116182460747 16.096673889302874
2459276 zg 5.094011959922535 20.02389581089377
2459280 zg 4.37031932538995 19.833363758428195
2459434 zg 3.809967084399837 8.193276864446847
2459436 zg 3.6251996100410246 7.906470073820222
2459449 zg 11.488534120905113 37.22997832898278
2459453 zg 6.020930619623131 21.115264274145574
2459459 zg 3.305022603596339 9.301083667839965
2459461 zg 3.2088605964971295 14.789931066858427
2459463 zg 3.3757823178601813 13.37725091557788
2459465 zg 3.3757823178601813 13.282306590556773
2459468 zg 3.05085741980958 16.545094390503515
2459472 zg 3.0644380792310844 5.04860365651756
2459477 zg 9.227747211147458 -5.360691264287992
2459479 zg 10.962096438535541 0.9807438638666444
2459484 zg 5.509344463574782 15.056444927763843
2459487 zg 3.6970517515290404 19.923729991515074
2459489 zg 3.3141673466424755 8.47852094754407
2459503 zg 3.3448329595400152 9.736314728056357
2459511 zg 10.26015544597177 -3.534039879836321
2459517 zg 3.31111629098998 7.139930317064055
2459521 zg 2.8261368508874476 11.824797977595278
2459523 zg 2.995172996345312 10.433227285257427
2459525 zg 3.1127973661138606 5.91336610556621
2459530 zg 3.7233333865593483 9.048161915304677
2459532 zg 5.715091443586721 13.681844889368671
2459538 zg 9.833218482127387 4.334471317797314
2459540 zg 7.804802545347195 18.402122821794514
2459640 zg 5.18393992844798 4.543427642839146
2459806 zg 6.453285006896813 6.475017912614687
2459811 zg 4.04875244863534 9.658924375516547
2459814 zg 3.4132997901633506 6.1768847352160865
2459819 zg 3.079086655951276 9.167212186632055
2459825 zg 3.4726061487606663 -1.4142386058215837
2459827 zg 3.8311744222858732 8.103779981403306
2459839 zg 3.9023051194633513 1.7278128317385093
2459839 zg 4.7871306118169095 -0.12189639959242449
2459841 zg 3.006227972968555 3.9457577730548623
2459841 zg 3.479008820950785 -1.247884045684958
2459843 zg 3.4258980438984303 6.569103006939679
2459846 zg 3.2836045616013516 9.601016122107826
2459848 zg 3.304843134062983 10.933753350429145
2459850 zg 3.268517769058173 8.590235190986423
2459852 zg 2.9242999147458244 -1.74437068779799
2459856 zg 3.003460409387656 3.5811232903517105
2459858 zg 2.805389634456188 2.8087798878827024
2459861 zg 5.71610143348847 13.720073855481676
2459863 zg 11.210675038575738 -0.770231659648279
2459878 zg 3.7647134413296603 3.902477646246144
2459880 zg 3.457597488208955 8.064794822905835
2459881 zg 2.870925426075229 2.8311247738980616
2459881 zg 3.027964996067504 1.4009375359335299
2459882 zg 4.538508682839709 4.803762237783082
2459889 zg 8.0347132986955 2.287900980678214
2459894 zg 8.569482681441258 10.82256959954309
2459897 zg 4.365457504665491 5.4091542136563024
2459901 zg 3.476757771107313 9.007874676502668
2459904 zg 3.5361601414630783 -0.24997480986304899
2459904 zg 3.4726061487606663 6.221813807848134
2459906 zg 3.6251996100410246 4.564483278974841
2459906 zg 3.241712040187067 3.2997448314473767
2459910 zg 4.04875244863534 8.535628767906571
2459913 zg 3.4290548661520326 6.016058101080105
2459922 zg 7.324229096738495 6.41970250658796
2459922 zg 7.364816325872169 7.521378109619015
2459923 zg 6.692216359858221 15.205643824903671
2459923 zg 6.762443552849719 6.044812956705794
2459924 zg 6.338928728383085 16.154896882401026
2459924 zg 6.271976604756355 -3.244144053113423
2459934 zg 3.250505089073993 6.5907961855947015
2459935 zg 3.539418565643799 -0.35575864401412094
2459935 zg 3.6891976608887704 7.775270677154988
2459936 zg 3.663156977336736 8.301571905144275
2459953 zg 7.765517174139613 -5.090630914893682
2459977 zg 7.587269763249351 15.430520191673732
2458324 zr 5.804060417723227 9.7657791685364
2458333 zr 8.407366120059045 21.501623042228402
2458337 zr 5.128033460738222 23.380504893637735
2458340 zr 6.456984813342566 0.9628782249142009
2458344 zr 4.937997324858719 11.917070051086458
2458346 zr 4.91078420507168 10.375939422264807
2458349 zr 4.49151845005686 22.145676343624395
2458352 zr 4.0966604074716395 15.048837558643875
2458355 zr 5.594121885468714 1.3372299941736507
2458355 zr 6.5814958193406 22.457846410121316
2458356 zr 7.285003503352052 27.67783768814739
2458356 zr 9.908681498641016 23.76033932787736
2458358 zr 7.424067940287855 20.38581439329937
2458365 zr 5.409715601258843 25.015997708026006
2458368 zr 4.738292989945769 20.570005661441712
2458370 zr 4.668978903440499 16.087202668568995
2458373 zr 4.329055842307363 12.93960364181142
2458376 zr 4.107995551362279 18.51710166476821
2458379 zr 4.385238193789559 17.689346491687722
2458386 zr 8.478127174659814 18.50886399273391
2458386 zr 7.421867053574367 22.881329912647193
2458389 zr 10.89849516762398 4.860809559013671
2458423 zr 5.118595968935552 32.728809915023945
2458423 zr 4.55819801850767 21.782341135918283
2458425 zr 6.793806459964006 13.439018839093727
2458425 zr 5.734980223303002 17.427733535416017
2458425 zr 5.556156040116669 27.262621632364322
2458428 zr 4.699178169187101 25.387049878965442
2458429 zr 3.8392401724084806 13.321644040887467
2458429 zr 4.35304531329242 21.73057484321669
2458432 zr 4.66007802210488 30.402186328497702
2458432 zr 5.8147617453816 22.73067487689509
2458434 zr 5.901085737621099 27.698547623243364
2458437 zr 5.006691710411501 27.534639162271606
2458437 zr 5.645883657974037 14.270097689407056
2458439 zr 6.055247856467929 22.807758056275745
2458441 zr 7.313296322284922 25.22152436553752
2458441 zr 8.615165459904661 10.08195448890963
2458441 zr 10.214470742733956 44.41385965928062
2458443 zr 12.097225762123252 15.0156194939889
2458447 zr 9.612046626238854 25.466112445333987
2458449 zr 6.500117745376155 31.6093433989677
2458455 zr 5.69812437626349 19.738214589473447
2458455 zr 5.7880453419612685 24.619736990718085
2458461 zr 4.621914545949816 24.947055113101104
2458464 zr 5.852372010673771 29.47517548635021
2458474 zr 11.515572278463294 42.34009440475907
2458480 zr 6.589155624531106 25.309159300214358
2458487 zr 4.600678777574263 27.573348579897164
2458490 zr 4.699178169187101 34.739962094157676
2458493 zr 5.621542908080683 37.58322139413158
2458503 zr 8.840231188580308 27.59636296852571
2458514 zr 4.874733189807552 31.132528404579347
2458523 zr 4.773334963784186 45.214742165764086
2458542 zr 5.45827647410337 36.41582305097807
2458547 zr 5.642291634618769 47.777584771379566
2458692 zr 5.616367659376727 67.86239506531362
2458695 zr 5.619943178883815 52.327613617413846
2458704 zr 5.554635045466775 65.56081489963627
2458707 zr 4.901746532826582 61.492356029236646
2458711 zr 7.678480344816961 69.44902480579876
2458714 zr 6.443541200305681 67.06939538673151
2458719 zr 7.3667388919000905 57.1249844363939
2458722 zr 4.4054795336129065 68.62047065912137
2458726 zr 4.107995551362279 68.6393163343454
2458730 zr 4.983688051552595 68.64265878599768
2458732 zr 4.329055842307363 63.84011707661938
2458735 zr 4.816713890857752 58.326823453258115
2458739 zr 6.2448873660180695 45.18305269142569
2458739 zr 5.9942095961319275 62.394103020948066
2458740 zr 7.773953482944844 74.66861850444134
2458740 zr 8.036370675957066 48.670772688002685
2458741 zr 8.361802908939463 64.14195746807862
2458748 zr 5.029801549335349 58.75044625856765
2458748 zr 5.325672228708015 58.75044625856765
2458750 zr 5.291446799255557 70.76255791520873
2458759 zr 4.417669156245442 71.77191546785092
2458761 zr 4.848662011984545 67.1437586690602
2458761 zr 4.562398207992813 68.35815980804891
2458766 zr 5.97766984397463 76.78604760049872
2458769 zr 10.322403843720439 82.00517894648567
2458770 zr 12.426568533652038 59.672256048030704
2458775 zr 5.468340257178566 65.02507078898049
2458776 zr 5.325672228708015 59.83228525673398
2458776 zr 6.717841686034694 55.716687012021154
2458777 zr 5.944727127563558 61.33786215740399
2458777 zr 5.606031450740043 58.968710303079135
2458778 zr 6.4080310841592345 68.85749041775594
2458783 zr 4.5876807461304105 70.79860870041952
2458783 zr 5.03443630181738 60.264718733366834
2458790 zr 5.365058156785122 76.39771935526252
2458793 zr 5.678786351775899 77.31155010725739
2458796 zr 8.065349351760316 44.70602151207579
2458801 zr 10.432057527082184 75.42101544970848
2458804 zr 7.100896304944022 72.30176022003594
2458812 zr 4.001706947328319 69.36444274863044
2458812 zr 3.8747642243448106 58.76241888141675
2458812 zr 4.587233532802986 42.09260916218017
2458814 zr 5.804060417723227 63.727252347756405
2458819 zr 5.782716809449059 61.390611450617
2458833 zr 6.650124330866417 58.203609668393995
2458833 zr 5.843264290833374 64.21460104300115
2458833 zr 5.699746359910291 56.01341085167661
2458846 zr 5.118595968935552 68.3688376649161
2458856 zr 7.060407456900028 72.6741685534978
2458859 zr 7.559190268996079 54.43678568399112
2458859 zr 6.98923696171176 54.73397657250179
2458859 zr 6.686976007188839 40.46546954596762
2458859 zr 7.706821085341016 60.60171346259479
2458860 zr 7.573788456111572 81.20099689350556
2458860 zr 6.387357491189939 54.83639450242966
2458860 zr 6.044103944782091 52.714124081569786
2458861 zr 6.4080310841592345 54.616323021364686
2458861 zr 5.529113815668274 40.35386683867814
2458861 zr 5.773717490109715 54.33150184699094
2458862 zr 5.518938186606803 53.54356040036077
2458873 zr 4.699178169187101 54.894132797628416
2458877 zr 4.924371966819968 49.75657083699341
2458887 zr 5.820119805966605 49.349964500691215
2458896 zr 5.128033460738222 59.28963686114754
2458899 zr 5.238107825369943 47.207090648320275
2458904 zr 6.190435795937919 50.441825127405586
2458913 zr 8.794743620386932 47.15867356088886
2459064 zr 10.441670233277907 33.46296090583179
2459087 zr 5.365058156785122 31.04413293100322
2459090 zr 4.28147278700976 17.070448866353807
2459091 zr 4.738292989945769 28.613331099262716
2459091 zr 4.242579260486477 22.13149265569205
2459091 zr 4.270020545013154 24.259635235383705
2459093 zr 6.494013253772629 0.6888847174698434
2459094 zr 11.582556562084967 56.142058615416985
2459094 zr 10.182441115409985 38.33114776020362
2459094 zr 9.09627586373076 11.434170897976731
2459095 zr 8.509419356393293 25.319444154122152
2459096 zr 10.592645293859709 26.11521449797837
2459096 zr 8.958250111870013 16.886600403807762
2459102 zr 14.917567408073191 22.71049411260178
2459102 zr 15.962308084544382 13.110573842405458
2459108 zr 5.209240807765141 19.857639573239954
2459111 zr 4.70350826600494 24.57172092015764
2459112 zr 4.3691121028358415 21.564621516144783
2459114 zr 4.389279008005328 22.863421408295725
2459115 zr 4.626173447559247 19.00203428061931
2459116 zr 4.500097377823982 10.36696068578929
2459117 zr 3.8075470729079024 22.916956749514036
2459123 zr 6.302670597377579 15.49405494503469
2459123 zr 10.639069673140483 16.64210854800723
2459124 zr 9.441737180193757 24.720549575951658
2459125 zr 8.338730284353353 16.487466889160416
2459129 zr 6.016185570224054 15.033471531073932
2459134 zr 5.223654375950904 18.693987560072216
2459138 zr 4.65180939630528 18.978802206055317
2459140 zr 4.321088766948391 15.938307785259465
2459142 zr 4.285417985728189 13.210966502437486
2459143 zr 4.014486156312101 14.283544440510084
2459144 zr 4.051631739372888 17.09223412423033
2459144 zr 4.111780898038712 21.756956927746486
2459145 zr 4.010790380149369 13.853095320498454
2459149 zr 6.7675233821881475 21.988553509413645
2459150 zr 6.0942634386093895 17.53480244858753
2459150 zr 6.674669480381711 17.53480244858753
2459151 zr 7.792472474971505 27.787152755803415
2459152 zr 8.239482332436474 10.790103686503013
2459152 zr 8.698075712357808 17.1045029539232
2459157 zr 8.788199896721988 30.987477520259166
2459158 zr 6.8364361966980915 24.616274861799088
2459164 zr 4.956223131868384 18.028561446776806
2459165 zr 4.446242933850586 23.253300932136835
2459165 zr 4.503946135745917 27.42999796068541
2459166 zr 4.257877749557775 9.552447808019526
2459167 zr 4.694852058699747 19.87637193759301
2459167 zr 4.755781702050847 24.010966920673557
2459168 zr 4.630436273569015 15.439166453864157
2459169 zr 4.520868883552371 7.938279076653977
2459169 zr 4.397371810193466 19.45122542748036
2459170 zr 4.425814303215823 21.44439248369405
2459176 zr 5.453251530113723 12.325469646475835
2459178 zr 5.6892567034053565 25.68412868849359
2459184 zr 8.353336186622325 24.11122688280427
2459188 zr 5.554635045466775 17.366881191417697
2459190 zr 3.9703607110128307 7.742303809386488
2459193 zr 4.165143462081846 22.666572329037663
2459195 zr 4.100435309285434 17.52828826519074
2459197 zr 6.083047723718784 13.913847735223325
2459200 zr 4.42989250662517 19.879016143724634
2459204 zr 5.085977493996417 5.778999449595698
2459211 zr 9.155111180358686 19.245913353475956
2459216 zr 6.043955021092099 10.80295832848751
2459218 zr 4.626173447559247 12.134908988112981
2459220 zr 5.189802731889629 29.556328929192944
2459228 zr 5.071668399020697 21.580889045904055
2459230 zr 5.3207693615147935 18.50554388036729
2459232 zr 4.05910199910031 12.252682649295503
2459248 zr 6.083047723718784 11.15014935137422
2459251 zr 5.52402365811252 12.16375089585875
2459251 zr 5.606031450740043 16.850005081542854
2459253 zr 4.417669156245442 16.163184095797106
2459255 zr 3.996041267875776 6.2084087749402865
2459257 zr 4.839738667715749 24.626686539417562
2459270 zr 6.662385602168191 10.10685572549399
2459276 zr 5.133037464336953 4.950439818542948
2459280 zr 5.109175845633352 21.462273869021512
2459301 zr 17.833301988077537 11.681067913120332
2459301 zr 18.13141773906885 16.987216504266712
2459301 zr 17.45949845626182 5.027755979369774
2459302 zr 17.641273070905545 24.46369356401552
2459302 zr 15.46908473626994 -0.40378526287285155
2459434 zr 4.269658969419691 -0.9820433674712126
2459436 zr 4.707842352826538 9.386801580871165
2459440 zr 5.7297005430705275 0.8676421628093571
2459443 zr 5.373478677507234 -3.1908219297961624
2459449 zr 18.27652473086433 9.658787536888147
2459451 zr 5.933640409662487 -3.665439690417668
2459453 zr 5.895653138988494 9.564204164069647
2459459 zr 3.8216004661290137 8.541747316658242
2459461 zr 4.018185337978533 0.943561522545755
2459463 zr 4.381201099587844 6.399363953828331
2459465 zr 4.305198576405571 0.8530023536774127
2459468 zr 4.28147278700976 -0.9313908100961763
2459470 zr 3.835705729453714 9.472090945823428
2459472 zr 4.621914545949816 2.7132309921316304
2459474 zr 3.772639271520098 4.117242035855633
2459477 zr 6.273712456411831 -1.413561967685828
2459479 zr 7.552064545382763 -7.387447044667263
2459487 zr 5.355184451248087 11.774703993817127
2459489 zr 4.609161351411617 1.4865336028478335
2459498 zr 4.081595520362199 5.071539475341534
2459517 zr 3.97401923292059 -3.6374524371919383
2459521 zr 3.9703607110128307 -3.9951092510441697
2459523 zr 4.051631739372888 2.271104532363375
2459525 zr 3.7970409529761313 5.142195047744478
2459527 zr 5.27170197497678 24.67116946573124
2459532 zr 5.752485463644533 16.615375511611887
2459806 zr 7.937345354654726 16.288456506311253
2459811 zr 4.8255947828321455 -7.004726195089136
2459814 zr 3.9850150381250447 -6.171117522076913
2459819 zr 4.134566339516826 5.395524037854098
2459823 zr 4.5964433466133645 -3.367730038924492
2459843 zr 4.446242933850586 6.435736722754969
2459846 zr 4.230872761347463 12.70401675021575
2459848 zr 4.630436273569015 -1.207851282379525
2459850 zr 4.161308989294491 7.28672115163123
2459852 zr 4.115569732754323 3.728422329625259
2459854 zr 4.1536506306321614 6.670673398863542
2459856 zr 4.579540578691624 -4.705803073339437
2459858 zr 5.247765669037112 1.0608093254247541
2459860 zr 5.9997330104318864 10.218104871649835
2459863 zr 10.580438155464211 -5.029569335618798
2459874 zr 3.5965257576791565 -4.1263991195220004
2459874 zr 3.5965257576791565 -4.1263991195220004
2459876 zr 5.338946019939624 -10.482989604990307
2459878 zr 5.23328557084344 0.08298577068443813
2459879 zr 4.273955190967929 1.8980557223710608
2459879 zr 4.246488620441315 -0.23204785200663847
2459880 zr 4.42173985424137 4.464291277481259
2459882 zr 6.337596858190973 -16.8023513030782
2459882 zr 5.832510507873936 3.7198574643718256
2459882 zr 5.539308206205841 0.9364181161076723
2459883 zr 3.8962362374857524 -4.171618891466038
2459883 zr 4.230872761347463 -1.4630138543507192
2459887 zr 6.150652963928151 2.372911364308411
2459889 zr 7.608083613875902 2.070449536162595
2459896 zr 5.843264290833374 4.266651412318868
2459897 zr 4.965361246199557 1.4476132298971613
2459897 zr 5.409715601258843 -3.3387195329463104
2459897 zr 5.642291634618769 -7.222439210517461
2459901 zr 4.413602205774879 3.7742251595301246
2459903 zr 4.9153092880316995 -1.7769335487822289
2459904 zr 5.901085737621099 -9.326967256317268
2459904 zr 5.345328917007254 -7.254914917984628
2459905 zr 4.804209211462311 10.295146989052217
2459910 zr 4.446242933850586 6.095834253513362
2459910 zr 4.454440764172713 -7.282103139097058
2459910 zr 4.524735406533725 -2.1940072583053167
2459913 zr 5.08570131494501 -4.911001520203237
2459913 zr 4.943356272287246 5.730153684717542
2459913 zr 5.057948860995433 -10.658546142404482
2459922 zr 6.071852649921512 -1.8613458859852243
2459928 zr 5.14696067799774 12.908023687993804
2459933 zr 4.246488620441315 -0.4780170677406408
2459933 zr 4.562398207992813 0.43320309693379166
2459934 zr 5.109175845633352 10.469902108996884
2459936 zr 4.325070470141101 -2.7861399926425943
2459937 zr 4.613103387500032 4.086989691998354
2459940 zr 5.271988254795557 2.137982713930529
2459957 zr 6.611874623760808 10.379225859121652
2459965 zr 5.325672228708015 5.280031171679518
2459984 zr 5.944727127563558 6.695367093859115
2459991 zr 6.497175676383582 4.597710187370208
2459994 zr 5.940944974055534 23.430849387382654
2460013 zr 8.107103044342649 9.887214397919518
2460030 zr 9.0411397796016 11.03959924050115
2460030 zr 9.308155347208228 9.836331798075708
2460030 zr 9.285882493394507 19.897133414358326
2460030 zr 9.277947426514995 -1.3763033714376534
2460031 zr 11.037876373213606 -0.7987938586553565
